gyro_rad[0],gyro_rad[1],gyro_rad[2],accelerometer_m_s2[0],accelerometer_m_s2[1],accelerometer_m_s2[2],magnetometer_ga[0],magnetometer_ga[1],magnetometer_ga[2]
-0.021829209000000002,-0.013139924,0.083711896,-0.26307043,0.07744083524191,-0.35632599999999925,0.8279780299999999,0.121942753,-0.3333771
-0.031463757945802334,0.052023173997874594,0.02325826167035069,-1.1543912192667376,-0.7570430848466946,-0.4993502529224241,0.828043367056323,0.12269376304640459,-0.3332577824123273
-0.06349505150159404,0.03275755919234856,-0.05670438804941553,-0.19892360498405948,0.06262400719647535,0.04316250053135029,0.8281087041126461,0.12344477309280907,-0.3331384648246546
-0.07396779732412327,0.049186122791710946,-0.09051283541583423,-0.5034086612433581,0.11159262880642963,-0.02646440488841506,0.8281740411689691,0.12419578313921366,-0.333019147236982
-0.07084582865249735,0.061586264160467585,-0.07864622330712008,-0.11000178916046743,0.07637944059483887,-0.2544956068012745,0.8282490915090328,0.12495492342897621,-0.3329047882146653
-0.06368023748246547,0.0498866439989373,-0.01971276383421897,0.8263433028480344,0.5306734896187538,0.028472221041445422,0.8284162068862911,0.1257911242862203,-0.33283742776833153
-0.047612009684378315,0.052571975706695015,0.07209457332837406,0.1991528673538788,1.0047533227213306,0.5925215031880988,0.8285833222635494,0.1266273251434644,-0.33277006732199793
-0.017507232044633364,0.09090754137088207,0.0967402675455898,-0.47341503879277336,0.9161420750137167,-0.14165954782146706,0.8287504376408077,0.12746352600070848,-0.33270270687566417
0.0004394979489904388,0.10019051513815092,0.09496107000924549,-0.012352198048884155,-0.6166827126309015,-0.4592164117959623,0.8289124739532411,0.12829949050301098,-0.33263255514346435
0.015201501072263549,0.10175501569606801,0.07244163509904358,0.6726475737428265,-0.5879021334097253,0.18564616153028624,0.8290529794473964,0.12913445306588733,-0.33255057078639755
0.03905166281253983,0.1341198872794898,0.00700857285844854,0.047262560935176445,0.6528178765436701,0.3596412571732195,0.8291934849415514,0.1299694156287637,-0.3324685864293306
0.0646427680223167,0.15891305585547288,-0.06719823684665253,-0.45369837558979803,0.48049031321040486,0.13072756748140257,0.8293339904357067,0.13080437819164006,-0.33238660207226356
0.06729056418172158,0.16150308991498408,-0.08940939130828905,-0.4084834337194474,0.1578895309592434,0.09406269819341162,0.8295010649628055,0.1316394997258236,-0.33232030879914987
0.05298209256748138,0.15996488747077575,-0.03386701185292246,-0.39101618204038263,1.610630375552642,0.44946431349628035,0.8297343695430393,0.13247501753630897,-0.3322931295324124
0.09067138423251858,0.16871738383634427,0.036067189105313556,-0.24434202922422799,1.4110435400584849,0.3584005090329434,0.8299676741232729,0.13331053534679427,-0.3322659502656748
0.07165937690626992,0.16237341982465459,0.0897098244199788,1.1583057901168976,-0.5992519901657428,-0.17484052603613165,0.8302009787035068,0.13414605315727957,-0.3322387709989372
0.04859442163698194,0.15343937341126462,0.12686297287088205,0.15388767499468647,0.13186400668719234,0.26110247077576965,0.8305157311477152,0.134968271443854,-0.3322610292667375
0.03610479172369819,0.15606520436769394,0.11721358833634432,-0.5726688527630178,0.5247802546102569,0.47779150690754335,0.8309623937194475,0.1357689502840949,-0.3323633548459086
0.01803107880658876,0.10105307267162597,0.01969302042996825,-0.23769143512221136,-0.1851086004997179,0.4129608777895868,0.8314090562911796,0.1365696291243358,-0.33246568042507973
-0.007860166589798101,0.052996044760892674,-0.08299660197290118,-0.06057588670563285,-0.4990421800148506,0.45634065993623807,0.8318557188629117,0.13737030796457667,-0.33256800600425085
-0.027152582565356027,0.02923092358129653,-0.09025966128239121,-0.5824918487885243,0.3213356587700621,0.5665005451647183,0.8324171529011689,0.13816519500885588,-0.33274063190223163
-0.018034062242295416,-0.04672846120085017,-0.01664602364223577,0.08362781486716284,0.08693551912527182,0.08241570138150855,0.8331043365462273,0.13895373625929866,-0.33299028249734325
-0.04008052796811905,-0.06105694221041444,0.062227257917479795,-0.5140668553772589,-0.2676635434068348,0.5314425919234846,0.8337915201912859,0.1397422775097414,-0.33323993309245487
-0.039243299472901186,-0.0907734638788523,0.12089143399920878,0.5887591471838451,1.4249485735828522,0.08172180233793824,0.8344787038363441,0.1405308187601842,-0.3334895836875665
-0.02548298883103082,-0.1228683491073326,0.14150059022561584,0.3232935957917108,0.964593631900534,-0.2951646950053153,0.8351456421041444,0.14130806380871413,-0.33373139717322
-0.01742189532837407,-0.14010316420828905,0.1267596102215293,-0.019926742869288146,-0.7292273187938437,-0.022334382571729705,0.8357974696918171,0.14207687763407725,-0.3339673612221041
-0.022731973488841643,-0.14888090524973432,0.07800958151461362,0.1027870279404885,-1.0564363535260994,0.35893937513283625,0.8364492972794899,0.14284569145944034,-0.3342033252709883
-0.04009900414665251,-0.17027160191285867,-0.003501542464051268,0.3265761682359191,0.30286322877417593,0.2242374325185974,0.8371011248671626,0.14361450528480343,-0.3344392893198725
-0.057142621849096714,-0.19069202520722633,-0.09636192191488574,0.11643144332624827,0.3610958865605342,-0.19270905526036053,0.8376773508926673,0.14438231974672333,-0.33463281164718384
-0.060378147200850156,-0.1750220503931987,-0.08531983028104334,-0.07037317548352809,-0.2116519969748656,-0.10510777151965911,0.8382160109245482,0.1451496376305349,-0.3348052449202976
-0.038686046150903264,-0.14652666407013815,0.029912096913891826,0.5876529259511167,0.9817150959491859,0.21061928161530474,0.8387546709564293,0.1459169555143465,-0.33497767819341134
-0.01758708444952181,-0.1255712815409139,0.11680816700173245,0.3556608564080772,0.9712320755204854,-0.06196295324123291,0.8392933309883104,0.14668427339815798,-0.33515011146652496
0.003197888204038258,-0.07221416230393199,0.11295366926557704,0.3168874759936238,0.01557642580020399,0.02204817693942651,0.8396597701487778,0.14743882723521076,-0.3352201930286928
0.02841735655685446,-0.061711510280552634,0.04452304109695095,0.6429048242826787,-0.08268560710457241,0.11659356960680078,0.8399728582784272,0.14818942699256105,-0.33525856781083957
0.04984056292348564,-0.06343786252922423,-0.038083079299412285,0.41521368777895995,0.5457229868359064,-0.18721388629117897,0.8402859464080764,0.14894002674991144,-0.33529694259298615
0.05302545160680126,-0.04090884930924549,-0.10513126107338808,-0.8970498223166836,-0.20421463975608603,-0.4018890116896916,0.8405990345377258,0.1496906265072618,-0.3353353173751329
0.0402622684527099,-0.03856731214665249,-0.14462600405382758,0.2866637770456939,-0.7806798210334875,0.6797771594048854,0.8408108708501594,0.1504212081987248,-0.335313884335813
0.04664560053560042,-0.07553016871625928,-0.10151167815669124,1.3394285786397446,0.8415122056384523,0.07535217003188244,0.8410060764293306,0.1511485018986894,-0.3352826277895855
0.04174111528799149,-0.048547712901168924,0.04123934182275415,0.22450517494154965,-0.0003200297083420343,0.23715717003188175,0.8412012820085015,0.15187579559865394,-0.3352513712433581
0.03191675114856533,-0.06216739411902243,0.1314730741279955,1.0458972588310362,0.060054418217568246,0.4188260605738563,0.8413964875876726,0.15260308929861854,-0.3352201146971307
0.02942018426142398,-0.08992200717534535,0.1627632327370906,0.8913744400637711,0.5855147182986371,-0.017515368225287986,0.8416248488522846,0.1533202835299327,-0.3352110368969182
0.02780822460680132,-0.09425293439107335,0.14901145321506207,-0.7677392671625922,0.24237770733009964,-0.5072477545164737,0.8418547958235918,0.154036994743181,-0.33520301981934114
0.002549057094580271,-0.09650748555579168,0.07947127115938317,-0.6459564863974514,-0.8667047789624701,-0.034103093517535044,0.842084742794899,0.1547537059564294,-0.3351950027417641
-0.042042820638682234,-0.13934142379596176,-0.035520485130133325,1.5520822062167898,-0.06993805191402862,0.6253698554729006,0.8423126233687566,0.15546974888062345,-0.33518579012752386
-0.02056641404888411,-0.18117747169819348,-0.10827241791144684,0.6069745935706674,0.04524443717981532,0.006414619553666512,0.8425010701912858,0.15617303862203324,-0.3351537626886292
-0.02123554917534539,-0.18112003489904355,-0.13000045948791616,-0.7790542399043625,0.24093787869628844,-0.3340218660998939,0.8426895170138151,0.15687632836344312,-0.3351217352497344
-0.03905580435069069,-0.18884854288629113,-0.11515027128231325,0.10437079086078072,0.546865991870884,-0.19175281774707642,0.8428779638363444,0.15757961810485305,-0.3350897078108396
-0.046225738485653575,-0.1952162241083953,-0.05951298507095791,0.9693485262486717,0.6346961702754205,0.19738010998937128,0.843054664272051,0.15828216752745308,-0.33505045720510107
-0.04056260327205101,-0.18186120866099892,0.044164807120812756,0.4746278462699253,0.5709100053862657,0.07623492561105216,0.8431622288310308,0.15898035964505847,-0.3349686931030819
-0.0387666126264612,-0.13958502870350692,0.1557879817206318,-0.17354995878852014,0.4558112437277454,-0.5796953219978729,0.8432697933900106,0.15967855176266385,-0.3348869290010627
-0.034733247461211446,-0.12303648479808715,0.14548427152186813,1.257316990967054,-0.31478360084403245,0.3545971902231688,0.8433773579489905,0.16037674388026926,-0.3348051648990436
-0.026473426990435735,-0.11383647359404887,0.08232615385298973,0.5589413607863998,0.09231689014394112,0.5892238140276316,0.843455767183847,0.16107377192986194,-0.33470522294367694
-0.017539455424017022,-0.07307738441020195,0.002602742397435906,-0.9820869082890514,-0.22673877066482018,-0.6687421009564272,0.8434421863443147,0.1617671271441729,-0.3345479267268863
-0.012851260638682254,-0.036265022336875674,-0.08844410272137729,-0.04226870276301864,-0.43226644331166997,-0.6962997566418689,0.8434286055047822,0.1624604823584839,-0.3343906305100957
-0.009960856095111577,-0.010425524171944735,-0.1393635783356351,0.8184390616365569,0.012291632394328213,0.17950766843783228,0.8434150246652496,0.1631538375727949,-0.33423333429330515
-0.010480483866099906,0.0026965604363442947,-0.11572555674146863,0.4070066878427175,0.7377129182813281,0.5452640977683298,0.8433775372051009,0.16384568021324836,-0.33406113614240174
-0.00753678079596163,0.006672942329968211,-0.02362094004447629,-0.18325567387884822,0.8651132582940748,-0.2985695260361343,0.8432928267906482,0.16453453505348917,-0.33385950207226356
0.017144086643995724,0.028620952941551554,0.08834289800427073,0.6539559522848037,-0.014944646968792556,-1.078457720510098,0.8432081163761955,0.16522338989373003,-0.3336578680021254
0.028271040392136015,0.025491895870350695,0.14160781676719783,0.5503462268862913,0.4836525264417649,-0.27556294367694,0.8431234059617427,0.1659122447339709,-0.33345623393198714
0.024389414526354937,0.039528011976620626,0.14100969146735343,-0.3814525777895865,0.3906724246348024,0.5977571870350697,0.8430325229649307,0.16659918734466886,-0.33325086978746016
0.048747555323698274,0.040253935387885215,0.07783318764307767,0.24779234038257447,-0.0331803145894283,-0.02580128374070334,0.8429335087778957,0.16728361096068017,-0.33304059198724767
0.055721587309564245,0.024987704578108304,-0.03260452019911149,0.07125840637619119,-0.14653359584978773,0.026916533475029425,0.8428344945908608,0.16796803457669154,-0.332830314187035
0.04849312582996812,0.005111212215727991,-0.12273220782608346,0.012726922848030231,0.39272386081120775,0.40116824229543013,0.8427354804038256,0.16865245819270283,-0.3326200363868225
0.03467573785441026,-0.00942183481190222,-0.11079954409856754,0.6245269084165799,0.8680971650598837,0.0933646269925621,0.8426383948352816,0.16933542609989372,-0.33241109336875674
-0.011899806066099904,-0.02088321355366632,0.028344484868187737,-0.509404648119022,0.10047756155297523,-0.19450355579171053,0.8425430404675875,0.1700170873078286,-0.332203348501594
-0.03961010490775776,-0.031159014359192362,0.10919021032728851,0.7140773086291201,1.9321987014042004,0.2533067948990446,0.8424476860998936,0.1706987485157634,-0.33199560363443154
-0.026477978627205044,-0.03111611809564293,0.1419192613405895,0.4429390343039308,0.6254879516486124,-0.32854781934112864,0.8423523317321997,0.17138040972369817,-0.33178785876726885
-0.057506835491179444,-0.012309262792773723,0.11726656655659978,0.14705485096599455,-1.08292655204957,-0.39593408395324126,0.8422447398512221,0.17206217661707404,-0.33157244493092464
-0.08623971657513281,0.0014380390116896808,0.055781165197759434,-0.1354714957736446,-0.285422838999987,-0.17544099149840697,0.8421297238788523,0.17274400762628414,-0.33135237858661004
-0.09041264675791712,0.008114155698831033,-0.016742627065308772,-0.03357301432518606,0.777199005515781,-0.20268359511158351,0.8420147079064824,0.17342583863549413,-0.33113231224229533
-0.07979465921275239,0.012915060939001053,-0.08069906206398327,0.08969474603613053,0.4039840179702521,-0.4159297725823592,0.8418996919341125,0.1741076696447042,-0.33091224589798085
-0.07255825676854401,0.011999261466524951,-0.11627697140677434,-0.5442395856004216,0.44330867589799156,-0.18389029543039292,0.8417518850159404,0.1747905438016295,-0.3306716125929863
-0.03911518243570682,0.008390567740701411,-0.06021297983065923,0.6278543012220998,1.4106978046971148,-0.11059663761955463,0.8415911891710945,0.1754738279819341,-0.3304228951647184
-0.0050374449011690425,0.008943864103081837,0.01997064495177295,0.6941473693411264,0.9971455560680016,-0.2720728735387876,0.8414304933262486,0.17615711216223884,-0.3301741777364506
0.012295264164505836,0.029081246070138136,0.0715249858574359,-0.5378874246546217,-0.19687533671625063,-0.23872910839532402,0.8412697974814026,0.17684039634254345,-0.3299254603081828
0.035274241127311166,0.03960244514558983,0.10327645233614767,-0.12395320085017025,-0.09726675110520604,-0.006695376195539282,0.8410966959404889,0.17752177426142401,-0.3296692382252922
0.059217502593836395,0.03366379431243355,0.10346631385843573,0.7275483910733267,0.8187538030393301,-0.04994581190223357,0.8409207461530287,0.17820271451824302,-0.3294112931349627
0.08449311646206148,0.03426802550867579,0.06438552747026534,0.3584844958554796,0.7407307983634602,-0.30730039426142497,0.8407447963655685,0.17888365477506196,-0.3291533480446333
0.10884324820488818,0.0532374816345356,-0.00478410657332947,-0.7629407770456896,-1.0171498206588634,-0.17213300053134795,0.8405688465781083,0.17956459503188096,-0.3288954029543039
0.06792808100786397,0.05440540477180659,-0.08506218613670367,0.3775525245483541,-0.5875069005313426,0.2607844287991501,0.8403812043783208,0.18024476262132483,-0.32863038051009563
0.06857343429277364,0.058808148703475,-0.08101757878524071,-0.7030990333687479,0.1494425651225765,-0.510786407545158,0.8401923875982997,0.18092485259121505,-0.32836464709883106
0.03273008481020183,0.06321352492773646,-0.05493805072217884,-0.01627199567481208,-0.030379917459079735,-0.1249644505844838,0.8400035708182784,0.1816049425611052,-0.3280989136875664
0.020661058017109445,0.047837831985122314,-0.006249642228375599,0.8960538403506866,0.4175284103627477,0.14339258129649224,0.8398148212752392,0.18228502627382226,-0.32783322334750264
0.01648399012763013,0.04596858406408087,0.0481214160197325,0.4741347523273032,0.6769474469727396,-0.2523375058448494,0.8396422086078639,0.18296360826496638,-0.327577870095643
0.007217421820935188,0.06636402352082887,0.08115282000742202,-0.5588312289266737,0.3470702403534005,-0.6456146854410196,0.8394695959404888,0.18364219025611056,-0.3273225168437833
-0.00022268315983002768,0.07718290089266709,0.07107970555024483,-0.2895618246652394,-0.003426370900130174,-0.10547594580233088,0.8392969832731136,0.18432077224725474,-0.3270671635919235
-0.006792736386822506,0.04146215142529225,0.020061033579358116,0.8760589709351725,0.01179007478361043,0.6792451232731125,0.8391248414240169,0.1849993267952533,-0.32681212047821473
0.008291638162167828,0.041742049520935166,-0.06730514481009417,-1.0857454230074284,0.0290724749429852,-0.674010805526029,0.8389569565568543,0.18567763321147718,-0.3265598815302869
0.0019872527120084584,0.027709939743039244,-0.08738224227887283,-0.08319379968118357,0.22323370363586623,0.1808065005313555,0.8387890716896917,0.1863559396277011,-0.3263076425823592
0.008332134971732172,0.009856071970244462,-0.03609240152678243,-0.6848251895217823,0.5522548888643447,-0.42745484484590435,0.8386211868225291,0.18703424604392496,-0.32605540363443153
0.00668566824165771,0.007219977579171172,0.03875024516513422,-0.7809088596386744,0.3875629801650848,-0.515425224229535,0.8384508146014877,0.187712610148778,-0.32580164630180664
-0.0077138962026567625,0.003408846420828872,0.08662016267252769,0.5650863428692898,0.46738727779314587,0.28351776408076645,0.8382701754303932,0.18839121237265324,-0.3255416215940489
-0.013654840771094735,-0.018327206131774687,0.08984673290007796,1.4468807267800359,1.1272699336890069,0.44201787885229216,0.8380895362592986,0.1890698145965285,-0.32528159688629127
0.011538277443570683,-0.019940286285866006,0.07776568459894816,-0.9270274570669492,-0.03487524675733873,-0.665598964930922,0.837908897088204,0.18974841682040383,-0.32502157217853345
0.014718321949415508,0.004203819883103019,0.03362592354804103,-0.7418510415515414,-1.3149091396372452,-0.21301899681190406,0.8377267329436768,0.1904268033163301,-0.3247606719128587
0.004630927980382488,0.02884822371200867,-0.028404444191094988,1.0121979845908748,0.5846389022118642,0.16164241445271266,0.8375408435069076,0.1911046628196954,-0.32449763278427207
-0.010280409132008509,0.0096889377035069,-0.0787232869270258,0.5227655718384692,0.7909556031045154,0.026981670563230864,0.837354954070138,0.19178252232306064,-0.32423459365568547
-0.009471190978108477,-0.0014535934654623106,-0.06796598704658473,-0.14775412972369711,0.34429017660079864,-0.07906339957492037,0.8371931385657757,0.19237869293236776,-0.32392497044843294
-1.725631200848697e-05,-0.0031909728150903843,-0.00430495171616579,0.15063007646121493,0.23389140644247425,-0.06555139744952321,0.837115216585193,0.19268932932518593,-0.3234526313425434
0.003355394476514343,-0.014541500913921354,0.06012405305402963,0.8196378732731143,0.590644868483238,-0.10543651965993561,0.8371306671625929,0.19268175671625928,-0.32279901023379376
0.005462870270350769,-0.015673744431455743,0.07777606244658315,0.5187368434112561,1.0418329598541178,-0.19049508501594303,0.8371461177399928,0.19267418410733264,-0.32214538912504426
0.017219646689054197,0.007163439224229538,0.08847249835833791,-0.7482356746546228,0.43814093254275105,-0.6825162858660985,0.8371615683173927,0.19266661149840597,-0.32149176801629475
-0.0008816731695003932,0.010456582166843767,0.03518120022790121,-0.06471058826780574,-0.4945235192425774,0.06629608395323672,0.8371779434431456,0.19265890600106267,-0.3208388150478214
-0.02266714007470783,-0.005578039209351814,-0.025912246572417575,1.0955745125611092,-0.29983305176117936,0.33799646865037225,0.837195314849451,0.19265105730499466,-0.32018658205809414
-0.029312925784272068,-0.0004980026333688478,-0.07215501246288802,0.2745086619553745,0.4520181179624939,-0.3692507789585502,0.8372126862557563,0.1926432086089267,-0.3195343490683669
-0.02983148415154095,0.011771667715196589,-0.0959410028703783,-0.815693646227416,0.5335856516291778,-0.7026360435706653,0.8372300576620615,0.19263535991285863,-0.3188821160786398
-0.037258704823166844,0.002150689168969197,-0.09596934065312897,0.05187901657810723,-0.1296017914838073,0.14460978746014774,0.8372636156996103,0.19262628178320934,-0.3182400015798796
-0.044754587267375336,-0.019308331987247775,-0.060911338950152986,1.7874964697130935,-0.12566711747706721,0.8472078884165892,0.8373090516967765,0.19261630147927733,-0.3176053121608219
-0.01756997612221034,0.0023731361997875247,0.072870339687364,-1.3096569744952262,-0.11801062045262502,-0.5764837481402783,0.8373544876939425,0.19260632117534532,-0.3169706227417641
-0.025700933839001027,0.044015972104144346,0.08803346144733248,1.4627092623804339,0.2856352400255679,0.16762654091391838,0.8373999236911087,0.19259634087141342,-0.3163359333227064
-0.028360120873857607,0.03709452997555781,0.07743539319886616,0.6475137249311267,0.36502951809147693,0.13803657492029586,0.8374386352249379,0.1925851389394262,-0.31569728428622035
-0.016407460690371963,0.044918750159404865,0.006079525489554603,-0.5857755244992553,-0.17007840241861788,-0.28989244208288945,0.8374740675451646,0.19257334127523912,-0.31505670432518595
-0.017957866174176614,0.05835210718809779,-0.07701178886368786,-0.3687517984909541,-0.3700298825503889,-0.45706945377257924,0.8375094998653915,0.1925615436110521,-0.3144161243641516
-0.032233545925611035,0.04815057170031874,-0.1159169710416398,0.6424994421147715,0.20901153096289188,-0.06493939001062543,0.8375449321856181,0.1925497459468651,-0.3137755444031172
-0.022855298493092577,0.018567347381508982,-0.10256017010646468,0.5220444977789621,0.82842085122642,0.5032630626992578,0.8375820002125398,0.19253495879277363,-0.3131363052497343
0.0038468275429331925,0.03021950458661005,-0.06686015134590104,-0.25180515057386166,0.7852131959451683,0.12164252816152832,0.8376195633722989,0.19251926671200853,-0.3124974719624513
0.009817534210563219,0.028265813536663124,-0.02510168400635116,-0.006011515090329822,0.2775543731084902,-0.3925478575982986,0.837657126532058,0.19250357463124346,-0.3118586386751683
0.017964337832412403,0.005971664154091165,0.04658597734937958,0.7804581301806662,0.2926939727688107,0.11267970350691314,0.8376946896918172,0.19248788255047825,-0.3112198053878852
0.033114201176408106,0.005398544055260392,0.09234887738474146,0.5248736844845895,1.0543862709090877,0.10552265462274057,0.8377353363797378,0.19246901100956432,-0.31058318693588377
0.044370250536238026,4.8329202976746255e-06,0.057143557238302535,0.7707889569606734,0.6782992859144086,0.12938557279489693,0.8377764722812611,0.19244963503506907,-0.30994691987601836
0.05015664594112651,-0.013899336753453742,-0.02006342579740583,1.098317526684371,0.0192785076370516,0.2603092879914968,0.8378176081827843,0.19243025906057387,-0.30931065281615316
0.057959047476089265,-0.006660709892667392,-0.05731887530647453,-0.38722721216790423,1.1462253148850088,-0.131870483528159,0.8378587440843075,0.1924108830860786,-0.30867438575628775
0.05678798957938359,0.0012595061742827346,-0.10301928163940485,-1.4376593889479052,0.3032110900709729,-0.369085201912851,0.8379041955862556,0.1923892984962806,-0.3080410178568898
0.05007165206609989,0.008698695585547297,-0.09578850755911363,1.4354706078639778,-0.5337036260820502,0.47114389479277463,0.8379498339107332,0.19236761829543042,-0.3074077754622742
0.028271587409351887,-0.020851189139213418,-0.05524051546293477,0.7774273293517604,0.8940143142580045,0.23313004569607187,0.8379954722352108,0.19234593809458028,-0.3067745330676586
0.021372933368969185,-0.006916610047821313,-0.0006003843803462424,-0.8093525903932062,1.1545523916756535,-0.33350571732199974,0.8380415386893376,0.19232420071307121,-0.3061415608962097
-0.010212209442932906,-0.01761164454622729,0.05835789383462741,-0.5353310456960731,0.809531545979588,0.0712038533474999,0.8380951138788522,0.19230146047077573,-0.3055133280233795
-0.050477229438682304,-0.036057038501593745,0.08524058619365318,0.21837742369818303,0.455012259911571,0.5354181179596118,0.8381486890683669,0.1922787202284804,-0.30488509515054907
-0.0696356888648247,-0.00815807751753455,0.0396949230553768,-0.5961363975557907,0.08252432657504291,-0.1145546695005315,0.8382022642578817,0.19225597998618496,-0.30425686227771875
-0.1298498529430395,-0.022064605132837492,-0.06702562627057485,0.7185815535175393,0.13933044074152776,0.4091839914984057,0.838257228565356,0.1922331774229543,-0.3036294898087142
-0.10466549000616356,-0.008162524660998885,-0.09325046503280018,-0.059463042656751064,0.832611622793282,0.47689604569606914,0.8383201031278782,0.19221001997662057,-0.30300701686149495
-0.11927406773198719,0.01620841465355996,-0.09132780069543585,-0.06764619057173248,0.517222243836182,-0.6464922353878819,0.8383829776904003,0.19218686253028697,-0.30238454391427566
-0.11534270418257164,0.014004535346439868,-0.042031550804649306,0.47272622917747564,-0.01150996725770537,-0.2553467577045616,0.8384458522529225,0.19216370508395322,-0.3017620709670563
-0.10462385205993624,0.02045121944038257,0.018681151144570276,0.43409652817428257,0.7988726560370503,0.18700827205100978,0.8385048921289409,0.19213987869925617,-0.3011373427275948
-0.0818061133324126,0.033103735146014876,0.05193704993353704,0.4744049579511091,0.9020473006704356,0.06726320828905585,0.8385521029720155,0.19211398880977681,-0.3005056574849451
-0.05054002975961744,0.034279528261211493,0.04282747962365841,1.0479474679489877,-0.6715421966728282,-0.065493359192347,0.8385993138150902,0.19208809892029755,-0.2998739722422954
-0.05087438157683326,0.04054356929968117,0.010581771396240967,0.15067638807651873,0.7139472909998554,0.2038842731137116,0.8386465246581649,0.19206220903081833,-0.2992422869996459
-0.023306568707544988,0.04526758958129652,-0.016336639252005847,-1.1177671795111666,0.7790728404153715,-0.39934364399575273,0.8387002318880623,0.19203690403400644,-0.2986145187601842
-0.028426393304782145,0.04928076602125398,-0.06227953289964431,0.6100493676939418,-0.19611366581204623,0.0595592529224227,0.838766535770457,0.19201273315834216,-0.297994345685441
-0.028546581550478234,0.027424106178533685,-0.07829470572409256,1.0742470579171097,-0.17594237306393895,0.3303081509032939,0.8388328396528516,0.19198856228267802,-0.2973741726106979
-0.031132320257704585,-0.0008615835696068712,-0.059871627832841806,0.04800046811901759,0.7200833888705438,0.24646019978746025,0.8388991435352462,0.19196439140701388,-0.29675399953595477
-0.03443397987407013,-0.0061768035398513145,-0.02053684579070945,-0.4834074435919275,1.149425134189028,-0.1290746896918158,0.838964958682253,0.1919400324017003,-0.29613358432518605
-0.034574211829755584,0.010425974223166837,0.028179375675929992,0.40869008337938684,0.44407833168141425,-0.2930917332624823,0.8390301408005667,0.19191542972369813,-0.29551285549061296
-0.037202621946333676,0.008173682515409144,0.07607596839173675,0.8235306318278433,-0.26551267284036645,0.46304339744952117,0.8390953229188807,0.1918908270456961,-0.2948921266560398
-0.05389584149840583,0.0010846396588735756,0.03443521471273984,0.17643682470776267,0.015261134864171275,0.7308694771519644,0.8391605050371944,0.19186622436769393,-0.2942713978214666
-0.0517817695557917,0.0174676726312434,-0.006008070783826794,-0.3309344145908619,0.6512139365326327,-0.7711181030818324,0.8392345152107688,0.19184150253134966,-0.2936560283917819
-0.03623207720403834,0.01457726406163659,-0.03445779065364274,0.11329339465461963,-0.023800404142198164,-0.41461538150903543,0.8393163189018774,0.19181667550053133,-0.2930453903117252
-0.02980452841934113,0.015367074915409177,-0.055801179046940944,0.05442387301806306,0.6023794979407265,-0.20348319128586745,0.8393981225929863,0.19179184846971306,-0.2924347522316685
-0.03049306778958555,0.019768755768331557,-0.04636491717722393,-0.06045704136025551,0.6972942877281701,-0.47129586184909655,0.8394799262840948,0.19176702143889482,-0.29182411415161175
-0.03817604794654602,0.018728229250372007,-0.0007864939622214115,0.34343522988309905,-0.20276043150668677,-0.39430122635494946,0.8395604189550123,0.19173794683103088,-0.29121302676230965
-0.061376730037938275,0.009972632850159582,0.04707883127882595,0.6201596278002293,0.7708966170586663,0.5141323028692888,0.8396401302231667,0.19170634055472902,-0.2906016715727949
-0.06811617702019135,-0.002743127810839671,0.06798269976041363,-0.5182382504144658,1.5125314980363693,0.4760864048884166,0.8397198414913213,0.1916747342784272,-0.2899903163832802
-0.05686126909883098,0.010858677109458093,0.050134484519828056,0.3494010320510139,-0.29611920196364855,-0.3308931062699294,0.8397995527594757,0.1916431280021254,-0.28937896119376555
-0.06655886084803397,-0.009575353631243306,0.031947300351133134,0.7739086188097762,-0.46240275665014346,-0.035448166843783824,0.8398888904250796,0.19161097032518604,-0.2887734805844846
-0.08088173152391061,-0.01976951305313497,0.000974905450691471,-0.15204549141337653,0.39257927465696696,0.20202041976620677,0.8399819348069429,0.19157860032731133,-0.28817026202621343
-0.07949970410095669,-0.005982280300744318,-0.03894377613408857,-0.35255650450586373,0.8131365050501815,0.08604087460149223,0.8400749791888062,0.1915462303294368,-0.287567043467942
-0.0642884488490966,0.0014515300223163045,-0.06618054221156468,0.6327589624867214,0.28861228936472566,-0.09035047077576941,0.8401680235706696,0.19151386033156217,-0.2869638249096706
-0.05693301114984063,-0.02159115498087126,-0.053944933675964035,0.9047324817215698,-0.0496750489986994,-0.06891301594049004,0.8402631426284094,0.19148125544102015,-0.2863618833970953
-0.06500016057598304,0.012051955655047835,0.004212046364843257,0.23540702195536609,1.9885710502148974,-0.4080232497343257,0.8403587250655331,0.19144859808714138,-0.2857602271130005
-0.047654706212540004,0.005925994302231723,0.04866865843155138,0.4709878179171073,0.5621164615004091,-0.23856432093517732,0.8404543075026567,0.19141594073326249,-0.28515857082890556
-0.06032424574813998,0.022534011536662787,0.03374633284176649,-0.048190973464389275,1.131398687578313,-0.0965907226354954,0.8405498899397803,0.19138328337938365,-0.2845569145448104
-0.037284513151646735,0.0324358412199788,0.0015020250080463164,-0.14768607575132664,0.8890712276629714,-0.47169294155154873,0.8406464987318456,0.19135229858661001,-0.28395577728303234
-0.022639102453772625,0.0314493046822529,-0.030677785251646616,0.2945164506695033,-0.12526740177382423,-0.1708084229543001,0.8407432054941552,0.19132147344739642,-0.2833546895642933
-0.03442612115122206,0.030813900649309216,-0.05577878721473036,0.5142204658065905,-0.41744179539759774,0.5792677066950045,0.8408399122564647,0.19129064830818276,-0.2827536018455544
-0.039409225519341444,0.03880043312646124,-0.06567618044983249,-0.002032618149139242,0.6968325684493467,0.3634475276301927,0.8409366128126106,0.19125984354091394,-0.2821525091958909
-0.006497504252816321,0.0349593780584484,-0.044352959000548725,0.019135560413632687,0.760237635399402,-0.8416989155154031,0.8410325717321998,0.19123147322104145,-0.281550827300744
-0.01622126483071211,0.03142648139213599,-0.00654553371281574,0.5476157926863178,0.2537812274291811,-0.4259225786397405,0.8411285306517888,0.19120310290116893,-0.2809491454055969
-0.04106118310924557,0.012041173023379308,0.04124691357580392,0.24553205111370735,0.5321263602240864,-0.01078850584484492,0.8412244895713779,0.19117473258129655,-0.28034746351045
-0.059369499848884115,-0.007625160965993562,0.0493552381492363,0.47817106468650206,0.2849997015333323,-0.33872279702443997,0.8413214221891605,0.19114676337725828,-0.27974633634431467
-0.0737535841581295,-0.03017906641232706,0.01725694213071601,0.3110072549521857,-0.007498358626073042,-0.2713849755579236,0.8414267675593341,0.19112225981402758,-0.27915000203684026
-0.09894228699341195,-0.04736210719128592,-0.03458713971711034,-0.024916705749198728,0.14676749762009753,0.3821525855473009,0.8415321129295077,0.19109775625079703,-0.27855366772936596
-0.12946809189245473,-0.04853196659511151,-0.06791804867919007,0.01212712649308545,0.3255873396810151,0.5787477667374983,0.8416374582996811,0.1910732526875664,-0.2779573334218916
-0.11976534976705636,-0.03980345085866091,-0.03460506754842075,-0.6310095901275222,-0.7235809326679092,-0.7274901190223133,0.8417431887920652,0.19104867913921364,-0.27736124294013464
-0.13485768983081822,-0.009234913003188218,0.008042495404574256,-0.02162353826780261,0.463459218829407,0.03293195005313265,0.8418504677966703,0.19102382419234862,-0.2767661328409493
-0.1282428714537727,0.0030511405883101948,0.03417862656743414,0.4716261198724711,1.7878193516345293,0.16449739638682104,0.8419577468012753,0.19099896924548357,-0.27617102274176414
-0.0698877955268851,0.012071077420403977,0.05197878924520882,0.454348575664184,0.19309007639543468,-0.25520860042508886,0.8420650258058803,0.1909741142986185,-0.2755759126425788
-0.05011772293517554,0.029036123219553886,0.0378283374824789,0.06080822093517041,-0.6634463385145647,-0.3331371413389981,0.8421732864364152,0.19094877268862911,-0.2749814242649663
-0.038909673117534405,0.047903747175345415,-0.0043472927039633485,0.23956330488841948,0.07869309253678859,-0.1744310648246543,0.8422838974388949,0.19092226582890548,-0.2743884245164718
-0.0006463781702443633,0.061340102565355936,-0.04964300439992779,0.8651309593326293,0.6206707511230574,-0.18482178002125416,0.8423945084413744,0.19089575896918168,-0.27379542476797736
-0.013328266321997805,0.07640999380233772,-0.06899380336542682,0.048596727885218155,-0.3823604861139832,-0.152651390010627,0.842505119443854,0.190869252109458,-0.27320242501948294
-0.019295937069606896,0.09495011343251888,-0.0038589783642614243,0.987235938767283,1.7130140526537145,-0.22321915196599562,0.8426210877470776,0.1908435548884166,-0.27261257591923493
-0.009896200896918086,0.10140618689266744,0.04508437455101281,0.2910317403294298,0.7533975427287994,-0.17285281402762998,0.8427454339567836,0.1908191238044633,-0.272027653896564
-0.02433446298586614,0.10635663712327312,0.06261837488847928,-0.23387168154091476,-0.6070928472177043,-0.003847212539850986,0.8428697801664896,0.19079469272051008,-0.2714427318738931
-0.04922868647268851,0.10201645042327316,0.06608558866792465,0.09538862054197272,0.13182803909472224,0.09378024017003206,0.8429941263761956,0.19077026163655683,-0.2708578098512222
-0.04888331351200889,0.08024538651285908,0.054075127863729276,0.34989466018066406,1.0682947539725278,-0.1750454835281534,0.8431200678143818,0.1907469707120085,-0.2702737681261071
-0.03155857348862948,0.050419015109776616,0.01873030396756253,0.10804428339001472,0.1380358380320042,-0.40300086291178516,0.8432476999220688,0.19072488816153035,-0.2696906593659228
-0.050931602967906366,0.03381255871232708,-0.0367564595605986,0.29062584800212143,-1.2244756449647574,0.18798090116896127,0.8433753320297557,0.19070280561105207,-0.2691075506057386
-0.03699524652794897,0.005133707552178494,-0.08926945363348361,-0.1968509601806595,1.4318114984996242,-0.7417135993623809,0.8435029641374425,0.1906807230605739,-0.26852444184555446
-0.04624035229511153,-0.007575374513177403,-0.04925487793676724,0.46600453602550107,0.13244518042311376,-0.21369710626992777,0.8436292542685087,0.19065961098831036,-0.2679404493446689
-0.024005258927736806,-0.014429375060892598,0.03323495917419261,0.11687916582359925,0.6875132469052051,-0.32750319553665896,0.8437545762592986,0.1906391990467588,-0.2673558192879917
0.0015742615734328459,-0.025555785765143675,0.07835080915112616,0.26822321823592765,0.702705217478329,-0.5433353347502674,0.8438798982500886,0.19061878710520724,-0.26677118923131427
0.01514445197725826,-0.023087341560042354,0.08582668831259194,0.3066718379171051,0.12234743171815879,-0.23764216684377715,0.8440052202408785,0.1905983751636557,-0.2661865591746369
0.02104697021317748,-0.006639795979808707,0.058534844385754486,-0.02605523285866084,-0.24068776073667186,0.37264587247608816,0.8441317513071201,0.19057904272901174,-0.2656025752284803
0.033466872344952076,-0.0007092987109457802,-0.0169483656238381,0.15071375753453636,-0.014136152468876428,0.2893805100956506,0.8442588609493447,0.19056022686822524,-0.2650189004640454
0.05212838229181699,-0.004671067984059464,-0.08540125153393474,0.3887144736875635,0.7973655926958365,-0.9554293836344154,0.8443859705915693,0.19054141100743885,-0.2644352256996104
0.05244450077577045,0.014455156940489116,-0.09978476328413004,-0.2594216871307211,-0.2059412663268382,-0.4842872051009497,0.8444635641655187,0.19042102938976133,-0.26445684464661984
0.01458038214503686,0.028759664114452806,-0.05172721538005352,0.47893358262487445,1.0617338425353622,-0.2623230456960677,0.8444883927594757,0.19018015398370527,-0.26520510616719817
-0.00391479717481403,0.034891704411264615,0.007841574452618145,0.19556766038257134,0.6210831905902454,-0.579195843783209,0.8445030498653916,0.18991478870811196,-0.26610184482111243
-0.01645751976163643,0.0313693987640808,0.06578489908805951,-0.03913744354941831,-0.06899838169452802,-0.44187545164718856,0.8445177069713071,0.18964942343251864,-0.26699858347502653
-0.03944622050765106,0.022635526326461385,0.09226384667701573,0.1710265724729043,0.2759675390022095,0.23114893942613612,0.8445323640772229,0.1893840581569252,-0.26789532212894085
-0.06124269125154077,0.0035158715408071164,0.04172735647390876,0.03927670971201329,0.6720877025551609,0.4721498204038195,0.8445530579737868,0.1891194382628409,-0.268795616670209
-0.050814211233474994,-0.03654149261147717,-0.09140546261548539,0.3721781242295376,-0.5420715932900246,0.003771431455898977,0.8445746761636557,0.18885493249415525,-0.26969645565356004
-0.046445430181402764,-0.04019820953362381,-0.10713151372891155,-0.44699278012752397,0.5654955243507754,0.35804787141339034,0.8445962943535246,0.18859042672546938,-0.27059729463691107
-0.03277231974760903,-0.04743578972359188,-0.09082856929612503,0.41992486556853637,0.7522287694304578,-0.035464449521782626,0.8446179125433935,0.18832592095678358,-0.2714981336202622
-0.007848718099362773,-0.05735979372476075,-0.041942779654623556,0.6820675499468666,0.5295098788448861,-0.586952197662054,0.8446391510520723,0.18806410007651433,-0.27239852882040383
0.00975045711565364,-0.055825209469712915,0.026378115182785232,0.0009167376195386989,0.29850777387003125,-0.3426974303931871,0.8446603748317394,0.1878023833513992,-0.27329890680481755
0.033701954903294695,-0.05077684500425084,0.08408421401487796,-0.3374465224867097,0.24366569604819308,-0.015411410201917164,0.8446815986114062,0.18754066662628413,-0.27419928478923133
0.07172833520935176,-0.049450073327311383,0.0966451230350691,0.35124998110520755,-0.04294719194330501,-0.5455831073326252,0.8447027393730075,0.1872791051955367,-0.27509960222104146
0.055178033995749144,-0.01932154565993628,0.047048025722636035,-0.25039910203719634,-1.5272346214863612,-0.36995342614240734,0.8447225340559689,0.18702006175203686,-0.2759989378356359
0.06339139439957481,-0.013299267965993709,-0.02784027292773541,0.005354406496276998,0.6815426718186187,0.25909205738575203,0.8447423287389302,0.18676101830853697,-0.2768982734502303
0.07322206608926686,-0.01705951703081834,-0.07304253697662114,0.2942883261668474,1.0315971936039856,0.014372014877785944,0.8447621234218916,0.1865019748650372,-0.27779760906482476
0.09737090495228497,-0.02232346295855476,-0.09378575806588743,0.3934727329330501,-0.37037084845803736,-0.3366842816153035,0.8447821190294014,0.18624335147573504,-0.2786970311831386
0.08246838547381515,-0.02012287364080766,-0.0906147164505845,0.05507843178533539,-0.30263416707720703,-0.28038626248671505,0.8448032224371236,0.18598704406092814,-0.2795969302408786
0.054277589730605716,-0.010745895667481492,-0.054010338944952704,-0.07505938994686961,1.1632570452497126,0.01265932837406858,0.844824325844846,0.1857307366461211,-0.2804968292986185
0.06069007710371921,-0.00648731661477126,0.014459711889478255,0.4721416613177412,1.5787027662695994,0.057357224229548365,0.8448454292525682,0.18547442923131416,-0.2813967283563586
0.07296824151413339,-0.02162395314187013,0.08265429513283784,0.7641785666312311,-0.33576348900214564,-0.2746223390010609,0.8448668903648601,0.18521960000991847,-0.282296733896564
0.030775725382571513,-0.003239035986716165,0.11923358524973451,-0.27331471073326774,-0.23476633635675315,-0.091479717321997,0.8448894305526036,0.1849692300053134,-0.28319706065887357
0.007918157350414486,-0.0205653025663124,0.0603041184357068,0.8241402558979789,0.4915861799443438,-0.30787779277364535,0.8449119707403472,0.1847188600007084,-0.2840973874211832
-0.004720040027757613,-0.01619894018809787,-0.01334098584484529,0.28558626265675746,-0.4047848072515631,-0.15930785919235113,0.8449345109280906,0.18446848999610344,-0.2849977141834928
-0.02203315570053102,-0.0063243401719448615,-0.07058281616152962,0.5609915163442961,0.4740639054363096,-0.2323564920297514,0.8449574418597237,0.18421800056323062,-0.28589828527098826
-0.02678153864739618,0.0007681699032944323,-0.07252877077789524,0.7009996952709736,1.2662953104940708,-0.4444096195536673,0.8449811166170741,0.18396728378498053,-0.28679932145944037
-0.017808444396599434,0.00918887693411272,-0.016380265081827553,-0.2946570342720521,0.03531806120572732,-0.36384475982996634,0.8450047913744243,0.18371656700673047,-0.2877003576478924
-0.030357346324335822,0.020835153869606843,0.04649504821466511,-0.4486309995993632,-0.528750334458459,0.0205765940488849,0.8450284661317746,0.1834658502284804,-0.28860139383634437
-0.026366313635706726,-0.001314661362061445,0.11678856117959557,-0.035635203818282,1.0568978754246336,-0.5901306960680088,0.8450531310485299,0.18321438829613884,-0.2895030698547645
0.011627169054623451,0.0010459137935494858,0.12486883405917205,0.07067757104038415,-1.1737506679335254,-0.2513671764080687,0.8450790570173575,0.18296197734679423,-0.29040556075097423
0.016217398463868177,0.0011657464168331533,0.037906847560028274,0.061267228412326916,-0.4826022026943582,0.04431918756642261,0.845104982986185,0.18270956639744954,-0.2913080516471839
0.02602827089734333,-0.007693888620616422,-0.05359645505254094,0.21079529424017113,0.4759028789846623,-0.005713419234856687,0.8451309089550125,0.18245715544810492,-0.2922105425433937
0.0335370013943677,-0.019153250519234836,-0.0834799005223891,0.3448253353878853,0.7832816463275277,-0.21323061317746905,0.845158536188452,0.1822053737336167,-0.2931140095076161
0.02864749295727952,-0.02508725539149843,-0.04323618255255096,0.10916433241233423,0.5692269505560343,-0.23101687566419038,0.8451876404888417,0.18195413833156218,-0.29401832391073335
0.026016530443676942,-0.0227921175105207,0.025532781072245117,-0.3693017553666106,0.08437759339344104,0.06150024017003197,0.8452167447892314,0.1817029029295076,-0.29492263831385057
0.02648905807268863,-0.02131498653283739,0.0867035792741288,0.8340811574920424,0.3947879927026845,0.09309196174282874,0.8452458490896211,0.18145166752745304,-0.2958269527169679
0.04027328521870356,-0.041321342793836424,0.13998258658332605,0.7266422085015936,1.499149855603854,-0.16314056323060555,0.8452758482678002,0.18120073014877786,-0.2967317775557918
0.028030840044420885,-0.049675889889160454,0.05819021658979487,0.6915054811370882,-0.13355695531006428,0.20351269181721499,0.8453063714204746,0.18094996727063406,-0.2976369012681545
0.03250109886184894,-0.07123510594665221,-0.025060965304448374,0.8349195866631222,0.25918143795133636,0.09030077577046036,0.8453368945731492,0.18069920439249026,-0.2985420249805173
0.037307473759829846,-0.0798160165137086,-0.07322399047873189,0.05633774242292422,0.8049691367713312,-0.3407993560042577,0.8453674177258237,0.18044844151434644,-0.29944714869288
0.03391134122635498,-0.0699728317588735,-0.09249822751592542,-0.722339352624854,-0.00011540794706063406,-0.37065497343250975,0.845399272440666,0.18019942305703152,-0.3003529456252216
0.0358013333366631,-0.06955818107311375,-0.08904846705790415,0.5397571562593019,-0.4808387119746357,0.20793743623804417,0.8454316293446689,0.17995106249557213,-0.30125899645766924
0.026672979325185905,-0.080469093064187,-0.058108731130167006,1.5294588635494226,1.2975675258574217,-0.13463983687566206,0.8454639862486717,0.17970270193411253,-0.30216504729011706
0.04571045322529205,-0.09143914742943665,0.011975968827325763,-0.45943355727946966,1.3213888425417901,-0.48568531509032553,0.8454963431526744,0.17945434137265318,-0.30307109812256466
0.07751759011689748,-0.06535614599723645,0.08370838496441395,-0.2945751988310218,0.4123872049222294,-0.33926828799149433,0.8455281866454125,0.17920548107686857,-0.303976883832802
0.1072815219341129,-0.0490062319756641,0.09856687711744325,0.5688354580871509,0.00949087552797444,0.05717183740701692,0.8455599186397449,0.17895651225292242,-0.30488261196599364
0.1129639951655685,-0.04937644046418706,0.053025409111277254,0.8564859961211466,0.015142085153945412,0.17177563230605664,0.8455916506340773,0.1787075434289762,-0.30578834009918526
0.10398854260446333,-0.04729988818150912,-0.012857068418582463,0.09198880621679639,0.17313679975118107,-0.2343626992561063,0.8456233826284095,0.17845857460503012,-0.306694068232377
0.10507200903379381,-0.028750152471626014,-0.05453878214929444,-0.8549549022316807,0.3556259847203658,-0.6914822167906554,0.8456538980658873,0.17820845968119023,-0.30759914816153033
0.10542030967141267,-0.021093430909458016,-0.07280806265938948,0.21794760467586177,0.24318501075652135,-0.008410877789595261,0.8456843034077223,0.1779582410379029,-0.3085041694296848
0.059662892399574514,-0.02065136246482465,-0.020630902956946317,-0.7387540690754602,1.8866520363675325,-0.6986615781084016,0.8457147087495573,0.1777080223946157,-0.30940919069783923
0.0549155021487779,-0.0005275527930924044,0.04197721742063704,-0.5523525229543031,0.8255861592895936,-0.6817266036131766,0.8457451063124337,0.17745785155685434,-0.31031420386822534
0.0354486475481404,-0.004893530410201841,0.0910153804446798,-0.4504450019553667,0.89625439019217,-0.2377355557917138,0.845774886744598,0.17721147329082534,-0.31121857461565716
0.02906665524867151,0.00581873716110485,0.08109584908520111,-0.8435859769606722,0.551052810521249,-0.424858304994677,0.8458046671767623,0.17696509502479635,-0.31212294536308893
0.03305865247853335,0.008551418587246961,0.027938909699236052,-0.2035934219978328,-0.25611477011638717,-0.5206253039319719,0.8458344476089268,0.1767187167587672,-0.31302731611052087
0.02689793191349628,-0.029975163973007674,-0.022798797165016368,1.5859955859723573,-0.28935507760842816,0.3541990956429366,0.8458638213248317,0.17647275283492736,-0.3139314127665605
0.02843825224367698,-0.0552729609869288,-0.06309276847549475,0.13669403623804285,0.32748743082941945,0.6659665749202972,0.8458898318101311,0.17623021520226706,-0.3148332428976267
0.05122672279883091,-0.05365313905086079,-0.09130790870542578,-0.8764774201912808,0.8155193171206258,-0.28891080127523416,0.8459158422954304,0.17598767756960682,-0.31573507302869297
0.04431888233230617,-0.08171922682996775,-0.0730316905893761,0.6844534742826567,0.37545694384747075,-0.5602142136025474,0.8459418527807296,0.17574513993694654,-0.3166369031597592
0.055121741826036394,-0.10276660884697156,0.03697249727311576,0.17960921732197854,0.5943800191719789,-0.012048004250784672,0.8459674341905774,0.17550275742755936,-0.317538466680836
0.05882502370138145,-0.1206533543358131,0.10520393531349642,0.14408087678002823,0.5765694441992743,-0.210876712008508,0.8459913343251859,0.17526098274814028,-0.31843898552603617
0.0546159961264612,-0.1340315590116897,0.1167447310095643,0.4531144668969176,0.22371013880109858,-0.6108347066950053,0.8460152344597947,0.17501920806872118,-0.31933950437123637
0.049177127027630274,-0.13507623989373016,0.10214939323060612,0.07480765698140315,-0.008731026709006754,-0.044991218916052844,0.8460391345944032,0.1747774333893022,-0.3202400232164364
0.03501832844845887,-0.12299041509032928,0.031186505982997808,0.07910241087831216,0.05648197459389676,0.9667275706695175,0.8460627133687566,0.1745358964399575,-0.32114032935175346
0.05318316464399601,-0.13521637948990453,-0.05102230496280669,0.8026851244224332,0.5406808246789254,-0.3775238108395502,0.8460855378391782,0.17429491749592635,-0.322040136209706
0.06258268496811908,-0.13185079861849092,-0.09176172273113738,-0.2554217977258324,-0.4333157115495699,-0.7563886184909681,0.8461083623095996,0.17405393855189516,-0.3229399430676586
0.040733216298618466,-0.11252483963868223,-0.09428473854835281,-0.33755221851222084,0.09461244107494227,-0.11187392136025309,0.8461311867800212,0.17381295960786391,-0.32383974992561115
0.05478343764399549,-0.11783156386822516,-0.06370233512646148,0.6990779043358039,1.1184306823703063,0.40916042933049823,0.8461530915373716,0.1735704921622387,-0.324739120651789
0.07846477252741765,-0.12635776570233806,-0.00834024803657947,0.8513425785547486,1.064103577120616,0.1014671158342324,0.8461735828409493,0.17332573712469002,-0.325637821112292
0.07422272294187017,-0.10580592007559979,0.058251762355756145,0.05440940812966394,0.3331977107656692,-0.4029028544101898,0.8461940741445271,0.1730809820871414,-0.32653652157279495
0.06616503923336894,-0.06389028552752385,0.11116987430254124,0.9907716712327311,1.0113498764914737,0.28066753028693014,0.8462145654481048,0.17283622704959264,-0.327435222033298
0.09252857183953242,-0.05362912531668437,0.09344892500259248,0.989979945727949,0.065273090667888,0.4537338002125395,0.8462328096103436,0.17258913069642223,-0.328332752525682
0.08988628577577049,-0.049222968541551566,0.011820791369211764,-0.28984443290116035,-0.05025537696016637,-0.24798798724760296,0.8462487114133901,0.17233959381934116,-0.3292290634750267
0.08267940634516481,-0.016458468138151425,-0.07513564675044598,-0.1154321194048955,-0.2892431124968264,-0.5359828437832075,0.8462646132164364,0.17209005694226,-0.3301253744243713
0.06598216840425052,-0.014195217962061893,-0.10199235088180368,0.6253521304654734,0.07382151649361518,0.16368658023380966,0.8462805150194828,0.17184052006517891,-0.331021685373716
0.05399105179149841,-0.014425771414771393,-0.07263565144630704,0.4442819718172072,1.1740641993629033,0.4785581381509001,0.8462938950053135,0.17158861960255045,-0.33191665674814025
0.058866528879702444,0.0039033314017003166,-0.017068190957996394,-0.2786251998618492,1.4948549111694827,-0.19986886716259278,0.8463054864682962,0.17133504283811546,-0.33281067806942966
0.06506183904707788,0.015002139714133942,0.04326177934711928,0.31038341716258655,-0.39511916423962695,-0.6816720797024516,0.8463170779312787,0.17108146607368044,-0.3337046993907191
0.01949302512114833,0.00880996430499477,0.10415054406896758,1.237392720350678,-0.37534703841608513,0.3648291222104003,0.8463286693942613,0.17082788930924547,-0.33459872071200847
0.008199825107226218,0.008440564928799143,0.12080708524926853,-0.6332560781084193,1.9990304286402882,0.11331430286928601,0.8463385006021962,0.17057304411548,-0.3354917834785689
0.03069085436822547,0.0034912605445270597,0.08593966494053966,-0.2941660900276255,0.5724760773756328,-0.34225275345377604,0.8463475053489196,0.1703176033786752,-0.3363843961919943
0.01954801416099896,-0.021989874161423992,-0.00966891673172164,-0.6013932675154086,0.3365645206062512,-0.16133291392135973,0.8463565100956427,0.1700621626418704,-0.33727700890541973
0.019662460605419544,-0.03953434775313496,-0.08509216425347785,-0.6118666862274236,0.9293646347830304,-0.09855854729011426,0.8463655148423663,0.16980672190506557,-0.3381696216188452
0.04349787224272034,-0.04496923687959597,-0.08216645012595515,-0.27685796790647493,1.1161517999484847,-0.1583156737513356,0.8463728582500886,0.16955024163903645,-0.3390613281473609
0.05903642710988348,-0.057958465710627065,-0.008657729785889256,-0.5138963162592856,0.9076060730413031,0.2368435143464378,0.8463797219128586,0.16929346118809777,-0.339952772996812
0.08964120390584482,-0.06300175367768335,0.08437690465831796,0.5388182914346458,1.2273643448797678,0.041381191285864816,0.8463865855756287,0.169036680737159,-0.3408442178462629
0.08678606360765144,-0.06838275325260361,0.09931008923316571,0.8741323473326245,1.023042834784096,-0.41783702231668407,0.8463934492383989,0.1687799002862203,-0.3417356626957139
0.10205402521424001,-0.038484981867587954,0.06592027139515189,1.042384056833155,0.03791374976819412,0.46223341657809947,0.8463937495642933,0.16851876763549417,-0.3426234989373009
0.11021544707424011,-0.05402855301275183,6.283030498571967e-05,1.1302966639744942,0.08516284020388415,0.19902886609990666,0.8463930810166489,0.16825699251718026,-0.34351080247963167
0.09388593320924511,-0.03991052113496216,-0.0746010237557349,1.1064403039319861,0.2667252140614588,-0.03599117959617004,0.8463924124690045,0.16799521739886647,-0.3443981060219625
0.06657331835334741,-0.014877225891604822,-0.107156776720706,1.2377586004250822,0.3832098396193701,0.2830110308182796,0.8463917439213602,0.16773344228055265,-0.3452854095642934
0.05095717648384697,-0.028259735200850223,-0.06437824221760637,0.9990303970244472,0.8859968284185565,0.35043764824654744,0.8463848851505491,0.1674635730740347,-0.3461696130428623
0.048119835679596386,0.011228902951115439,0.007266054921924645,-1.722021296716277,1.2277229667182488,-0.6471809032943643,0.8463778138398866,0.16719342595890901,-0.3470537100814736
0.022187550460361694,0.059396626727948286,0.06244208774265263,0.3821063465355685,-0.009399544971434519,-0.9428102444208228,0.8463707425292242,0.16692327884378322,-0.34793780712008504
0.003925421067374949,0.048456695409139,0.12005378257900885,1.2296984432199864,0.7004757012351048,-0.09529815515408124,0.8463632084661707,0.16665275827488488,-0.3488216564434998
-0.003000747747077591,0.061492822819341236,0.12486714808643157,-0.1628698163655784,0.9171037406725614,0.2530901987247596,0.8463487022670918,0.16637661100247964,-0.34970177352461923
-0.015100324232731095,0.0844486469426142,0.0666235767029125,-0.3924850884165808,0.15859611535941218,-0.1489166248671605,0.8463341960680127,0.16610046373007437,-0.35058189060573863
-0.04355024900031843,0.0915758123081829,-0.013881353286683011,0.539969326726882,-0.6271887621528122,-0.43255596174283006,0.8462722031274845,0.1660254085558311,-0.3510589124375172
-0.08078341054123311,0.08320333750265692,-0.07192164956261313,0.49385926519657036,-0.2459875059780863,-0.046833924548350225,0.8461229347077577,0.16631811788381162,-0.3507981408926673
-0.10276041924123304,0.09166668456429325,-0.1027615564136096,-0.887391055897962,1.1706571961472656,0.12023203719447473,0.845917628512221,0.1668384026206164,-0.3500779918172157
-0.12969613638150915,0.08565273153560041,-0.06342706277972733,0.8716272384697199,-0.4383929983475777,0.19391844208289122,0.8457123223166845,0.1673586873574212,-0.34935784274176407
-0.1299094184255048,0.06780727400106275,0.008670045596460946,-0.16990452106269593,0.5209542613343239,0.32047662592986015,0.8455070161211475,0.1678789720942261,-0.3486376936663125
-0.15216597386376168,0.08205813784272027,0.06640587667298319,-0.08573089136025991,0.9821612602507256,-0.29599623910732475,0.8453037363443144,0.16840088159617436,-0.3479186362380446
-0.1559905991560045,0.098105845494155,0.07501355092364484,0.35277820846970687,0.2509347424186564,-0.5367279139213625,0.8451064361636557,0.1689275854870705,-0.34720280006376186
-0.1532211860315623,0.09625068496918154,0.04684932219906451,0.579736628852285,-0.5927370524591568,0.12131992454836649,0.8449091359829968,0.16945428937796672,-0.3464869638894793
-0.1642241034059509,0.08418804374707754,-0.0020944294123252274,0.39984367561107315,-0.23725150053575947,0.7386873092455186,0.844711835802338,0.1699809932688629,-0.3457711277151965
-0.1676517474165782,0.08716946499043568,-0.07385776170654723,-0.2159801807502662,1.1561087997310902,-0.3479322922422945,0.8445123298405951,0.17050831506411612,-0.3450539418278426
-0.1374464776784265,0.09496508307013832,-0.09016232649110081,-0.055816751164714656,0.21114257981679913,-0.92223519022318,0.8443087011689692,0.17103679175203684,-0.34433423326248663
-0.1314328155105208,0.08591480771519677,-0.06882124759871594,0.42501123255472073,-0.06598781289232009,0.19103878958552833,0.8441050724973431,0.17156526843995745,-0.34361452469713066
-0.1368524751066951,0.09542524396918187,-0.03387593591397089,0.15146413336875197,0.9621062979798005,0.6596007927736487,0.8439014438257173,0.17209374512787814,-0.3428948161317747
-0.11531661497917227,0.09004042099362432,0.023690492800132676,0.2755892301381364,1.0453419624651366,-0.07458556429326535,0.8436958150159404,0.1726223068699964,-0.3421739158979809
-0.08986376734686506,0.0847910455356004,0.06591355020863729,0.07958020958555084,0.46727580746015823,-0.32304147077577383,0.843487681360255,0.17315097512858663,-0.3414515232943677
-0.07622404695366579,0.08575868112646083,0.058448035293413594,-0.20215889351750488,0.17161303683316587,0.35640057598299535,0.8432795477045696,0.1736796433871768,-0.3407291306907544
-0.05734361542189153,0.06943182203719474,0.0035810715339535046,0.6735540174282977,0.17570415739638257,0.24087238469713945,0.8430714140488841,0.1742083116457669,-0.3400067380871413
-0.06155725952391077,0.05367461056004236,-0.07797428958403671,-1.0767090032943836,-0.2898768960783322,-0.2776430361317779,0.8428613960148776,0.17473684382571741,-0.33928324303931995
-0.07303287909670528,0.02923448222465537,-0.07011516852558776,0.7180644519659369,0.7114648385451404,0.679560889479248,0.8426497690116896,0.1752652598154445,-0.3385588066737514
-0.06450191116195542,0.0029720100922424088,-0.038681110106884055,1.1584372495217847,1.0765538980248122,0.05620896599362801,0.8424381420085015,0.17579367580517186,-0.33783437030818275
-0.10216274995005457,0.016921283412328087,0.0324166623522041,0.7113347564293139,0.6783042923924911,0.04148811795962715,0.8422265150053134,0.17632209179489905,-0.3371099339426143
-0.12726407170074414,0.016392051264612763,0.08019856601745182,0.7909038213602388,0.8530712297357398,0.28569937513283783,0.8420133758873539,0.1768503848643287,-0.3363846260786398
-0.12719934486758794,-0.0005345767757702728,0.04789533086143612,0.8572329510095499,0.9501265717123629,0.13109812114771202,0.8417993670563231,0.17737860723450227,-0.33565881696068023
-0.1459263003776843,0.013064419200850842,-0.04328672359301241,-0.3084713894793127,-0.315855646247291,-0.192547180658881,0.8415853582252922,0.17790682960467585,-0.3349330078427206
-0.11419850809670568,-0.009084479018065882,-0.05418377299413971,0.8174832251434662,1.3751695219784317,0.09206411370882073,0.8413713493942614,0.17843505197484946,-0.33420719872476085
-0.10487632953815071,-0.01125100959723701,-0.047662616228061144,0.4406433959192267,0.6188371780262626,0.0540528767268853,0.8411537120828905,0.17896322702515058,-0.33347924805526036
-0.09679620423528176,0.0051983190797020885,-0.03392849040125187,-0.3448781610201758,0.1588267897471505,-0.27617921147714597,0.8409347347077577,0.1794913845993623,-0.33275050647183846
-0.08364841365462261,0.008372729183846938,0.003951624192618689,-0.101037602656742,0.28479158622607886,-0.26321514558979686,0.8407157573326248,0.18001954217357424,-0.33202176488841656
-0.06629620251923543,0.006956599618490909,0.044793478003942254,0.6399088936237813,0.8470469467843338,0.02393492773643935,0.8404967799574921,0.180547699747786,-0.33129302330499466
-0.044601064853028824,0.021557363046758576,0.06838077960694176,0.4988687070138238,1.1680555071456769,0.058351928799153185,0.8402864498831031,0.18107824849415521,-0.3305692725823592
-0.021112567124866952,0.05230362676408087,0.06648329869982948,-0.7115514960488705,0.4671924487825361,-0.41210969819341514,0.8400779448671626,0.18160930191002483,-0.32984657520722643
-0.010458622658416728,0.05557976430712033,0.0356947234761841,-0.03692315730714466,-1.2605977076881782,-0.49603818703508473,0.8398694398512221,0.18214035532589448,-0.3291238778320935
-0.0019855507264611473,0.04217674551859714,-0.013071780465984341,1.289238121481413,0.21112474247123522,0.3475730786397513,0.8396609348352815,0.18267140874176407,-0.32840118045696065
0.03724458905629265,0.055897778958555355,-0.06099420260692977,0.010718982486660256,-0.08106629250219705,-0.058519159404907484,0.8394554660998937,0.1832052854031173,-0.32768008497343243
0.061209267188629034,0.07256195584272042,-0.07764370958819307,0.8028165839744856,-0.2553680452120916,-0.273304758767269,0.8392502572263549,0.18373940369358838,-0.3269591265887354
0.06745290685334744,0.06522963534750212,-0.036035736304044004,0.7139766609670237,0.3432507821740349,-0.08962277577044908,0.8390450483528161,0.18427352198405958,-0.3262381682040383
0.06912220988926662,0.055524069292242,0.04586973174099161,-0.3442760454091342,1.0519560403681794,0.05030842295430915,0.838839877141339,0.18480774462734686,-0.3255172248671626
0.06876121303974478,0.06417069127842709,0.1060620472449649,-0.23847022535599455,0.9243581667553514,-0.19648702869288037,0.8386369374070138,0.18534815017499123,-0.3247971731137087
0.04516428546014836,0.0479902091037182,0.07749524088131562,0.9755596417640685,0.051148498848816976,-0.38322938682250474,0.8384339976726886,0.18588855572263546,-0.3240771213602549
0.033575375237300815,0.010822784032518823,0.06319502513194239,0.6142930137088226,-0.792232496368973,0.3453590180658832,0.8382310579383634,0.18642896127027983,-0.3233570696068012
0.004338094981402095,0.02662604681041488,0.0035330716901560387,-0.38187301923487793,0.18502484297181807,-0.0390251679064928,0.8380276723166844,0.18697050701558626,-0.3226366706695005
-0.012495760870881813,0.027383515325186087,-0.0655297511773689,-0.23777735723529247,0.521660999081576,-0.6810074633368615,0.8378207526248671,0.18752108988310304,-0.3219135199787462
-0.03203874905844863,0.015972833111477052,-0.09457474316046163,0.4409154482329489,-0.258040091131306,-0.11850746333686502,0.8376138329330498,0.18807167275061992,-0.3211903692879915
-0.05360139023273171,0.0058572312897979695,-0.08184201879546305,0.6207153574707551,-0.3543219771248658,0.6153794505844772,0.8374069132412327,0.18862225561813675,-0.32046721859723687
-0.05734120083103104,0.004108113307332583,-0.027487799590828983,0.2377322521785315,0.5665557430451191,0.3285725557917143,0.8372001492348565,0.1891744683475027,-0.3197440487778959
-0.027895910229542933,0.009513399412539827,0.0889434743150555,0.4868188396386781,-0.3617190828847277,0.06201828374071816,0.8369939799468651,0.1897329071491322,-0.31902080588735393
-0.02272899055366642,0.008275154564505869,0.12279380425906349,0.27549732848034425,0.7893120408342901,0.8310652816152881,0.8367878106588735,0.1902913459507616,-0.31829756299681194
0.01770360763443173,0.02087641781402772,0.10590273502339627,-0.23213671798087476,0.8641282371137736,-0.23815166206164307,0.836581641370882,0.19084978475239103,-0.31757432010626985
0.03210850536663146,0.013552188188522427,0.05428634227861844,0.286155844059538,-0.1885505925143261,-0.580222862911798,0.8363780546227417,0.19140741031385058,-0.3168526582359191
0.026057711952178625,0.00791657855812965,-0.012557533581150436,0.23632693267800636,-0.35739891524646555,-0.18320459829968527,0.8361804112539851,0.1919631643088913,-0.3161346348777896
0.027945557506164065,0.011299586085866259,-0.07433526868436963,-0.13659141354941742,0.2941579583412255,0.4637287980871534,0.8359827678852285,0.19251891830393206,-0.3154166115196599
0.05010645348947874,0.011091551680978095,-0.09537684698338711,-0.26166993560042123,0.7636105303125224,0.5146685058448721,0.8357851245164718,0.19307467229897265,-0.3146985881615303
0.07349360311827846,-0.004957780150903193,-0.041061195444710236,-0.44426940329436854,0.6297254393879714,-0.44214144102018516,0.8355872658873539,0.19363024051718028,-0.3139804689054198
0.07943555376833177,0.012570353866100458,0.02833349085264604,-0.5885094001062745,0.8595619150730545,0.4296725664187324,0.8353890821253985,0.1941855281349628,-0.3132622048034007
0.11095471530711984,-0.02085483885334724,0.11418363932003311,-0.49281226056323135,0.2988785369957892,-0.5551676301806499,0.8351908983634431,0.19474081575274527,-0.31254394070138153
0.1025509014461208,-0.0013111054743883185,0.1023157329778382,-0.9336131602231776,-0.47766224842432087,-0.4020083326248578,0.8349927146014877,0.19529610337052786,-0.31182567659936233
0.08368344587460189,-0.006178428575982459,0.056657129472863325,0.3869288146651999,0.38219704144811295,0.25401490860784826,0.834798538395324,0.19584801573857602,-0.31111003024442085
0.08528342605823604,-0.031069977539319997,-0.005084563247648211,0.9376687115621604,0.7480196187064003,0.3125131955366598,0.8346084707757705,0.19639646776656045,-0.31039706763018066
0.08561431236004091,-0.03460324675451518,-0.07017574794511984,-0.3028456969989652,-0.2308349056294244,-0.16711637513283684,0.8344184031562167,0.19694491979454484,-0.3096841050159405
0.03974141643230624,-0.003055283196599242,-0.11141114866636452,-0.7053880814027803,-0.5333833353849946,-0.12794992454835352,0.8342283355366631,0.19749337182252924,-0.3089711424017003
0.01743466296174242,-0.018391263425079976,-0.11636985535454689,1.4434945753454163,0.5888589680156726,0.054686568544104475,0.8340377382465463,0.19804214301098133,-0.3082578538363443
0.016336117585122253,0.02104240787566332,0.019472883923121385,-0.7176511979808249,0.3594908122451601,0.14391717003187843,0.8338467716790647,0.198591136712717,-0.30754433802337944
0.009544237538575941,0.019227033254410157,0.09488864499175678,0.7696389756641979,0.08446208509919996,-0.3076898618491004,0.8336558051115834,0.1991401304144528,-0.3068308222104144
0.0018606449239104792,0.0084768172059508,0.12856785170069354,0.7920012539319548,0.5184362402101012,-0.16817722529222756,0.833464838544102,0.19968912411618844,-0.30611730639744955
0.007257283873538657,0.023907722655366268,0.12368650622734682,-0.41544805078638586,0.7632373270790132,0.02601764399575046,0.8332795321253985,0.20023861842897622,-0.30540709409139216
0.015541506688203928,0.04704937876025486,0.07479418161125316,-0.7376419214877503,0.361871394613537,-0.10124791817216128,0.8330968328055259,0.20078834332624876,-0.3046984034006376
0.011911711633581228,0.03384130055972423,-0.007433186945878916,0.6524435235281527,-0.3106276169698561,-0.13114506376197355,0.8329141334856536,0.20133806822352107,-0.3039897127098831
0.0146047744973432,0.010156293212327326,-0.065040087978226,1.0001723338575914,-1.024652371114392,0.6136388416578082,0.832731434165781,0.20188779312079347,-0.3032810220191286
0.0029528395377254654,0.013669537544952287,-0.11179359786133376,-0.5841747887779445,0.9056994301817981,-0.09755055154093561,0.8325516357598299,0.2024441825281616,-0.30257355802337943
0.019100137511158154,0.004108772302656854,-0.11429005333423355,-0.16424838059511826,1.2515385216156738,-0.6864490350690691,0.8323726551647184,0.20300245076018414,-0.30186643985122213
0.02059678685122199,-0.015778470218278832,-0.019886924051553217,-0.005525805316685846,1.176136300063767,-0.014198951115812264,0.8321936745696068,0.20356071899220685,-0.30115932167906484
0.039270360897979965,-0.01912460493751359,0.0754003453278267,-0.18339464812007927,1.3914113304569566,-0.24417332093514332,0.8320146939744952,0.20411898722422953,-0.30045220350690754
0.06719736183209356,-0.012182523107545182,0.12099552072204646,-0.04533546665249433,0.9665703772369822,-0.8669452104144497,0.8318394938894793,0.20467745815975913,-0.2997473119341126
0.06933203521997817,-0.014953624465674754,0.1277795290184929,0.5452201968118989,-0.446872314750239,-0.04603463230602145,0.831664831317747,0.20523595791569255,-0.29904273693942607
0.05078504066471845,-0.013360288137300693,0.09907361010568151,0.4074640524973494,0.18013856814027798,0.9991645387885342,0.8314901687460148,0.2057944576716259,-0.2983381619447396
0.044512492129649195,-0.018615909008714224,0.028976025613693637,-0.23552560255048893,0.821564733815109,-0.20119076301808647,0.8313155061742827,0.20635295742755944,-0.2976335869500531
0.04056622557066958,-0.01610599783804471,-0.046037258539332035,0.22331730673749972,-0.4207022906907331,-0.7128535674813925,0.8311402865781085,0.20691158102196244,-0.2969286687885229
0.038609929349096704,-0.023973476140488885,-0.09317879791446743,0.17831802992561013,-0.056457729585536014,-0.1944143506907512,0.8309650503188097,0.20747020832093516,-0.29622374036131777
0.03454872960892648,-0.023753326525185695,-0.08421559662536868,0.11717453736450886,1.1953348321573294,0.41457412752392386,0.8307898140595111,0.208028835619908,-0.29551881193411256
0.032731787854410166,-0.01999423702157276,-0.024266013778897505,0.4785295213602477,1.409175020275971,0.2940758607864069,0.8306145551859723,0.20858741597307834,-0.29481387551540916
0.03449558570350682,-0.02467449863719454,0.05297876187897468,0.7437046717321807,0.2529249958965322,-0.394476478214667,0.8304389782996813,0.2091453361509033,-0.29410882671625926
0.030475855783209153,-0.025470900477152867,0.1059655768881683,-0.35567917011689004,0.27210127246400134,-0.43219250053135205,0.8302634014133901,0.20970325632872827,-0.2934037779171095
0.03940941684697133,0.012409561086716366,0.1173263293986934,-0.6490145671413399,0.8161593868104456,-0.35517794155154014,0.8300878245270988,0.2102611765065533,-0.2926987291179595
0.0629645198735395,-0.01295848765536751,0.02195648496773169,-0.138250065753862,0.22011212538641692,-0.2819367683315601,0.8299125833475026,0.2108193765228481,-0.291993855632306
0.06238172085547299,0.018450207849064284,-0.06337732897486355,-0.7110614794337841,-0.3194616469089881,-0.38449601381508813,0.8297390809564293,0.21137902595890895,-0.29128989018065893
0.06423207211583436,0.018353133404441564,-0.07544714029953555,-0.5426628086673609,0.7171995495628776,-0.456589112646121,0.8295655785653561,0.21193867539496997,-0.29058592472901174
0.07477668017428235,0.010278837137703969,-0.03818076795855575,-0.4268640005908394,1.308253212687212,-0.3203482837407101,0.8293920761742827,0.21249832483103082,-0.28988195927736454
0.07920750331137083,0.02236880133772577,0.00954579293113723,-0.35390446939425524,0.1648109995097084,0.03519864718384902,0.8292197017747076,0.21305848364222463,-0.28917862634431457
0.0628039771710944,0.0008001163907966795,0.06680625665747802,1.7583502246439486,-0.2846048074186671,0.3336590860786206,0.8290505839957492,0.21362011306872125,-0.2884771195536663
0.05602410427417648,-0.011753593790648114,0.10114745767390325,0.12285592315623473,1.7302507818062105,-0.32474939001062,0.8288814662167907,0.2141817424952179,-0.2877756127630181
0.05057349088416571,0.01648227067183894,0.07712386103059925,-1.4410366991817454,0.4034498913155867,-0.3692208204038252,0.8287123484378321,0.21474337192171453,-0.2870741059723698
0.02624458966014949,0.0002652963672695541,0.043094753937311346,0.731422394580157,-0.5307750436340404,0.3253743262486495,0.8285450309245483,0.21530495618349274,-0.28637366597236996
0.015484601597449523,-0.005987055928374057,-0.02751548203505953,-0.2967893641870418,-0.13719382318666187,-0.1470977120085042,0.8283810174282678,0.21586645755472902,-0.2856751838469713
-0.00027511053560137777,-0.00654525565222129,-0.07938583663654733,-0.8775246173219209,0.11980898267944645,-0.6013166811902106,0.8282170039319874,0.21642795892596536,-0.28497670172157274
-0.024846167032943633,-0.020011312278958276,-0.07163175296598437,0.9998510283740707,0.060471674645413726,-0.06406265462274874,0.8280529904357068,0.21698946029720156,-0.2842782195961743
-0.022373907343251273,-0.034166955787884576,-0.027274813190212577,0.6773614100956142,1.262649541637994,0.4532011838469643,0.827891065781084,0.2175521425526036,-0.28358088633368755
0.017283084511157357,0.010068456911369778,0.031195721134971065,-1.26365467385755,1.4947364916911197,0.055900918172167025,0.8277317134962805,0.21811627904498757,-0.2828849678746016
-0.004150866384697163,0.009594124692454832,0.05282465163444121,0.5643265265249762,-0.43607396722492375,-0.7456920616365572,0.8275723612114771,0.21868041553737164,-0.2821890494155154
-0.013268090134962968,0.011253073560680192,0.07021395469185618,0.6027217190860685,0.12684123760084637,-0.39651636344312813,0.8275796719680928,0.2185569966982853,-0.2827753587230553
-0.006888651765143627,0.03291585290605701,0.060372499065955314,-0.4174108269712908,0.8730884393227655,0.2501083602550409,0.827651169582005,0.2181653501487779,-0.2838559739461565
-0.004520028200850279,0.04258670010414435,0.013726173274719564,-0.182059153772556,0.5727292927446072,0.17855809139212475,0.8277370486857952,0.2177114938575983,-0.2850476385086788
-0.02591723936769281,0.04417479486843705,-0.04268914781310264,0.43054147917114083,0.06724376813252869,-0.19342202125399766,0.8278229277895854,0.2172576375664188,-0.2862393030712009
-0.060873282937619545,0.06668977650818277,-0.06176973295371481,-0.7801452813496266,0.861625533265387,0.10063437938363506,0.827908806893376,0.21680378127523917,-0.28743096763372294
-0.04767424492486707,0.04947301162646116,-0.0311259444535351,0.8950259040913829,1.608142853371618,-0.6404835164718214,0.8279947138186328,0.21634989879914981,-0.2886226567445979
-0.04440593393910738,0.04655681356981937,0.013670795294792738,0.5540688854941594,0.1973482261878269,-0.048739350690761185,0.8280806364612114,0.21589600153028693,-0.2898143597236983
-0.0701843278558984,0.0349550529407012,0.0457751290330803,-0.2637294518916171,-0.002006866124411493,0.44914924973433124,0.8281665591037903,0.21544210426142402,-0.29100606270279855
-0.08676585659479251,0.04055222005951079,0.0698486876515125,0.08720954685438642,0.8875644520957063,-0.04550217853345018,0.828252481746369,0.21498820699256116,-0.2921977656818987
-0.08790320223241231,0.03754439577470775,0.0714370846195738,0.3814275171094579,0.8987089871544612,-0.5723129489904348,0.8283385567481402,0.21453292250265676,-0.29338965487778956
-0.07628993994760838,0.022189334292454566,0.03960038509948566,0.12252603162592317,0.03413884481582465,-0.3449935079702211,0.828424686840241,0.21407713641870346,-0.2945816114063055
-0.06199624810382561,0.008405790025717686,-0.01884623909498513,0.07601125431454926,-0.008504468500177966,0.40603164399574787,0.8285108169323414,0.21362135033475027,-0.2957735679348212
-0.06900041420584468,-0.01894331309861863,-0.07271804302867334,0.7744121642614179,1.2664486366432959,0.506322230605722,0.8285969470244421,0.21316556425079702,-0.29696552446333696
-0.05732751625685472,-0.029371426177470496,-0.06603132517532541,0.31660526872477296,0.6653539634233412,-0.8213813931986902,0.8286864607509741,0.21270979049415514,-0.2981594873680481
-0.058285836864718395,-0.010163589323060574,-0.029448058153008376,-0.4471521696174282,-0.14050176978602638,-0.43537549946865006,0.8287766681225646,0.21225401926461213,-0.2993538615798796
-0.0650176053068015,-0.013863437589160841,0.01912962439747033,0.07042617093520254,0.7432429705965863,0.21695260467589428,0.828866875494155,0.21179824803506908,-0.30054823579171114
-0.04962251519203022,-0.011680752013921566,0.06064271746016778,0.2055780471838548,0.291113306356403,0.0038085377258365583,0.8289570828657455,0.21134247680552598,-0.3017426100035424
-0.037564783077258516,0.004297442512114991,0.05976170951117711,-0.276046565993628,-0.4499983812100271,-0.46402918809776494,0.8290482547538081,0.21088215528586607,-0.30293786578816867
-0.05305212172125414,0.01475443080786428,-0.0005781472900952162,-0.32845247308185077,0.3444007304265337,-0.2437746652497399,0.8291395044952178,0.21042146647821466,-0.3041331927311372
-0.048744682949734316,0.0057800640767268745,-0.07936094124121328,0.38362776494155215,-0.32291163720366745,-0.05532049946865136,0.8292307542366277,0.20996077767056323,-0.3053285196741057
-0.06375586566843822,0.026801008755154627,-0.10165509019619756,-0.741941322943706,0.09564666959761878,-0.5916033368756768,0.829322031980163,0.20950009390010632,-0.30652386314204755
-0.04860397472476115,0.024522543774176477,-0.07874319267044286,0.3780743675876541,0.5130391771317859,0.0354656780021152,0.829414631424017,0.20903964788522852,-0.3077199865887354
-0.046922392321147754,0.01364991091094564,-0.015937804952694378,0.7172288816153028,1.058572164357082,0.17309742401700312,0.8295072308678711,0.20857920187035067,-0.30891611003542335
-0.043179284611264857,0.026630738886609138,0.042837719946686295,-0.23578698820399369,1.0430686308820603,-0.15223992986183532,0.8295998303117251,0.20811875585547293,-0.3101122334821113
-0.04042215576578108,0.040413907807651445,0.08692841215070493,-0.4399115158342206,0.2201542585547382,-0.30149228692880037,0.829692365781084,0.20765822712008497,-0.3113083239001063
-0.044258716381402705,0.029337559283952885,0.09818193422574113,0.22305121753447954,-0.4650577766418535,-0.2731259181721786,0.8297844145873184,0.20719706911795954,-0.31250416306411627
-0.04589226658512164,0.01664893720197678,0.028059684727733947,-1.6496048195962028,0.43148381205101677,-0.8934362221041656,0.8298764633935529,0.20673591111583411,-0.3137000022281262
-0.08523106189181769,0.006002448628087009,-0.0631860033995509,0.3242415112221273,-0.9080819303506987,0.5139148278427381,0.8299685121997874,0.2062747531137088,-0.3148958413921361
-0.1000398292205097,-0.02559920359617336,-0.10645928561189519,1.7152172713070823,-0.1099997806698727,0.6746035887353852,0.83005999680836,0.20581301411264613,-0.3160913884307474
-0.08880287075929866,-0.03133768240595112,-0.1156326098512221,-0.508765867268858,1.121643215439934,-0.42346160148777656,0.8301493795040737,0.2053491106057386,-0.3172858471590507
-0.08819184564505872,-0.020839964784271664,-0.0827177791126448,-1.0173277556322764,0.8072208729156284,-0.5880645972369667,0.8302387621997875,0.20488520709883096,-0.318480305887354
-0.09913823669287973,-0.02285203104569572,-0.022785042655686445,0.7094053486184557,0.2306306240846156,0.034713611052062276,0.8303281448955013,0.2044213035919235,-0.31967476461565725
-0.09303905310350637,-0.03053381109776799,0.044934795042508746,1.5335732778958224,0.7532645136436216,0.2796434718384617,0.8304166798547645,0.20395683623804464,-0.3208687664470423
-0.05187241138437835,0.0008385583347491413,0.10353523682784287,-0.9728766440595131,1.3743090141750118,-0.3314635866099813,0.8305033016790649,0.20349109641870355,-0.32206173717322006
-0.050617655685759835,0.04051447759086071,0.09820147721041447,-0.9019416128161531,-0.4577685256762585,-0.647505616365569,0.8305899235033651,0.20302535659936244,-0.3232547078993979
-0.035913004151221735,0.031368840125398256,0.0830433224654619,1.0995468548778398,0.02254950686323848,-0.37629062805525315,0.8306765453276657,0.2025596167800212,-0.3244476786255758
-0.003002402759511731,0.03489508126461201,-0.027620918797022387,0.05711713649312,-0.08067007164970992,-0.2410934367693951,0.8307614910414451,0.20209440865674821,-0.3256396195642933
0.01696768357205113,0.04959302225504803,-0.10209927226567528,0.09760268043571796,-0.13226191731954776,-0.5120193623804514,0.8308439485086786,0.2016299898554729,-0.3268300317463692
0.01850590997513305,0.04794072885228549,-0.11181929870988382,0.4230028720829031,0.24450566016180378,-0.37805938363445435,0.8309264059759123,0.20116557105419763,-0.328020443928445
0.011441870253134975,0.028719215425079728,-0.05651305789585578,0.10387003590116914,1.0244155608047851,0.2517186280552597,0.8310088634431456,0.20070115225292237,-0.3292108561105209
0.009205193985335121,0.01839667091923456,0.051177286950054246,0.07235803892986581,1.6277403100076775,0.360236484590839,0.8310898492844491,0.20023830658661002,-0.3304002876337232
0.02375626737088179,0.00602495472369839,0.09802249640807575,0.2385017243389984,0.555802751027971,-0.5904293421891449,0.8311693512362734,0.19977704716471834,-0.33158873032589453
0.04270355060467608,-0.01785528511158367,0.11724973201275259,0.7624064389054253,-0.54018776210702,0.05693215090330206,0.8312488531880977,0.1993157877428267,-0.33277717301806603
0.015360391008077564,-0.020943264947927764,0.09060008472688733,0.08055111760895362,0.5309060026538402,0.22749719872475893,0.8313283551399221,0.19885452832093511,-0.3339656157102375
-0.0005145174244420674,-0.03544281130924542,-0.024596884202975094,0.7416334018916003,-0.2562017279305948,0.42028622954303785,0.8314081351895146,0.1983935469968119,-0.33515422404534195
-0.02980897656727008,-0.05198344592564321,-0.11409289775944788,0.9682082931136877,-0.6142688117988004,0.4396850882040333,0.8314881058235919,0.19793275625717316,-0.3363429458979809
-0.0628598213626993,-0.051015135408395695,-0.1033271795999145,0.5371749079383562,-0.04465037848319785,0.09117526354942562,0.8315680764576692,0.1974719655175345,-0.33753166775062
-0.06486692582996836,-0.03486388658586621,-0.01954449294418329,0.8849606858129645,-0.15085676532697673,-0.2179128597236879,0.8316480470917463,0.1970111747778959,-0.33872038960325906
-0.08771265152497387,-0.044535884180978626,0.06284275473913029,0.7998113073539259,0.9025706294551464,0.7643431509033292,0.8317282858660998,0.19654883976195534,-0.3399093548990436
-0.07254636600882046,-0.012672731915409248,0.10393863003625468,-0.7776387814877732,1.3330383722819377,-0.3890210998937249,0.8318086457881686,0.19608580703081832,-0.3410984301842013
-0.07139696537566421,0.004669630275345716,0.10235864272103047,0.1764028935813272,-0.11516455347793042,-0.9275810616365661,0.8318890057102373,0.1956227742996812,-0.34228750546935893
-0.06540653704208303,0.01087524618448454,0.07328418407620128,0.49169046756642065,-0.03957229264899931,-0.370942872476105,0.831969365632306,0.19515974156854407,-0.3434765807545165
-0.06117868379064824,0.026602945799681442,0.012486462723233841,-0.11662645018066853,0.33942599842431104,0.3924690956429391,0.8320484742578815,0.19469116497130717,-0.34466531057739996
-0.05265265652922484,0.03919858482769424,-0.06923627453458062,-0.4437625919022559,0.10086193844561378,0.2231029659936663,0.8321272386114063,0.19422106307757708,-0.345853945352462
-0.03953933650340059,0.03745803859082879,-0.12744495009323736,-0.003660141402759637,-0.15079418625153992,-0.6422029766206201,0.832206002964931,0.19375096118384694,-0.347042580127524
-0.04733774166705495,0.06408619533368708,-0.08707104391923186,-0.7424339577151756,0.8024217667665154,0.2564360063761768,0.8322847673184555,0.1932808592901169,-0.348231214902586
0.013995908345376194,0.04156944342511197,0.04740870708975486,0.19669972846969674,0.1425724222394429,-0.6030772879914839,0.8323607425540205,0.1928090469776833,-0.3494183176904004
0.017718749565355983,0.05436177432167922,0.09960766627275183,-0.12708416727949412,-0.39118820492322626,-0.3459895526036103,0.8324363362592986,0.1923370006928799,-0.3506052109139214
0.012411921621147525,0.053634702076832914,0.10518419263466096,-0.10714162129117266,1.0058418270110245,-0.09439900850158622,0.8325119299645767,0.19186495440807655,-0.3517921041374425
0.02649322183443132,0.029510666608182953,0.06383923465626551,0.08450445636025421,0.9085566337059642,-0.0696762858660982,0.8325875236698548,0.19139290812327317,-0.3529789973609636
0.02429027034495114,-9.64379750269845e-05,-0.006549071052556842,0.45601742034007764,-0.5514453134779441,0.05683631349629081,0.8326619311370882,0.19092552138150903,-0.35416487916046774
-0.019922353687247044,-0.01638868645536649,-0.07992624312854425,0.6846567296068191,-0.8396943506933218,0.08472761742829071,0.8327363083173926,0.19045825360680135,-0.3553507351363798
-0.052740037974527434,-0.025427637027311552,-0.13508510359080464,-0.13665303655684619,0.9385114936857726,-0.9723083097768228,0.8328106854976975,0.1899909858320935,-0.35653659111229197
-0.09286672959617567,-0.046773285550160144,-0.0888083572332415,0.8387550492030094,-0.46156412376345224,0.32279840967060736,0.8328852738682253,0.1895240655005313,-0.35772254608926696
-0.10658647274176401,-0.04043855894017007,-0.021916620688093243,0.13890558660999353,0.8378949558763732,0.5461618379383619,0.8329626449805172,0.1890617232433581,-0.3589098055508325
-0.10368842473535585,-0.027022463839213286,0.049571049330414126,-0.16661998473751632,1.2224928789160552,-0.5371140031881279,0.8330400160928091,0.18859938098618487,-0.36009706501239824
-0.10392901743113701,-0.015314157579139365,0.10366737442657402,0.2864475617109302,0.5793345894159072,-0.8396334973432591,0.8331173872051009,0.1881370387290117,-0.361284324473964
-0.10874417336099898,-0.01272865264187039,0.1219643986068157,0.3987716877151901,0.11017853730182622,-0.12120959617427296,0.8331955362132484,0.18767448877789583,-0.3624720642755935
-0.10884304176694957,-0.01404254273963838,0.08765557590817963,-0.10272661362379357,0.27888243258378537,0.4901932040382402,0.8332775941480693,0.1872108951647183,-0.36366221778604335
-0.09359615552890554,-0.007318948818278379,-0.008444895141763404,0.2122246082677986,0.10589262344457825,-0.06427279489903803,0.8333596520828904,0.18674730155154093,-0.3648523712964931
-0.07042415154378273,-0.016163175268863097,-0.13197014872943935,0.5029662492879976,0.3036679562819905,-0.9954982040382756,0.8334417100177116,0.1862837079383634,-0.3660425248069431
-0.054233504801806894,-0.01611790561317748,-0.14368553001062687,-0.3530772583421721,-0.3939830728788313,-0.5842335823592002,0.8335240852957845,0.1858180458363443,-0.36723300168614964
-0.07256107097502676,-0.0023097499528160217,-0.11404022980381216,-0.05675343219978296,0.550620117194796,0.35990357066950907,0.833607357194474,0.18534653943251858,-0.3684243922104146
-0.05164167087534373,-0.007509672156599958,-0.05699797354268567,0.6121818441870588,1.4497499548363824,0.2576813156216531,0.8336906290931633,0.18487503302869285,-0.36961578273467954
-0.017577733104250898,-0.0028855012536664923,0.03092751424175376,0.5657029608204092,1.2522650725094107,-0.15071596174282575,0.8337739009918526,0.18440352662486717,-0.3708071732589444
0.010004938019915994,0.01703638305026561,0.10708608019287022,-0.04835233203825705,0.7792631984392856,-0.07007965993623344,0.8338571052603613,0.18392986117322002,-0.3719986761955369
0.050247358193443496,0.012437819587173464,0.08322629629168973,-0.01811807875664515,1.2697829260163556,0.12514386716259196,0.8339401876372654,0.1834523044144527,-0.37319038173574215
0.03221238028267787,-0.00017342921442091734,-0.06953462516313504,0.15115498096705748,-1.0062037084151603,0.14678834112646122,0.8340232700141692,0.1829747476556854,-0.37438208727594774
0.029903624418703437,0.017267174014463933,-0.12344073131508722,-0.6826697045802621,0.6644734233596211,-0.049042537725830115,0.8341063523910733,0.18249719089691813,-0.37557379281615316
0.037874905757704504,0.009583508954622828,-0.1468098686902182,0.41186287026566504,0.9351946746879377,-0.46819134643995497,0.834188789571378,0.1820184054845908,-0.37676519371236294
0.04103538943889479,-0.0029110747777473262,-0.1162274362732418,0.5320136866737396,0.40433067550019813,-0.15984016896916842,0.8342704454126815,0.18153813216153025,-0.3779562256818989
0.03806813859833166,-0.0037183876561851063,-0.049772672400228556,-0.06315401598298492,0.2962388180726427,0.35741829011688964,0.8343521012539852,0.18105785883846964,-0.37914725765143475
0.03873338008091401,0.0015217219337938079,0.022478318056068657,-0.10078436658872852,0.9284268723514699,0.14912902444207532,0.8344337570952887,0.18057758551540914,-0.3803382896209707
0.046321172555259776,-0.0009900742592983802,0.07586324379383691,0.6478988456057153,1.2170193288232203,-0.6146591009563771,0.8345152151470068,0.18009691717428258,-0.3815292374247256
0.028306018401275394,0.006023819222529298,0.09177216462699306,-0.04558815982465717,-0.6667145412723485,0.8950044909670645,0.8345965098724761,0.1796159226439957,-0.38272011572794906
0.004675369087353444,-0.0045855862567483465,0.020780701948989053,0.32177621451116545,0.6300041808754101,-0.10293636875666046,0.8346778045979455,0.1791349281137088,-0.3839109940311726
-0.020508138076195025,0.006041715112645832,-0.0896921464824631,0.22796414506907897,-0.15134144401264454,0.37042081721571307,0.8347590993234147,0.17865393358342185,-0.3851018723343962
-0.030866697176939444,0.0025288149659616734,-0.12413298818314404,0.3354662415621693,0.9288340165612026,0.5386724112646117,0.8348410628055261,0.17817324098193404,-0.3862931294899046
-0.02343222355409082,-0.006494998133836588,-0.1026473351708771,0.24625290446013667,1.0952261613645413,-0.16982436769398213,0.8349233973397094,0.17769271590223162,-0.38748459684732584
-0.021609771400637447,-0.009020193319128626,-0.05002397608239392,0.12306424850052904,0.04914977007979819,-0.7094116386822584,0.8350057318738929,0.17721219082252923,-0.3886760642047469
-0.035593788554303514,-0.001978491205525804,0.027129161756810297,0.24807568482464354,0.2343875744585346,-0.08965433581295912,0.8350880664080765,0.17673166574282678,-0.389867531562168
-0.014222902915303306,0.0090622006865043,0.09869673638546968,-0.2584560264612368,1.8091282770940447,0.20266405738576232,0.835169922366277,0.1762517860786397,-0.3910586622139568
0.006400194340382685,-0.01778381416716275,0.054788280988603416,0.9571090281615369,-0.5421823318326906,0.12045034856535608,0.835251608940843,0.175772134848034,-0.39224967369465114
0.005112207570988176,-0.017049029678533348,-0.016556456451623024,-0.27060535456965606,-0.2373039361844107,0.2121579202975603,0.8353332955154091,0.17529248361742825,-0.39344068517534553
0.015162267806907423,-0.012739968003719477,-0.0912979812223455,-0.4320998126567511,0.5360328682087607,-0.3884224829968055,0.8354149820899751,0.17481283238682255,-0.3946316966560397
0.026526569648565507,-0.015154342435706847,-0.14579632543362755,0.32240316524975365,0.4487530505158426,-0.4733760850159303,0.835494560407368,0.17433109575451652,-0.39582161021962464
0.0327291225905419,-0.023422564318809572,-0.15927865790828052,0.672241656195552,-0.13432811913310264,0.10391828055259111,0.8355733094481573,0.1738552669656919,-0.3969873162478845
0.03328555003645054,-0.027680717200531293,-0.1301529547044379,0.07574084497768226,0.10401994079327016,0.40313664187034703,0.8356446325788167,0.17349403490223167,-0.39771823947219276
0.026553549303188657,-0.015490670797023993,-0.07990531176724137,-0.10722472516046129,1.7442262638329113,-0.3388767704569666,0.835693901927028,0.1734731370478215,-0.3971579263088913
0.044416438846227264,-0.0016499435568545322,0.05167267608096587,0.0940037211732183,0.9949289205810814,-0.5272796716259283,0.8357402052391072,0.17344624951434648,-0.3965962800956431
0.03865371906833142,-0.007398723252284934,0.10819462020393343,0.7179366617725942,-0.34515584705975766,0.3935430765143657,0.8357862834502303,0.1734189074070138,-0.39603453271342554
0.015951489645059044,-0.018583492499043307,0.08405106887935476,0.44747986571733467,0.23799395211133503,0.5812875419766232,0.8358323616613531,0.17339156529968125,-0.395472785331208
0.0026758725180658777,-0.022505404515621667,0.012474104387193331,-0.4385201118809826,0.07101585684145051,-0.23443108289054848,0.8358783295005314,0.17336410003613176,-0.39491098132837416
-0.013671091179065915,-0.02825787058374123,-0.06926622084908016,-0.2789176080764574,-0.5043113471751876,-0.7126109776832958,0.8359199744385406,0.17333181115409138,-0.3943469596847326
-0.041303133014877744,-0.04007567514346444,-0.1268313895537876,0.654975228799164,-0.08300750402961304,-0.26986760361317685,0.8359616193765497,0.17329952227205103,-0.3937829380410912
-0.04965374087247661,-0.035671755109032866,-0.13019347013753327,-0.6143557486715993,0.7362471922084208,-0.44209140595112295,0.836003264314559,0.17326723339001063,-0.39321891639744966
-0.0798138583570663,-0.031008175374707864,-0.05363874398412844,0.9202909962805185,-0.41351288568738903,-0.7776474633368693,0.8360444149273821,0.17323492225717313,-0.3926546044456253
-0.06961100769713066,0.01588080952964951,0.08350356201162173,-0.3738426275451705,0.7385483230054706,-0.3233339202975536,0.836081951852639,0.17320244846333693,-0.39208817024087866
-0.06892615816471845,0.012466823483315067,0.10077549731874244,0.25158694244424507,0.21443924039119372,-0.18288809458023358,0.8361194887778958,0.17316997466950054,-0.39152173603613183
-0.06390321269288002,0.009004706189160418,0.059011914917308055,0.7528361927736446,-0.5651214277171643,0.1114476726886231,0.8361570257031528,0.17313750087566418,-0.390955301831385
-0.06639179866153054,0.020695678540701676,-0.016032901233658376,0.30919293985120444,-0.3860801017872892,0.08381941551539818,0.8361944156358484,0.1731046387672689,-0.39038880462982645
-0.07263086983634469,0.02884791648576016,-0.10296335896976927,-0.5017721278427147,0.46583962823428543,-0.4121577879914913,0.83623127130712,0.17307036528480343,-0.3898220784590861
-0.057499246724760845,0.015229747919659885,-0.15939975582165128,-0.4897154715196538,0.484152026683837,-0.448195643464393,0.8362681269783918,0.17303609180233798,-0.38925535228834585
-0.045614923160467225,0.0007935107171090205,-0.17175798789788563,1.257889742082943,-0.5848675524872858,0.9164507805526458,0.8363049826496635,0.1730018183198725,-0.3886886261176054
-0.01860910619075479,-0.0033163674592985807,-0.0472363693262694,-1.2646142442082624,1.0435270998829227,-0.8938413363442965,0.8363431446439957,0.1729670401615303,-0.3881227160998938
-0.0021336136413387715,-0.0032498903285865938,0.04351586178531665,-0.0556521272688284,0.3138210630717137,-0.26709380765141333,0.8363841979667022,0.17293114498724765,-0.38755861250088564
0.029605494884164803,-0.015986743633580824,0.07257341713700949,-0.31377479315618073,-0.3128065942286187,-0.24047377577044315,0.8364252512894084,0.17289524981296486,-0.38699450890187753
0.038640252784271974,-0.024131834326461196,0.03852144492441017,-0.8012921354728992,-0.4712507474273496,-0.49047691179596065,0.8364663046121148,0.1728593546386822,-0.3864304053028694
0.025828932755579532,-0.024547586226355257,-0.03123483805528182,0.010231530116931786,-0.0941982250681199,-0.14559222210412237,0.8365076641197308,0.17282121629543037,-0.38586663288345735
0.03920259035812946,-0.03440673322741759,-0.09396029998939072,0.9113651523910793,0.8554570638584937,0.4380024792773689,0.836549470407368,0.17277980475664187,-0.3853033437159052
0.057664694892666936,-0.03982017464835236,-0.12748905254349965,0.33353548104142927,0.1728696137416161,0.0876779192348458,0.8365912766950053,0.17273839321785334,-0.38474005454835286
0.028917245953241907,-0.011567066714134584,-0.14098739576791136,-0.6691788753878614,-0.05432465225199865,-0.5360875005313357,0.8366330829826426,0.17269698167906483,-0.3841767653808006
0.018665903073326235,-0.0027292403310308026,-0.10618621129478112,0.16090458242295724,0.44751936487832567,-0.26838135281615116,0.8366728100247963,0.1726505850945803,-0.38361260182430046
0.018317307166843877,0.005413020053028975,-0.005186425546966374,-0.3983352834006777,0.6033482183313964,-0.3353877231668516,0.8367104750053135,0.17259924466312435,-0.3830475711052073
0.01677187678214671,0.018734307013814892,0.06343596410187735,-0.3887177627205245,-0.083635574038781,-0.1277721912858727,0.8367481399858305,0.1725479042316685,-0.3824825403861141
0.010875395793836277,0.031745711385759885,0.05749379075736968,0.5049156716684396,-0.3962358779590613,0.19475029543038858,0.8367858049663477,0.1724965638002126,-0.38191750966702087
0.01024595078533435,0.0388490676853345,0.009830141302183326,0.32014748990439246,0.6054105791295028,-0.24164706376193656,0.8368229527098832,0.1724457669266737,-0.3813521484059511
0.023956795147715045,0.047702537992709834,-0.06789371720498084,-1.0274908007438852,-0.05957605918080019,-0.9401438023379356,0.8368597520368402,0.17239533619978742,-0.3807865644881332
-0.04954273366631452,0.022306440020509386,-0.1081300659401275,1.097550655154152,1.4363915674929906,0.7415512019129054,0.8368965513637974,0.17234490547290118,-0.38022098057031534
-0.04123131374495241,0.005883998696599535,-0.07940985254569166,0.1052755997662227,0.504360085813868,-0.5827395207226154,0.8369333506907544,0.1722944747460149,-0.3796553966524974
-0.05164177240276337,0.002653478423273139,-0.025603486049834843,-0.3600830728374078,-0.010150811531496832,-0.5496412805525921,0.8369714384555437,0.17224058884059512,-0.37909081899397806
-0.07685519943783142,-0.0065429365584480075,0.017073934146975472,0.03179824814025739,0.7747592075927723,0.308900285866077,0.8370100971448813,0.17218517189798088,-0.37852668722281263
-0.08863247915409136,-0.02647742219086082,0.035443622441931305,0.5598625278427207,1.2517441490019792,0.47854487991498296,0.8370487558342188,0.1721297549553666,-0.3779625554516472
-0.08398864031243422,-0.046160575272901426,0.024062032838177816,0.42167968405947903,0.20154834623893006,-0.2099950552603449,0.8370874145235565,0.17207433801275246,-0.37739842368048176
-0.10283362512752438,-0.0558804280801274,-0.03461022692376461,-0.5871245384697278,0.16270425639835615,0.25755292348565995,0.8371322860715551,0.17201384013496276,-0.3768383261282324
-0.06458360886822474,-0.06613560136386837,-0.08083880963335971,0.6501448664187215,1.1511252030508796,-0.33103732093518445,0.8371788252816152,0.17195197842720514,-0.37627931144527105
-0.056258329358129765,-0.04433667430286992,-0.07198693347185615,-0.08598554080762733,-0.14417273726793522,0.0511651424016879,0.8372253644916754,0.17189011671944743,-0.3757202967623096
-0.032735471145589765,-0.03448796002337938,-0.0462618456572971,0.04999678129649365,1.322052810022155,-0.3024919011689704,0.8372719037017355,0.1718282550116897,-0.3751612820793483
-0.0034257770637611835,-0.026841597522528928,-0.009199285346118772,0.22829122839532198,1.2607252121050088,-0.4555253188097712,0.8373237350903293,0.1717638035770457,-0.37460560160467593
0.011301263383634512,-0.021322444699787453,0.020384524749597795,0.40899568886290505,-0.2304296870447679,-0.01045769394262308,0.8373762621643641,0.17169901170882043,-0.37405035942968484
0.0037965813432516635,-0.01925801970818261,0.02465984101235412,0.5063140476301633,-0.38396162982902543,0.4004436471838382,0.8374287892383989,0.17163421984059513,-0.3734951172546937
-0.005798187284804185,-0.007836950085016173,0.007135146101151275,-0.5865593651328483,1.120363819915926,-0.23712059936236685,0.8374813163124335,0.17156942797236982,-0.37293987507970244
0.025159694842720525,0.0004125007127523976,-0.025891737616757265,-0.16335428373007416,0.20522303957583823,-0.7656245100956429,0.837535789571378,0.17150448211477154,-0.372385779047113
-0.004417268998785202,-0.01006453054048914,-0.06074097986237102,-0.27232396296493494,0.12544663772671152,0.46785832731140786,0.8375903040630535,0.1714395329946866,-0.37183170729720166
-0.007566120938321009,-0.0003491561944741787,-0.06751829778553725,-0.17300689583422116,0.5335560274504332,-0.4631906121147509,0.8376448185547289,0.1713745838746015,-0.3712776355472902
-0.010732464986185042,-0.004058893937300962,-0.05998058530666651,0.1963372191498473,0.6442848963133296,-0.7958098660998871,0.8376994849273822,0.17130993469075453,-0.37072363572086436
-0.019698703095642697,-0.02381803226886229,-0.022680052202030773,0.5201312309776804,0.39661595789678294,0.19804234112641872,0.8377560329365923,0.17124900138363447,-0.3701705269465109
-0.028825067790648248,-0.04443832123591924,0.02818120426497615,0.4605143337577045,0.3601178759626612,0.9417203241232723,0.8378125809458024,0.17118806807651438,-0.3696174181721573
-0.03639538146227388,-0.056982182286929056,0.028363557317579408,-0.024002740841670367,0.8792580411486006,-0.3574267438894889,0.8378691289550124,0.17112713476939428,-0.36906430939780377
-0.024457444080233946,-0.06654292229117946,0.014958858563414184,-0.5000189717874538,-0.36591762652442245,-0.7019343475026503,0.8379265440205454,0.17106751716578106,-0.3685116158519307
-0.04354848726142429,-0.09450044217109496,-0.004105363360221342,0.8294360617428451,0.035166411498248444,0.11226578799150921,0.8379881886291181,0.17101431762805525,-0.3679609478108396
-0.026368078553667015,-0.09764802776121155,-0.0415066425393796,0.2948814296812179,0.7602195109346167,0.23511284803400834,0.8380498332376904,0.17096111809032943,-0.36741027976974855
-0.027616181685441013,-0.09299427086673752,-0.07815096315885313,-0.4220571658044631,0.20928497484537154,-0.21771534856535446,0.8381114778462628,0.17090791855260365,-0.3668596117286575
-0.04420578555472941,-0.10110866541551602,-0.07962085403497478,-0.5479553605313411,0.41223893023330543,-0.28044385441018527,0.8381747472794898,0.1708567183177471,-0.36630976392136017
-0.05317754489373015,-0.10905228355791745,-0.04368279216564542,-0.3623560894367675,1.3717870170349111,-0.0021119420828838997,0.8382425103684024,0.17081104740488842,-0.36576218457314913
-0.04517491966418677,-0.08112071537885175,-0.004155418817331414,-0.37234556030817395,0.38512419806641973,-0.40055089373007213,0.8383102734573149,0.17076537649202972,-0.3652146052249381
-0.024126658069076025,-0.03780170020340181,0.03501155641297384,0.3372374657279297,0.2250592114355367,-0.33176838894792837,0.8383780365462274,0.17071970557917102,-0.36466702587672695
-0.013946301895855481,-0.02475112522614241,0.01591966019926985,0.9231576649840589,-0.4619700174698568,0.15254455260361155,0.838445893939072,0.1706762401764081,-0.3641193466772937
-0.007500156426354805,-0.007202246261529816,-0.005266793212082488,-0.24618929154095315,0.9675906552078082,-0.3962086238044815,0.8385139182607155,0.1706366787800212,-0.3635714907297203
0.009003344394473659,0.021428900972581877,-0.04082212515635392,-0.6665922671413411,0.42354142583408066,-0.49559581030818656,0.8385819425823592,0.17059711738363448,-0.3630236347821466
0.022199653468969238,0.02013178972516429,-0.07621535409939127,0.42390675387887655,-0.35660057920351074,0.08419385122211587,0.8386499669040027,0.17055755598724762,-0.36247577883457316
0.030905582374388486,-0.006321922097449299,-0.09124737913122904,1.1777398714134373,0.15040763614183347,0.4353768862912002,0.8387160881438185,0.1705189208820404,-0.36192672820049604
0.045620657541657804,-0.006123251541764134,-0.07495416595698973,-0.40132535441020056,1.010549191083416,-0.27697039851221916,0.8387799429861849,0.17048138890541978,-0.3613762548034008
0.050465338144952104,0.030819601236556228,-0.03166191125883864,-1.3287701340063183,0.7482962555042367,-0.8196394017002984,0.8388437978285511,0.17044385692879918,-0.3608257814063054
0.04802745556004255,0.005604881923060945,0.01356595602388151,0.9956270413389665,0.4330225551418495,-0.018115642933061338,0.8389076526709174,0.17040632495217856,-0.36027530800921004
0.03619470267268847,0.006855363343251926,0.04006320483042629,-0.04405758098832879,0.3330030944613626,-0.5508429117959714,0.8389696799999999,0.17036769109670566,-0.3597238523060574
0.036854388054835104,0.016872933969393926,0.02109480218409512,-0.528755453188098,0.013571313951279917,-0.592892004250805,0.8390302233333333,0.17032816248246546,-0.35917159894084316
0.026156194682784323,-0.00025986163953233086,-0.0387679634001786,-0.18689292703507032,0.13923402205966182,-0.32577086397449584,0.8390907666666665,0.1702886338682253,-0.3586193455756289
0.0035496102022312503,-0.020094205167693478,-0.09298495557764966,-0.32461331045699604,0.2844761113054845,-0.3846369128586744,0.8391513099999999,0.17024910525398512,-0.3580670922104145
-0.011748321824016816,-0.009730070635281272,-0.09277229298355803,-0.9464209236982318,-0.10884155952233215,-0.6709057438894916,0.8392108636202622,0.17021244912858655,-0.35751402983351055
-0.02185563414218886,-0.0302956268601486,-0.04673073602287587,1.335727907120059,0.42705202215673316,0.17281938682252296,0.8392698779737867,0.17017735814133902,-0.356960526648955
0.005936688132199008,-0.01409783259489951,0.03610992010936111,-1.037898072688561,-0.36634571516486913,-0.3663737624867025,0.8393288923273114,0.17014226715409145,-0.3564070234643997
-0.005910641407545124,-0.009614302400425087,0.05205261331344563,0.19715563826779614,-0.031565698713600716,-0.32210624123273135,0.839387906680836,0.1701071761668438,-0.35585352027984424
0.008942573697662713,-0.006655128166737443,0.020174512813488504,0.16194133510093967,-0.01798346906393026,-0.27424424229542943,0.8394470161459441,0.1700772858809777,-0.3552997032270634
0.009035632834538057,0.008926945091816813,-0.03787727518119541,-0.31957778461210984,-0.3259415109342504,-0.18110973857598545,0.839506158554729,0.17004919695536663,-0.35474577746014885
0.002679169833900271,0.012566478099680888,-0.08986557151167542,0.01961170552604996,-0.33935025816485653,-0.012218626992559933,0.839565300963514,0.17002110802975562,-0.3541918516932342
0.019817053846226774,-0.006956864151647503,-0.10536895583473656,0.8466718536875877,0.4842268018095871,-0.03997273538786317,0.839624443372299,0.1699930191041445,-0.35363792592631954
0.039680189907864,0.004836442004144463,-0.07608524736502266,0.09890017806589003,1.73763237167999,-0.6772690626992581,0.8396840408714132,0.16996895729861858,-0.35308398298618493
0.032803428494473805,0.027038404880871933,-0.056814711243874445,-0.832600631073348,-0.6173511611366093,-0.020601172157263647,0.8397437262345022,0.1699456730063762,-0.3525300367304286
0.04494010597502634,0.022812452984059636,-0.005167653635853561,0.8899111239107009,-0.08534638608344117,0.19897854197661857,0.8398034115975911,0.16992238871413395,-0.35197609047467243
0.07489062906748176,0.01449909540276293,0.04645018983450575,-0.05549365557919028,-0.31682892047238176,-0.1055606291179636,0.83986309696068,0.16989910442189166,-0.3514221442189161
0.07347395182497422,0.01091035975387889,0.031190471628437546,-0.17688450717325288,-0.29933346756592544,0.054674448459069325,0.8399243102196244,0.16987763662805527,-0.35086896071555085
0.056502067561424035,0.0017931865378746712,-0.044392884456635424,0.18450797231668647,0.09737041057613363,-0.08173162592985861,0.8399856321289407,0.16985629800743887,-0.35031583145235573
0.050471454475345116,-0.00994943283726861,-0.11382122580483157,-0.3604479843570741,0.2932096075431853,-0.6869795982996632,0.8400469540382571,0.16983495938682253,-0.3497627021891606
0.04029706493676938,-0.001288468272582132,-0.11061062585439604,-0.4475773825717624,0.10272459808512174,0.08798739107331244,0.8401081633227063,0.16981364506907545,-0.34920950456252214
0.041733637459829984,-0.01472523401434657,-0.08948474977683295,1.353456274601505,0.46463935525838124,0.9062972837407095,0.8401656077187389,0.16979314316153032,-0.3486540216436415
0.06203957810828843,-0.031792117997874084,-0.030508537109459867,0.5564833418172443,1.2595854029203846,-0.38789401700314663,0.8402230521147716,0.16977264125398514,-0.3480985387247609
0.06484346162592987,-0.01853068521572803,0.03091160841232708,-0.8117941082784215,0.30863479580035996,-0.584764919234857,0.8402804965108042,0.16975213934643998,-0.34754305580588035
0.07226987119022348,-0.02018378541020227,0.049554574798086976,-0.24915285420824818,0.3580900620703115,-0.34907642826779295,0.8403373772511513,0.1697315531774708,-0.3469872441941198
0.06668742891604724,-0.014683715933868764,0.02029891531416263,0.18143779240172098,-0.12368401786591038,-0.3999375993623726,0.8403902936131775,0.16971037436981934,-0.34642912077577054
0.03532207669171059,0.004652788788352752,-0.039642216081957685,-0.513722502327307,-1.0786775539339433,-0.5157051944739575,0.8404432099752037,0.169689195562168,-0.3458709973574212
0.0028533683612118324,-0.0023742368777897372,-0.1015369260228431,0.005981687789611237,0.635231057118122,0.09302524123273592,0.8404961263372299,0.16966801675451648,-0.34531287393907195
0.012885715121041402,-0.006925120514240151,-0.09964746114970169,0.7321303242401669,0.93479944287794,0.20932092667375102,0.8405484169500532,0.16964738309776828,-0.3447543466843783
0.00728499606801262,-0.010943039083528238,-0.10032622901234538,0.463717193655679,0.142123856232865,-0.3640339500531482,0.8405984879241941,0.16962868318384697,-0.3441943869535956
0.012904161215727801,-0.018233641883528023,-0.06332408796704742,-0.5537804830924338,-0.10373065224532968,-0.165782330499475,0.8406365014727086,0.16963747309086732,-0.3437086550229116
-0.007644797666312739,-0.005623107399574718,-0.002594947587662374,-0.044441003188085526,0.5195125011138295,0.007496055260361345,0.8406413793517535,0.16972180927523922,-0.3434269125611053
-0.018597163132836873,-0.001012639733050498,0.04546911791114121,0.5057901202975433,1.1458390220915415,-0.19570384590862488,0.8406308692490259,0.1698441709617429,-0.3432459733793836
-0.004722074552072316,-0.007959508060148824,0.05720420507771605,0.11272053570669727,0.3969055109332151,-0.28331289691817574,0.8406223352886999,0.1699684151562168,-0.34306605120085026
-0.001987726385654395,0.0014815876838471225,0.028742713284275214,-0.17733856006374915,-1.5304848990564792,0.2820799500531308,0.8406138013283739,0.17009265935069084,-0.3428861290223168
-0.04056980895217932,0.009246194195037449,-0.05028160578998184,0.41332920849097426,0.6053394625151797,0.06932631668439093,0.8406052673680482,0.1702169035451647,-0.3427062068437832
0.002694733959617779,-0.004379701074920408,-0.10581325782571777,0.018985701052069093,1.0490633416653758,-0.57631117853348,0.8405973257244066,0.1703413622571733,-0.3425266234325188
0.00045270895281578245,-0.012703130298087392,-0.10034850623804405,-0.06962386693942722,0.622332682962583,0.3853162901169398,0.8405902336663125,0.17046612866099894,-0.3423475259298619
0.02442717919553645,-0.017641633514240147,-0.04423560377324816,0.2183445094261401,0.9093319402636975,0.011457198724768247,0.8405831416082181,0.17059089506482467,-0.34216842842720513
0.0445882373283741,-0.010240390708076164,0.046349068026033474,0.15832124396385727,0.365622446958671,0.014790140276325303,0.840576049550124,0.17071566146865041,-0.3419893309245485
0.04473667724442087,0.004051323238257042,0.09950877559510263,0.05595426877788359,-0.3269016623930678,0.42751636769395773,0.8405665032306056,0.17084019839319878,-0.341808793018066
0.04412929006068018,0.010452764972688626,0.05436487852027583,0.4417555161742772,0.46364710536464343,-0.31596616790648646,0.8405545630003541,0.1709645114814028,-0.34162685012752403
0.04977265914824741,0.01102469387938331,-0.008494762287563932,-0.2419114973113875,-0.11412381841852474,-0.8967381392136335,0.8405426227701027,0.17108882456960683,-0.34144490723698195
0.022635541495641315,0.021657273160893276,-0.08556138741456364,0.2752621833475337,-0.9513595906821515,0.09634768437838126,0.8405306825398511,0.17121313765781085,-0.34126296434644
0.006085554772263241,0.026339296630180725,-0.1471974327007451,0.10916999733687022,0.5958637197536445,0.5624866620616444,0.8405129469323414,0.1713354216705633,-0.3410777516365569
0.0117973772580231,0.02974202393730069,-0.14872859664718427,0.15389569530711678,0.6753579577982517,-0.2871364091391886,0.8404913743854054,0.1714563622954304,-0.34089037408076517
0.00999681406493177,0.0325627301012751,-0.053526289607235523,-0.045110889202945786,0.74865281031715,-0.11404480446342014,0.8404698018384696,0.17157730292029755,-0.3407029965249735
0.007373044582784852,0.03176888831030798,0.0656099239122231,-0.04368265934109955,1.0643754705729371,0.4769272943676697,0.8404482292915338,0.17169824354516472,-0.3405156189691818
0.019865462781827853,0.025217807562486767,0.10403767046960706,0.42265367462274617,0.5319823030281644,-0.015540498405952619,0.8404241733439604,0.17181662185759833,-0.34032695775770466
0.01615830504240278,0.016349785313071685,0.05992653792348983,-0.2237684156482558,-0.7104205076414355,0.3176181891604912,0.8403990382996812,0.17193388678427207,-0.340137738767269
-0.007864445401807675,0.005789391461848608,-0.03080947310351111,-0.022366611238035294,1.248857073655238,-0.16659998299683387,0.840373903255402,0.17205115171094582,-0.3399485197768332
0.0017841166465463187,-0.009246218491392236,-0.1042116486459091,0.08174137500000062,-0.25489326109515015,-0.22411570031880856,0.8403487682111229,0.1721684166376195,-0.33975930078639754
-0.024174896140275015,-0.021685059278851927,-0.1545617581950039,0.4409046631030668,-0.7531687478113768,0.0076764803400539705,0.8403212664718385,0.17227999784272052,-0.33956910954303937
-0.04094277534675872,-0.02209810172762973,-0.14283623224409894,0.10157914116891475,0.670417714037866,0.1898284654622806,0.8402931451788875,0.17239009116259305,-0.3393786637832094
-0.03333831117396352,-0.02072629312816166,-0.0527000746784244,0.13181067844848565,1.3004061895743444,0.08267699574919618,0.8402650238859368,0.17250018448246549,-0.33918821802337945
-0.014328132029756056,-0.023256415794686743,0.07077509422518467,0.765681560340094,0.04992574719391991,-0.030178538788534937,0.8402369025929861,0.17261027780233798,-0.3389977722635495
0.008151323141762874,-0.010864451017004425,0.128279530913332,-0.5604575360467808,0.7987233949945165,0.4773461652497897,0.8402126451257528,0.1727158768947928,-0.338809937258236
0.02828438935281681,0.009807030399363051,0.1320790848272969,-0.19114252935174147,0.9055842589272115,-0.468610950053165,0.840188875150549,0.17282090895855473,-0.3386224316471839
0.04715779724867149,0.0002622574875665055,0.04720425770106834,0.3802648377470733,0.05103626921452755,-0.03978307120085489,0.8401651051753454,0.1729259410223167,-0.33843492603613184
0.05258144006641859,0.006153484769393735,-0.010058796071555895,0.6366059623804389,-1.0269331894464253,0.4462772837406792,0.8401413352001417,0.17303097308607868,-0.3382474204250798
0.05470333018331571,-0.00018220046078719788,-0.08184764668492824,-0.027132545037248712,0.06181465465565541,0.13704271625926268,0.8401206807297201,0.17313440735175345,-0.33806187680127525
0.06178540232996819,0.0011917300306058783,-0.13305880613975957,-0.40074944933474665,1.0404203256013382,-0.3630584123273124,0.8401000788416577,0.173237814650372,-0.33787636629117956
0.07240466858926663,0.0155598936947932,-0.11231145767004946,0.35206725608498124,0.2626498193314306,-0.19337784909673594,0.8400794769535955,0.17334122194899046,-0.337690855781084
0.07574183540116912,0.003154157172156634,-0.026865529823071003,1.0543033787459233,0.05883932579268967,0.5695452550478208,0.8400588457881686,0.17344433247608926,-0.3375053517321998
0.07802593791073331,-0.007931398728374277,0.0444684957135879,-0.5189565224229835,1.0953876146342763,0.5510420690754518,0.8400378725398512,0.17354397546227412,-0.33731992317747084
0.10073279108820354,-0.0021566737862913164,0.09196712044897584,-0.3062270234644056,0.7321652649637128,-0.5786558788522598,0.8400168992915338,0.17364361844845913,-0.3371344946227418
0.09799666508395381,-0.015650751523059447,0.10747172976884554,0.472455307183792,0.34324413327405523,-0.2731726726886716,0.8399959260432164,0.17374326143464397,-0.33694906606801295
0.0845056557109453,-0.0437544174087152,0.009651342138661987,0.0887058778958203,0.4507431512548856,-0.4510536758767465,0.8399748037194473,0.17384249147290118,-0.33676358038257176
0.06893676372210426,-0.06672294259319864,-0.09468083357865309,-0.24139177630181108,0.21993845093610123,-0.6414173177470808,0.8399529750619907,0.17393976492454838,-0.33657782400637626
0.052248136108927624,-0.0748786741192348,-0.11636955643094056,0.007478641402781483,0.14283318774898396,-0.28857095642934993,0.8399311464045341,0.17403703837619555,-0.3363920676301808
0.03625758491870374,-0.0749118921723695,-0.08035447490171174,-0.2765695553298495,1.3976229167376755,-0.08373273326252217,0.8399093177470776,0.17413431182784272,-0.33620631125398515
0.04159705499309248,-0.06743757068065884,-0.00897687366634393,0.0014058144490979863,-0.10919475376173332,-0.8733295132837444,0.8398873440311725,0.17423184976939426,-0.3360204471200851
0.02734124116950104,-0.05375127814197708,0.062439278119897794,0.8562858382335512,0.45484780549047665,0.07235067481399327,0.8398649775416225,0.17433010386822528,-0.33583429121147723
0.033731435518597794,-0.019356966538786338,0.09336803368967184,-0.20640182539859575,1.042555419738169,0.355432075451656,0.8398426110520721,0.17442835796705636,-0.33564813530286924
0.03489136314452704,-0.004190871508714084,0.07549430490201846,-0.13252993443144112,0.3164301249453375,-0.22338078320936816,0.839820244562522,0.17452661206588732,-0.33546197939426137
0.026306105750903603,0.0041873421713068265,0.02963287411626048,0.5524756781296376,-0.5521043616965204,-0.30153366524975134,0.839797179496989,0.17462627463230607,-0.335275310074389
0.016752802024442234,0.02094774086089126,-0.04087053071348989,0.5303690046759437,-0.10331008335411948,-0.054424753453725216,0.839772899861849,0.17472838601168966,-0.3350877481190223
0.014906925939851072,0.03682138369574861,-0.124665196840595,-0.19350072879912272,1.1551673065301156,-0.5364282454835081,0.8397486202267092,0.17483049739107337,-0.3349001861636557
0.01063985168969181,0.018544410734643645,-0.11829758680850276,0.6499930724761033,-0.854729154362492,0.12640938682253378,0.8397243405915693,0.1749326087704569,-0.3347126242082891
0.012616726480340007,0.05628896601349443,0.007708036061099033,-0.8648753834218175,1.7602609439370653,-0.4784385302868994,0.8396979683528161,0.1750361677502657,-0.33452372223166854
0.02541772453932047,0.05289534185334707,0.05592586172688782,0.1591386880446959,0.229190867496796,-0.17044839957489977,0.8396691453170386,0.17514142211795958,-0.33433325086078636
0.03175973535132838,0.03879075059861844,0.07498506389256115,1.0584127438363466,0.016158013446938155,0.3648252996811916,0.839640322281261,0.17524667648565356,-0.3341427794899044
0.044610539279276606,0.03944275658129593,0.05410304684818038,0.29996336376202737,0.16896300008192908,0.363404361317766,0.8396114992454833,0.17535193085334755,-0.3339523081190223
0.058500696017152035,0.04788468045568528,-0.00982481660066802,-0.7574982638256882,0.053054525732300496,-0.23699874601492077,0.8395818573999292,0.1754604268533475,-0.33376111761955357
0.06366693372798116,0.0427240021910731,-0.08386765351956345,-0.08344017513281665,0.1605160546180479,-0.5881891615302663,0.8395515617286573,0.1755715113209352,-0.3335693528905419
0.08043781378746022,0.02854510904410244,-0.0966672802278345,1.0159707107333051,0.07054151091942809,0.48368360680130706,0.8395212660573856,0.17568259578852283,-0.33337758816153024
0.07724721948352836,0.009831957062169048,-0.09261485626263563,-0.8239460969180563,1.145850097124861,-0.9092868554728142,0.839490970386114,0.17579368025611058,-0.33318582343251857
0.07268065631243344,0.016925053977896166,-0.053034440212021784,0.19704451370886122,0.2711874034826613,-0.23315801168966388,0.8394624899752037,0.17590913803294372,-0.33299479782146657
0.07637497592986177,0.006963362131562349,0.010231749590314119,0.7200366973007418,0.6039010402839605,0.3245059117959581,0.8394349807863974,0.1760269356695005,-0.3328041676620617
0.08563373057385704,-0.005944027197874141,0.04582474985386384,-0.11714474539843034,0.5191023911681768,0.093076079702481,0.8394074715975912,0.17614473330605737,-0.33261353750265676
0.0901754008395322,0.0012701232824667988,0.03213682500625336,-0.6716685609988926,-0.3115221445619742,-0.3399734590860781,0.839379962408785,0.17626253094261424,-0.33242290734325186
0.07638262993092444,0.019897203110839472,-0.015480316728069984,0.33773106971307354,-0.5427874634939219,-0.19568176408076354,0.8393556151753454,0.17638427786716265,-0.3322338419022317
0.04055638882450534,-0.0003017494456960517,-0.06419369106781107,1.0282234442083424,0.9341437524890929,0.3180414388948005,0.8393323394934465,0.1765073631615303,-0.33204530672688637
0.05428547920903369,5.215236971304639e-05,-0.09599594312543423,-0.4113889962806323,0.32980834753792054,0.10960883740700034,0.8393090638115479,0.17663044845589804,-0.33185677155154086
0.030017931663867795,0.012091749913709026,-0.12177621646123132,-0.10207907930711285,-0.08004470707377294,-0.02672415727949229,0.8392857881296492,0.17675353375026565,-0.33166823637619564
0.011683522737088585,-0.010899160129648464,-0.09838475765420233,0.6373535018235719,0.09433775326626825,0.21138651009563425,0.8392640182288345,0.17687817638469716,-0.33148047134962805
0.012505299601488544,-0.009885240476693317,-0.03160325757629029,0.527848072561054,0.8499425382500325,-0.036978543039365874,0.8392425301983705,0.17700311054091394,-0.33129285048884166
0.020699107971307223,0.00910941792564324,0.027874249460190837,0.5619371339851525,0.6492380685577296,0.12372423379387243,0.8392210421679065,0.17712804469713073,-0.3311052296280552
0.027018173632730985,0.01823586755292237,0.0416053604107087,1.2428729797024483,-0.20253691029415927,0.711511654622754,0.8391995541374424,0.1772529788533475,-0.33091760876726894
0.03734972935005397,0.02359316196843727,0.015007301577558215,0.9146000511158393,1.21222720943002,-0.2332756854410718,0.8391757700814736,0.17737999600425075,-0.3307284988522848
0.020905872867586994,0.034571972552922874,-0.09263145850746766,0.8143179193411224,-0.1093168851503359,0.7818781190223589,0.8391518336344315,0.1775071514070139,-0.3305392901062699
0.0528290376002126,-0.0037542477042508664,-0.11539073326709887,1.1817362487778964,0.9420352854129515,0.611097501594049,0.8391278971873892,0.17763430680977682,-0.3303500813602551
0.05800737497343262,0.004414007398936477,-0.09193728535426274,-0.19246526068005698,0.1750631819485995,-0.49766944420823833,0.8391037995501238,0.1777615604144527,-0.33016076923485665
0.03191334975578957,0.003841282514239433,-0.038445577345267476,0.0799332109458869,0.5984098413535178,-0.07195976833148165,0.8390750072476089,0.17789167414984058,-0.3299684461849096
0.02292673995526076,-0.00689191805844855,0.022721815463231435,0.8312580765355977,0.9929904722992281,0.29314015940487437,0.8390462149450939,0.17802178788522846,-0.3297761231349628
0.025784630489693167,-0.00599729923634478,0.050370021531031844,0.6640857806482494,0.4333093181122024,-0.18423213549417028,0.8390174226425787,0.17815190162061634,-0.329583800085016
-0.016322478377787535,0.0073987151470763304,0.007200596032514744,0.5681549175026576,0.6298493401951195,0.25448469447391275,0.8389890121572794,0.17828172993198732,-0.3293917247715197
0.013897067823911572,-0.011151886432094029,-0.05011513785016099,0.5809325771200854,1.275107778558537,-0.5260863097768542,0.8389631881756996,0.1784096247258236,-0.3292013276726887
0.024864552009564157,0.010926303776407796,-0.07755988495207193,-0.36098168214664084,-1.1486795288271903,0.18921709351752547,0.8389373641941197,0.17853751951965996,-0.32901093057385766
-0.011167661396369922,0.01697483367619547,-0.11185116563570482,0.2634106196598851,0.09905646734695316,0.4376663496280493,0.8389115402125398,0.17866541431349636,-0.3288205334750266
-0.006517758272049725,0.019412143936556978,-0.10576113321275124,0.4172222854197546,1.3559415921930036,-0.3229080148778394,0.8388858482182076,0.17879273272476093,-0.3286302649202975
0.007398931559631804,0.026374044781721583,-0.06366071919787455,0.11845174746014858,0.7474940426924379,-0.568919880977683,0.8388606132908253,0.17891805514452713,-0.32844044150903295
-0.007006818847342684,0.040214022456216046,-0.013971563898407403,0.022520514888403342,-0.218034054757133,0.15530942720507745,0.838835378363443,0.1790433775642933,-0.3282506180977683
-0.031008931879063267,0.05618594462592972,0.01988393574386932,0.31117098795961945,0.8307720542758524,0.5218894314558522,0.8388101434360609,0.17916869998405954,-0.32806079468650373
-0.002482586210308134,0.054044758954303954,0.039999287174208684,0.3487653527311367,0.6642249321181808,-0.3334310361317794,0.8387842669783918,0.17929304456110526,-0.32787066032943674
0.0008462329197661128,0.05623125355154086,0.04894426466672213,0.3173021551753462,0.15578173966266773,-0.6713338894792695,0.838757024144527,0.1794153064601488,-0.32767986369819346
-0.03082167076844036,0.052661927273113404,-0.011550454563800841,0.3925199662061699,0.41822158500981993,0.06322664718390847,0.8387297813106624,0.17953756835919243,-0.3274890670669501
-0.03766590256588715,0.04396256478533446,-0.05140985564946362,0.45915043536663264,0.3538053655496269,-0.2021471647184061,0.8387025384767979,0.17965983025823598,-0.32729827043570675
-0.03910433688055248,0.031732676217853535,-0.07841553260407795,0.3224967154410243,-0.03503830998704232,-0.2724170467587754,0.8386736548352816,0.17978088652497343,-0.3271066023910735
-0.055310928902230244,0.024052643106801087,-0.08139830543564569,0.09301507498831471,0.3880270423508115,0.09571427098831364,0.8386424576549769,0.17990024285015943,-0.3269137056535601
-0.07402273027566354,0.029115934275770902,-0.038539967653713446,-0.004774626170038071,1.7709723117451297,-0.0414219989373148,0.8386112604746723,0.1800195991753454,-0.3267208089160468
-0.05792858229798087,0.03954153199840595,-0.0021629804325574973,-0.11089346216790684,0.47024449888652037,-0.36788009776833164,0.8385800632943676,0.1801389555005314,-0.32652791217853355
-0.044426521862274714,0.026362399022848565,0.012854207813988133,1.1533974910732756,-0.5835786711453187,0.10398406801273374,0.8385469694828197,0.18025735226886294,-0.3263339658235919
-0.06757097329904506,0.0376840431865045,0.02135793901483929,0.2162597284802743,0.48924698169211817,0.22051424442083345,0.8385120561388594,0.18037482848671627,-0.3261390125185972
-0.05095782258809732,0.04736116346705642,0.01568540760623089,-0.5733899414452786,0.5695614261341233,-0.3985813623804564,0.838477142794899,0.18049230470456962,-0.32594405921360253
-0.03959358764654601,0.04625344050903321,-0.011187926053516135,0.13469739649304424,0.17939348292796545,-0.29091723060576236,0.8384422294509387,0.180609780922423,-0.3257491059086079
-0.04516774434155168,0.032585048369817994,-0.04786887803030445,1.017639359829934,-0.08732940826264035,0.5143287173220372,0.8384081663513991,0.1807274136907546,-0.3255546537513284
-0.0460043784116896,0.02652496033453884,-0.07324926326518777,0.4448978807226165,-0.08424777028638175,0.702511509032913,0.8383761661970672,0.1807894609807752,-0.3253646154955459
-0.042386312704569724,0.06453143546333748,-0.0752608322759461,-0.14064936469715442,0.3513655654514898,-0.3597818368756851,0.8383498375309952,0.18064230824264965,-0.3251899338788523
-0.03471200560648291,0.02251681895961969,-0.05342817233877633,1.5315741672900267,-0.08653487850245202,1.0637613825716539,0.8383311533191639,0.1802131801271697,-0.32503595108395333
-0.024395050869075036,0.05808065175239275,-0.015571731446548227,-0.6244052902232653,-0.3730838286413749,-0.19801333900112184,0.8383105043251858,0.1797831721700319,-0.3248808781402764
-0.023547256493517535,0.04457767973538793,0.00786830898699565,0.616188168012749,0.24251076742520125,0.12062420191285739,0.8382890182642577,0.1793527893691108,-0.3247253407545165
-0.006382143099895023,0.02779019309776851,0.012723054858030974,1.0759336734325622,0.7836710971163108,0.42419764930925297,0.8382675322033298,0.1789224065681899,-0.3245698033687566
0.0008335859043557626,0.029277478138151396,-0.010248594111585952,0.385574150116888,0.7329517502186204,0.20308934856534222,0.8382460461424017,0.17849202376726878,-0.32441426598299683
-0.0157802044502868,0.025058483475026053,-0.045029510580084954,0.4301260545164797,0.4731168819930139,0.1212549914984109,0.8382229236946511,0.17805872750407362,-0.3242579960998938
-0.009381245727161714,-0.015982425056322837,-0.04272851703676867,0.9011322238151319,0.7269691619186528,0.5129538963868363,0.8381993836273467,0.1776246877010273,-0.32410153927736446
-0.04093919801419967,-0.0244021824410207,-0.06844848258979976,-0.5820185516366523,-0.43118471098259326,-0.00698403772585543,0.8381758435600424,0.17719064789798084,-0.32394508245483533
-0.042578375925292226,-0.056120730227418446,-0.04018470360818199,0.84599147869292,0.8382041532895677,0.2609812640807725,0.8381523034927381,0.17675660809493443,-0.3237886256323061
-0.027327275832306354,-0.058462899535600535,-0.019499753730393463,0.42789612024443624,1.2758731329919744,-0.33179881296491764,0.8381281488133191,0.1763168672504428,-0.32363225106269927
-0.03195974886843673,-0.04570520698831125,-0.01245966759436772,-0.2681757600828639,-0.0185268485169352,-0.09495449840600223,0.838103919808714,0.17587643697768335,-0.32347588643995745
-0.046190377854091656,-0.04046097370775801,-0.00805053908830996,0.08077237970249573,-0.42231701046172776,0.32474217321997045,0.838079690804109,0.17543600670492382,-0.3233195218172156
-0.045599990226036176,-0.04481768822348567,0.00154964105207224,0.7709824428267823,0.9942486558927606,-0.06299989160467412,0.8380554617995042,0.1749955764321644,-0.323163157194474
-0.02908806355015926,-0.03613453673932113,0.006371538832520059,-0.09965276087142025,1.2689683226402204,-0.593712308182841,0.8380366503931987,0.17455256837407013,-0.32301016402763016
-0.032566009873220156,-0.006864044794259926,-0.028450990963126088,0.06374620639745776,0.6347138763273642,0.751532774707826,0.8380179072759476,0.17410952782288347,-0.32285721335812967
-0.036293855431137126,-0.005343882721253978,-0.05143547545015965,0.8487554061849183,0.46122172627425956,-0.16025030712009425,0.8379991641586965,0.17366648727169676,-0.3227042626886291
-0.020589255844846503,-0.013002439447077295,-0.042248438732412824,0.2999273670967314,0.45193888277761596,-0.30412931030818413,0.8379809234856535,0.17322361670988312,-0.32255159575983
-0.011981060358979688,-0.015653964752072175,-0.014810247359190242,-0.11708008369182689,-0.0031163492103948513,-0.0759682274176221,0.8379682348211122,0.17278262453064114,-0.32240206416578104
-0.004798520216471532,-0.023877453933794278,-0.004969020748778269,0.187166007077596,0.45220896525267534,0.37700432093519076,0.8379555461565709,0.17234163235139915,-0.32225253257173225
0.008832644628373826,-0.035375595659617495,-0.01611214114707756,0.5712849562167991,1.060896352075153,0.39385138788525076,0.8379428574920296,0.1719006401721572,-0.3221030009776833
0.01692008742486885,-0.03219058439319874,-0.02077007919500396,0.1477896172157208,-0.528305298541579,-0.5854828517534809,0.8379305782642578,0.17145987967198015,-0.3219536919234856
-0.013232031465994724,-0.03275904194112645,-0.045265645208640626,0.27608919277364974,-0.6573633731657887,-0.11170245111581778,0.8379201843499822,0.17102018597307828,-0.3218054075876727
-0.027256026693411223,-0.01425289564187041,-0.03867061810981936,-0.3822125520510074,0.8263254501916528,0.316826327842719,0.8379097904357067,0.17058049227417646,-0.32165712325185963
-0.014814132457386537,-0.01906823156004211,-0.03997899068387659,0.4391817190116415,0.6705671095217942,0.06601218916048524,0.8378993965214311,0.17014079857527448,-0.3215088389160468
-0.006400126726460994,-0.03464249056907634,-0.03567730982516694,-0.02506601490973237,-0.055398423847025154,0.1388570191286025,0.8378890152320226,0.16970024603471479,-0.3213606282252922
-0.018212778533475287,-0.038297076647821365,-0.017131445331193172,-0.1208582685440921,0.5906563799787541,-0.057832200850164384,0.8378786674176408,0.16925741626248675,-0.32121261280552604
-0.030871197410839993,-0.03276808406556844,-0.0004221028756209078,0.42046845111584547,1.3703704744527487,-0.39908560680128424,0.8378683196032588,0.16881458649025857,-0.3210645973857599
-0.020702422683316055,-0.03834198935281681,-0.009027745184323607,0.2146033042614573,-0.07775480612116019,-0.10687613815088781,0.837857971788877,0.1683717567180304,-0.3209165819659937
-0.028269760907545446,-0.048539546666524616,-0.026894448313773706,0.7104142666205893,-0.37948293441019704,0.14950653241232814,0.8378488440595111,0.16792733478214672,-0.3207694083103083
-0.04121253474707737,-0.03307366486014905,-0.04749900536331755,-0.48771088545162666,0.3735432150053084,0.19556349096705716,0.8378418000708465,0.1674801936454127,-0.3206236722741765
-0.04218418744952189,-0.028096644877045895,-0.04432104164773485,0.5442410537087412,0.31218598709884987,0.041790845908620255,0.8378347560821822,0.16703305250867878,-0.32047793623804466
-0.04436145104144541,-0.019755569078958188,-0.03557796380393652,0.3503956760382261,-0.2424678723060748,0.5483885844846199,0.8378277120935176,0.16658591137194478,-0.32033220020191283
-0.024106497327311543,-0.008698924290542032,-0.016831105250019192,-0.09099222329224202,-0.3542712487779097,0.12232752391074087,0.8378226974353524,0.16613735089408432,-0.3201877615090329
-0.0019552327912854568,-0.0022633220098829594,0.001729032045484267,0.2315459044101594,-0.11660037108606909,-0.3478023273114239,0.8378200201310663,0.16568715563939077,-0.3200448170775771
-0.0022665432116881577,-0.0023294942199780615,0.0035673768977678654,0.7508203982783724,0.057120758087195585,0.6176509713071212,0.83781734282678,0.16523696038469712,-0.31990187264612113
0.029372598052072436,0.011496742447396457,-0.007272389612752678,-0.2698907673751242,0.9315357836978414,0.5869914707757626,0.8378146655224937,0.1647867651300035,-0.31975892821466534
0.04965010005632244,0.019582074647183596,-0.0402719287158332,0.7202095046758461,0.25915309659829905,-0.2754013071200596,0.8378135921501947,0.16433797539603254,-0.3196168259192349
0.04516690630180613,0.032381345455898804,-0.05120256301487829,0.06493657883097814,0.15354196607718945,0.5824883485654215,0.8378137781615301,0.1638902892561105,-0.31947538485653565
0.0664964628374077,0.02970976840385742,-0.056178501732727926,-0.03732011011689304,-0.13806477207372006,-0.20233282040385703,0.8378139641728656,0.16344260311618844,-0.31933394379383634
0.07066101256110552,0.017951424192412573,-0.038940824294759216,0.3328441622104051,-0.09245808157461383,-0.17830198299683175,0.8378141501842011,0.1629949169762664,-0.31919250273113703
0.055940072029756226,0.00965555543506904,-0.012759917148648173,0.3209181862487171,0.6532084626541436,0.44045621147716396,0.8378159648884166,0.16254554841339,-0.3190521413071202
0.05006896200956461,0.007408811592773374,-0.0004180637085333937,-0.19552308609988245,1.0938099269895911,0.13308598618488787,0.837818635171803,0.16209529604605025,-0.31891234703506904
0.05624128928958574,-0.004357893022103992,0.002226941192516423,0.18481158990435198,-0.845374632925292,-0.43412237938363596,0.8378213054551895,0.16164504367871055,-0.31877255276301814
0.017257606707228104,-0.034497121947926424,0.013858445558520012,1.1676961478214223,0.12069709672397866,0.09020069181719315,0.8378239757385759,0.16119479131137093,-0.3186327584909671
-0.0008578412895863217,-0.04457412259468687,0.002809702887440157,-0.32826420712016624,0.7667003112830314,0.19021974070138548,0.8378307122706341,0.1607462214169323,-0.31849523585547296
-0.010480262195005372,-0.03655602403751317,-0.024787278915758378,-0.32769552059085655,0.3751390972234854,-0.21855422104144928,0.8378387967304286,0.1602982092483174,-0.31835846624867165
-0.026751537495748497,-0.04676356766312351,-0.046653633810376384,0.48356329588519675,-0.1617066219263364,-0.1393479245483693,0.8378468811902231,0.1598501970797024,-0.31822169664187044
-0.04815364505419878,-0.06205163399256111,-0.06157874901131004,0.7203749512220592,-0.2901105003429429,0.18974119553666924,0.8378549656500176,0.1594021849110875,-0.3180849270350691
-0.06363687853772595,-0.05842256958660973,-0.06610873305527147,-0.03059530499470242,0.30372800565066727,-0.08014280233796356,0.8378713336804816,0.15895174880623447,-0.31795319564293306
-0.06988121511583413,-0.04453443770350728,-0.04581361126186148,-0.6080506652497529,1.4282111273297993,-1.0763578108395482,0.8378892041232731,0.15850087306588728,-0.31782237804463337
-0.07448013515834193,-0.024706700735070225,-0.05097396763108352,0.37002734750259925,-0.5949019686318633,-0.17381810839537692,0.8379070745660644,0.15804999732554026,-0.3176915604463336
-0.07038985043358115,-0.0015475566007431153,-0.02172684144896391,1.326531437088236,-0.3002520637754324,0.3737990828905602,0.8379249450088558,0.157599121585193,-0.317560742848034
-0.06538513187035072,0.0031340923532412373,0.007475270927094216,0.12505363679065917,0.3687090576482021,-0.03629699574919876,0.83794469706695,0.15715264834218912,-0.31743070925611044
-0.05019894647290214,0.026423599630178964,0.008741464727142302,-0.4583002509033005,0.31183001323622833,-0.6313061695005064,0.837964565171803,0.1567064466188452,-0.31730072401700327
-0.038127454738575914,0.04534889982911779,-0.008983468435826949,0.2302187947928354,0.10216481419866304,-0.49503651009559846,0.837984433276656,0.15626024489550128,-0.3171707387778958
-0.0318914851158341,0.040702837370350624,-0.026389450870874086,0.9834358984059473,0.06010960978313668,0.3293001636556898,0.838004229840595,0.1558139527226355,-0.3170407188204039
-0.015195037687566894,0.03495329232019079,-0.03898150458221703,0.33396762641873995,-0.2107808100468674,0.6100336408077034,0.838022182238753,0.1553653289620971,-0.31690980390010637
-0.0005294773623795903,0.05044433016365658,-0.06890316599193261,-0.7713712595537321,0.9845110980506574,-0.9059247534538617,0.8380401346369108,0.15491670520155854,-0.31677888897980866
0.01900432171785372,0.03702140510584457,-0.03535460102127233,1.2417654725398917,0.8236076812801164,0.5691977258236225,0.8380580870350691,0.15446808144102014,-0.3166479740595111
0.04587531864027572,0.037205023120722575,-0.006806210241223553,0.11747664282681702,0.6981558110357015,0.2567340085016081,0.8380751280623451,0.1540196383903648,-0.3165165106163655
0.0428972714867175,0.021425183405527584,0.01907957768432857,0.44497794601479024,0.635935477305627,-0.10496351009563298,0.8380862166985477,0.15357237560113363,-0.31638146463336875
0.03658749150265701,0.002734796880977333,0.02413375144926442,0.8638943615302657,0.30806556901655036,0.2669143007439203,0.8380973053347502,0.15312511281190222,-0.31624641865037195
0.044545526784271997,-0.008448294434537653,0.005098666372684715,0.11752438125399173,0.03206963682740721,0.38764590967057444,0.8381083939709528,0.15267785002267095,-0.3161113726673752
0.049548610842721136,-0.016613897267269275,-0.025071154660945238,-0.5467300714559274,0.22996280864463947,-0.768799499468674,0.8381189980694297,0.15223111081473611,-0.3159759987885229
0.036446595772900624,-0.00865299836238162,-0.07557178097534933,0.08669915041450033,-0.6768366571363961,-0.24814568119019498,0.8381279635494154,0.15178614226354936,-0.31583951602550486
0.024746952608607792,-0.03499788343783224,-0.06364089703621269,1.1338197555154153,0.6855175443721989,0.39441378108395675,0.8381369290294012,0.15134117371236275,-0.3157030332624868
0.031144674607544866,-0.038622472766524994,-0.04478466147985783,-0.09926405725818022,0.8764062694508222,-0.11549866312431156,0.838145894509387,0.15089620516117605,-0.31556655049946875
0.02608965755122144,-0.03516700815972342,-0.013550378473937422,0.5634488322211421,0.7758704607157695,-0.17477358129647946,0.8381558546758767,0.15045245095642928,-0.3154305650797024
0.027662739049309465,-0.02256425702933016,0.022563707698772653,0.6013320836769115,0.7748589428635443,0.1138205568544155,0.8381678934821111,0.15001123442437125,-0.3152956189798087
0.034069834621679146,-0.012503841411795839,0.020154097029867243,-0.016629124038276766,0.4245379565298494,0.23126843995749802,0.8381799322883456,0.14957001789231308,-0.31516067287991495
0.03355107790711936,-0.018884169896704876,-0.03594266357834737,0.7381877761317719,-0.37090622468166917,0.09145286503717642,0.8381919710945802,0.14912880136025508,-0.31502572678002133
0.044975758905950645,-0.029705887299680912,-0.037200762895370484,0.7184956814027099,0.39478074173710626,0.3476812869287702,0.8382056681898689,0.1486882067134254,-0.3148917048140277
0.030442993677577163,-0.02033564034941559,-0.0591013430890634,-0.962476117428254,1.197858383607395,-0.5871014739638589,0.8382216639036485,0.1482484740857244,-0.3147589638257174
0.012665505413709704,-0.019387638899957427,-0.07027401238131774,0.08526042879908147,-0.6966859617488477,-0.08177593517537929,0.8382376596174282,0.14780874145802336,-0.31462622283740704
-0.0010624776614245775,-0.03339281590113797,-0.041959741065161885,1.0049955746015196,0.012156330917795057,0.12857254197662193,0.8382536553312079,0.14736900883032242,-0.3144934818490968
-0.011007386384909713,-0.036584529484590816,-0.0022323214643994,0.14673402029754556,0.8908677324688877,-0.15132865568544318,0.8382692491321289,0.14693011903365216,-0.31436044304994687
-0.020470509863336483,-0.02168274996280633,0.018906896055260466,-0.3815328607864662,0.574053660492298,-0.1970913145590032,0.8382844637088204,0.1464920244888417,-0.31422712325185975
-0.027853981803825395,-0.003271990630393013,0.017119870153028835,1.0247004244633104,-0.1014831538966779,0.32658681083953134,0.8382996782855119,0.1460539299440312,-0.3140938034537725
-0.021917895209776654,0.0001924319625931029,0.0150510777832082,0.5181213171306916,-0.017197909954058777,0.2563825122210286,0.8383148928622033,0.14561583539922074,-0.3139604836556854
-0.011781316771944963,0.0067896708116895466,-0.05006189468225149,-0.6321692978533223,0.4439710020544245,-0.5358930350690567,0.8383253959404887,0.1451808723761955,-0.31382414887353877
0.0063761297381497275,0.026167913235491638,-0.08361672771947738,0.04405259009558948,-0.30521756030470365,-0.4069221402763148,0.8383328862238753,0.14474791182288352,-0.31368588614240167
0.029926004785335518,0.025447913290992056,-0.03800087045489687,-0.39692401736453303,0.16825765138494272,-0.17848074495217148,0.8383403765072617,0.14431495126957133,-0.31354762341126463
0.05372700319978725,0.030199902513252084,0.0022375375180657257,-0.626210183145592,0.4514023903005886,-0.45264979383633985,0.8383478667906482,0.14388199071625926,-0.3134093606801276
0.06450968833432548,0.03603534011530799,0.025401317742506473,0.012218787566360967,0.3387688635624064,-0.5053990882040758,0.8383525279560751,0.1434505457102373,-0.31326931303932
0.06509531117853429,0.026168235446868904,0.05235049731934184,0.9264859427205167,0.24046837597430418,0.26004806907548605,0.8383560075487069,0.14301973366808365,-0.3131285199362381
0.08040985568544097,0.00876758798583624,0.060464506548033745,0.8672967195536587,-0.03101056947517143,0.829586774707753,0.8383594871413389,0.14258892162592987,-0.31298772683315623
0.06467158231211532,0.04223028148876805,-0.007539486096171843,-1.1293377002124678,0.33007474597642145,-0.8367793453771988,0.8383629667339709,0.14215810958377612,-0.3128469337300744
0.036392367325396885,0.015575078155979406,-0.06246798800669805,0.9358246891605999,0.6164363537639505,0.33696455260369085,0.8383654823521076,0.1417267724831739,-0.31270560736450576
0.019695750848246325,0.0337257459410256,-0.07913103305239118,-0.09448803910736636,0.4636520957192965,0.19219017959616558,0.8383677582252922,0.14129530479808716,-0.31256414837407015
-0.008581941153877979,0.0386005411482517,-0.027856277789906368,0.12160917343248112,0.5515507358259477,-0.11067438257173023,0.8383700340984768,0.1408638371130003,-0.31242268938363443
-0.014054510813812732,0.04096679130259437,0.0398769014203006,0.6011835954834643,0.6949513873250539,0.26283465037201204,0.8383723099716613,0.14043236942791348,-0.3122812303931987
0.006932776530307853,0.0580632932208929,0.07405728140286962,-0.14843610060574824,0.5587673935953399,0.4891762157279018,0.8383742438257172,0.139999601381509,-0.3121396887672689
-0.0005183047530926315,0.06518963989872478,0.07993680434272077,-0.3390841768012828,0.16649547441400186,-0.8303967417640887,0.838376138094226,0.13956668283032236,-0.31199813757704575
0.01697207256433494,0.0635256801770458,0.05377411766897049,0.40665280757700845,-0.9070019070305183,-0.0683003517534928,0.8383780323627346,0.13913376427913565,-0.3118565863868226
0.01013883583209319,0.03518035767587546,0.027009952926778883,0.8231249107651606,0.521692056328006,0.24979008395325408,0.8383799266312433,0.138700845727949,-0.3117150351965994
0.01784078577364509,0.04187754251647188,-0.021834067047715348,-0.23913643294368092,0.4164638793566331,0.04570673751328336,0.8383808354374778,0.1382681321427559,-0.31157287952178536
0.010470073888736033,0.02205986544612264,-0.06825963755153937,0.4344870739638005,0.5569947150424212,-0.01991399893730339,0.8384438976044222,0.1381812179827519,-0.3117868362663833
0.003846829493411639,0.00869020791455971,-0.06428515201391828,0.5281169550477219,0.9486617293687029,0.22119427417643145,0.838566101381509,0.13842330164399574,-0.3123396092348566
0.004109355307332409,0.019521558386291243,-0.0025275110582203613,-0.3209599609989187,0.811848766571293,0.2627028597236851,0.8387144391073326,0.1388126451519659,-0.3130439279914985
-0.004158126416791145,0.02532293429999969,0.06813203171894867,0.6368959437832151,0.031686334387804584,-0.24302436556856222,0.8388590688629117,0.13920105441976616,-0.31374614494155156
0.01683077475249876,0.03831290430000089,0.10985295039165494,0.3931372466524807,0.5392571887551514,0.5370966493092997,0.839003698618491,0.13958946368756642,-0.31444836189160463
0.006422476682783956,0.06600065089723778,0.08237292602034824,-0.5635062062486991,1.080253390727502,-0.4343735228480625,0.83914832837407,0.13997787295536662,-0.31515057884165787
0.004223003466737521,0.06387473516928809,-0.01710501918440137,0.6039440564505669,0.35498300740235067,-0.0008113921360344278,0.8392917554941551,0.14036614512646117,-0.3158521018916047
-0.004277678182146028,0.05790170086535625,-0.06900914498036329,-0.10813883900096921,0.6175072218128114,0.14369792773645784,0.8394297980871412,0.14075380347821456,-0.31655051816153024
-0.006610716138575681,0.06189356640382626,-0.07723716004590626,-0.4652404811901788,0.6757557569882211,0.004566383634426074,0.8395678406801275,0.14114146182996812,-0.31724893443145596
0.002450842825504805,0.0649313109436769,-0.05025544790304779,0.4608047409139226,0.1097565881040348,-0.2145413953241242,0.8397058832731137,0.1415291201817216,-0.31794735070138147
0.010845102148034361,0.053718563417109275,0.02009214435600761,0.8184371549522151,0.1354329671581823,-0.4660699829968209,0.8398429076939424,0.14191680502019127,-0.31864516390010617
0.0019534962401699944,0.057873941193942346,0.09448911691087392,-0.11524007342187158,1.3867901001018326,-0.24555729543039284,0.8399772879064824,0.14230455864505848,-0.3193414109139215
0.0017931026670563125,0.05247271099861842,0.05811892521267316,0.25240339799150385,-0.768578237836445,-0.25132026036131627,0.8401116681190222,0.14269231226992557,-0.3200376579277365
-0.0360756296197651,0.036538317986185335,-0.010517399636137799,-0.5276023287566178,0.5923606675833051,0.14298247927735375,0.8402460483315619,0.1430800658947928,-0.3207339049415516
-0.046798640236556666,0.02791899742762987,-0.06867089142478734,-0.3618313550477779,0.2677924989966564,-0.09468745270991796,0.840382005696068,0.1434685694558981,-0.32143102708820415
-0.047053376931456,0.017746022142295002,-0.08931450743660012,0.6177618975558266,-0.39060172618922323,-0.3433275642933058,0.8405206091710945,0.14385833124335815,-0.32212961751328373
-0.04935884361102016,0.004379476619553822,-0.06844299001250875,0.6973292199787686,-0.03214244431889295,-0.061880285866108053,0.8406592126461211,0.1442480930308182,-0.3228282079383634
-0.04734170687779049,-0.0032946020155158566,-0.0211258610606732,-0.6101584747609309,0.9272343405907794,0.42399679702446846,0.8407978161211476,0.14463785481827846,-0.32352679836344317
-0.030771345866099916,0.00494337542741729,0.03138521983459884,0.09178076466525253,1.0414313165737066,-0.03240730286928617,0.8409380863761955,0.1450287691817216,-0.32422626781083963
-0.031329617492029754,-0.0026452558769394343,0.08254315853544211,0.16085194373007444,-0.9754328747329791,0.005399303400638544,0.8410802446652497,0.14542098911795953,-0.32492673296493096
-0.030083658368756698,-0.008794694244101769,0.059219166206801135,-0.12118469341125199,0.7738219199116703,0.27890308076513115,0.8412224029543038,0.14581320905419765,-0.32562719811902235
-0.023064268747077094,-0.0017022901517528468,-0.031573882761593265,0.5660649856536167,-0.18446383526333898,-0.15337315302873122,0.8413645612433581,0.1462054289904357,-0.32632766327311385
-0.019828401614240185,0.01051594534962822,-0.08424156123050584,0.20915979766204207,-0.40853989328658813,-0.13759590116896092,0.8415052121147715,0.14659951722848033,-0.32702709216790654
-0.012649406594049385,0.0219069542263547,-0.07495266715107228,-0.4240020512539987,0.6442669717505685,0.2664407832093474,0.8416446991710946,0.14699504790541973,-0.3277257210095644
0.00678840900063893,0.02929841038469709,-0.039659446571315614,0.193358322059571,1.0988820113573166,0.1811679341125867,0.8417841862274176,0.1473905785823593,-0.32842434985122215
0.025727821034963155,0.0292665966769395,0.0026545536489053596,0.9025622985121842,0.42015007679832966,-0.6127191997874544,0.8419236732837405,0.14778610925929864,-0.32912297869287993
0.03838352690025488,0.032126227858129616,0.06823779422017047,-0.481434689798069,-0.38576924477437324,-0.3540963443145628,0.8420592081509033,0.1481825956259299,-0.3298192166206163
0.037587440044952264,0.04664677255154008,0.10964622523827643,-0.025806590393230966,0.41461233356775595,0.25677374920294227,0.8421927047821466,0.14857957486397447,-0.3305142214984059
0.05320094302051093,0.044842341365568285,0.07007959486696297,0.2400914848884228,-0.8552529162941216,-0.2519774877789924,0.84232620141339,0.14897655410201915,-0.33120922637619554
0.031689857621997886,0.04458758206163656,-0.006948785434161264,-0.03409725214665238,-0.9359881349444159,-0.2905202454835276,0.8424596980446333,0.1493735333400638,-0.33190423125398516
0.0001803176895858521,0.02587396826142593,-0.07073584196803218,0.25941695680121957,-0.16207767033656156,-0.09727156960679118,0.8425898854091391,0.14976951979808711,-0.3325973948565356
-0.016287736981192305,-0.0023545615547276647,-0.08555506560433512,0.7401610862379433,0.029623400647480053,-0.33399067056324405,0.8427189999893729,0.15016518442082896,-0.33328996156216806
-0.04999957908023363,0.01827586565207214,-0.04139196552303464,-0.9061425619447323,0.09561271763899881,-0.46832185441019014,0.8428481145696067,0.1505608490435707,-0.3339825282678002
-0.03694215547577081,0.008646469267056577,0.030994575362594437,-0.3249887975451805,0.35257928679982015,0.3761822752390849,0.8429772291498407,0.1509565136663125,-0.3346750949734325
-0.000511732314524696,-0.014297573834220405,0.1105346573565034,-0.5404501849096872,-0.06399506564330876,-0.6386140318810511,0.843108415515409,0.15135116156748138,-0.3353689361211478
0.02464346844633425,-0.0015962443445265203,0.117906776057366,-0.5889379889479276,-0.6329014883205788,-0.572731434643984,0.843239965706695,0.151745630922423,-0.3360630010733263
0.03182873229330502,0.012931054584484453,0.050818254228887375,-0.08455317460149903,-0.20983333249627786,0.08133241764079813,0.8433715158979809,0.15214010027736452,-0.3367570660255048
0.03279717024442063,0.014689597463549846,-0.04372541250780018,0.6214024487778635,0.1409141127329476,0.2893104590861064,0.8435030660892666,0.15253456963230616,-0.3374511309776833
0.025390768930923284,0.02057263448097907,-0.09190560368426691,0.6224129906375669,-0.11134987052438525,-0.018160601487775097,0.8436365594899043,0.15292916280021257,-0.33814634925611065
-0.0035788090116896844,0.048057144390329466,-0.045411769447952124,-0.24935314447396617,0.049408142579945045,0.16820563336875516,0.8437701636875663,0.15332376302763012,-0.33884163329436773
-0.009372568800212271,0.02430694221073427,0.016312880029253598,1.8239444010094794,0.3454343246355477,0.8512325387884943,0.8439037678852285,0.15371836325504784,-0.3395369173326249
-0.017547097004038704,0.06798126418459316,0.12899270104591443,-0.8388748578109813,-0.4496567013347075,-0.337465700318873,0.8440374778214664,0.15411306814771522,-0.3402322542933051
-0.055480008137195,0.06596138464718371,0.12127548881594008,0.26966971502659076,-0.21767879431659415,0.049285362380455666,0.8441736303188097,0.1545101908076515,-0.34092881376195555
-0.054598728016153696,0.04789456566737574,0.07014743864399742,0.7311252467375221,-0.18760525993402238,0.32213236344314566,0.844309782816153,0.15490731346758765,-0.3416253732306058
-0.04503029666769433,0.039499707884166076,0.012397740286712682,0.060732431859657265,-0.1551310293686549,-0.14776769819347457,0.8444459353134962,0.15530443612752393,-0.3423219326992562
-0.04949998276748145,0.040601941785334605,-0.037267262907439834,-0.5347797655897915,-0.037048554894712135,-0.5534229574920122,0.8445815431880976,0.15570210660148787,-0.3430181316578109
-0.04511512038257224,0.029609853775770974,-0.06140484830403888,-0.22538953859724453,0.05110738947296612,0.00226292986185328,0.8447137182890542,0.15610322996386825,-0.3437120583103082
-0.010733808922956264,-0.004545166765144493,-0.019391399262382925,0.2589338453773261,1.3537944261042394,-0.27363851647182535,0.8448458933900105,0.15650435332624857,-0.3444059849628055
0.02537371031115969,0.013971539071945446,0.025851748623381087,-0.9807580706695471,0.8064643937772614,-0.5033379989373081,0.844978068490967,0.15690547668862917,-0.345099911615303
0.04465346861530284,0.011010727452391088,0.06242984441785327,0.3883269110520684,-0.690502548411167,-0.16937133262486803,0.8451098823591923,0.15730803200850157,-0.34579351036131784
0.06265785386609915,0.011928623557704368,0.08784015390765056,0.900893810839536,-0.08946161950543496,-0.05136605313496112,0.845240502869288,0.1577153179022317,-0.346486025844846
0.09613579844240407,0.017178437561211814,0.09258828493219928,0.08447746274168955,0.612328068252331,-0.0041136493092377435,0.8453711233793836,0.15812260379596185,-0.3471785413283742
0.1201738729110519,0.028773333581296724,0.06152190104133827,-0.6328400056429265,0.2461052984329884,-0.08837732093517836,0.8455017438894794,0.15852988968969178,-0.34787105681190233
0.11030994767375095,0.0417724835128592,-0.0014002045618797699,-0.08893411010627877,-0.21405156390496358,-0.24644330393201308,0.8456331787460148,0.15893885968544103,-0.3485639223804463
0.12347767291073365,0.023896396284060276,-0.04223781974718422,0.18481532607860807,0.5387908568389886,0.6027239659935884,0.8457662835281615,0.1593512831562169,-0.349257505844846
0.1305501430560044,0.03517852275642962,-0.04843018496428397,-0.3147007247183966,1.181969049931418,0.021094040382559243,0.8458993883103083,0.15976370662699263,-0.3499510893092456
0.10086511310488896,0.03031880632699267,0.02962608993325515,0.6743603230605547,0.5185348797507573,-0.006229887353878638,0.8460324930924548,0.16017613009776843,-0.3506446727736452
0.10166355966312354,0.03285901738575944,0.08220602679788919,0.005971255643011153,1.0385662848516413,0.4702009022316336,0.8461686763018066,0.16058925466950058,-0.3513399970669501
0.1085142567003188,0.04151945793198763,0.08639188604504505,-0.40952985158340816,0.4454873932469243,0.07287877789580932,0.8463090546227418,0.16100333466312444,-0.3520376936663126
0.10440575778852289,0.04096078283421897,0.05982608714225734,0.19166075052071974,-0.5614162376243903,-0.6617578735387877,0.8464494329436769,0.16141741465674814,-0.3527353902656749
0.09445153370244459,0.025725225718066163,0.030530432534947888,0.6814986993199168,-0.1469505324809461,-0.31162475557922953,0.8465898112646121,0.16183149465037194,-0.3534330868650373
0.0875818500276308,0.01923728730286893,0.010191372816721679,-0.2589583063602396,0.31500485768941877,0.9496266854409843,0.8467322485653559,0.1622483698087142,-0.3541317704463339
0.10107599947290129,0.012014116806801204,-0.022394684654286134,0.05381500325717631,0.2663179870844401,0.22008684697130043,0.8468765965993623,0.1626678388799151,-0.3548313699468652
0.10003541041657821,-0.011056856958341455,-0.014804758098276118,0.2783852907279425,0.010527320164505272,0.3338377492029707,0.8470209446333687,0.16308730795111587,-0.3555309694473965
0.09125589137566346,-0.025958417595261064,0.016655587978790094,0.32818287332624824,0.4764049975290476,0.6131487906482675,0.8471652926673752,0.16350677702231672,-0.3562305689479278
0.08472368552497332,-0.041838072903294755,0.051826466636993924,0.0646587096067911,0.5170376187744764,0.07984462486713895,0.8473110467800212,0.16393264453772588,-0.3569304940170033
0.0800636747130713,-0.05443803654729002,0.06777692906482477,0.08967352408075385,-0.023954148494364978,-0.554978889479278,0.8474576844420829,0.16436253269713075,-0.3576306236663126
0.0721320798692889,-0.05508420114027704,0.04672097524123612,0.33539821693947947,-0.3762541449662474,-0.36677646014881304,0.8476043221041445,0.1647924208565356,-0.3583307533156217
0.058663596314559086,-0.043489618495068855,-0.010544532028475,-0.42193391916043604,0.1425521823664116,0.07467620828901467,0.8477509597662061,0.1652223090159406,-0.359030882964931
0.06190929746014877,-0.037816720985759854,-0.044840139558215725,0.462789889234853,0.1908461986257083,-1.0177927088203997,0.8479011191923487,0.1656527946758768,-0.3597330224548354
0.07429713212327255,-0.03782158404654623,-0.034333039825558624,0.08653753082892551,0.06759234211133794,-0.16624162274180776,0.8480527202763019,0.1660835249266738,-0.3604359846865038
0.05954761580658762,-0.019058684451645977,-0.011616810291413506,-0.08223253993836757,-0.32647917112567276,0.6883865908608247,0.848204321360255,0.16651425517747082,-0.3611389469181723
0.06767762024442107,-0.014946020384484657,0.019908066754334597,0.35644695592986864,0.5423576795608989,0.11322809032942516,0.8483559224442083,0.1669449854282678,-0.36184190914984066
0.08313798402550476,-0.01647448086588762,0.04955940131499972,0.3519429878852573,1.004822885086952,-0.5997920935175394,0.8485126776195537,0.16737628819553674,-0.3625478607545166
0.0773573256195523,-0.009096280275451108,0.07108055616956115,-0.21086747679062712,-0.015623612043851908,-0.2712239468649926,0.848670681466525,0.1678077296652498,-0.3632545365887356
0.0600528773411268,-0.0026486168831031482,0.08373413626480868,0.11779751651435136,-0.688495438823804,0.33096852391073206,0.8488286853134963,0.1682391711349628,-0.3639612124229545
0.07555021654410174,-0.006245623238469658,0.05681451903085587,0.3435827139107292,0.6594486302516139,0.25720085122210534,0.8489866891604676,0.16867061260467595,-0.3646678882571734
0.09005009029330417,-0.012714721962890193,0.0054248951299836696,0.05539302942488478,-0.052089993828737836,-0.033483453772564786,0.8491560272794899,0.16911138438257176,-0.3653804583740702
0.08971266978533463,-0.0077942314031878126,-0.02438147083595856,-0.2250632296263645,-0.5263788393434679,0.3019810722635672,0.8493266189585547,0.16955318808395334,-0.3660936803931989
0.09786086665674806,-0.01322940845324117,-0.018626552010022387,0.34990687959616895,0.34421399844647776,0.056637207226357233,0.8494972106376195,0.16999499178533478,-0.3668069024123275
0.10419321162061645,-0.023133540858129333,8.608784008985538e-06,0.571606180722665,1.0394118069477365,-0.2442435270988348,0.8496678023166844,0.17043679548671628,-0.3675201244314561
0.10278769380446337,-0.026264989540382325,0.018602500300367843,-0.11667114456964249,0.28266719136772894,-0.1083298119022178,0.8498386898512222,0.17086763646758774,-0.3682344023485656
0.10079225803931974,-0.0248516429744954,0.04341825922299014,-0.5163222532837293,-1.0478468087281598,0.10712894473963885,0.8500095786184909,0.1712984317704571,-0.3689486846652499
0.08383338875132892,-0.04786665367481328,0.05643582001867957,0.9334863656322598,0.31345062251514433,0.04058929543039547,0.8501804673857598,0.17172922707332627,-0.3696629669819343
0.0943260146386829,-0.07379548210733422,0.06936465537335432,-0.5815394118810697,-1.0961764576974378,-0.050963578108401464,0.8503511471413391,0.1721599749160468,-0.3703771317003189
0.06009150271307031,-0.09736804603963918,0.03150661966001496,0.059380530265696896,-0.6449819577823511,-0.21903332093517847,0.8505197462805525,0.172590250314559,-0.3710901257810841
0.04841077511583416,-0.10787771213453763,-0.0013972805456955555,0.019559083081838735,-0.2224169422627125,-0.10663634750266127,0.8506883454197662,0.1730205257130712,-0.37180311986184916
0.03572949898406116,-0.09167242094261636,-0.021188885237406217,-0.2809583512433558,-0.2526524241755504,-0.3303013953240832,0.8508569445589798,0.17345080111158354,-0.37251611394261436
0.02302004865993677,-0.06833596398597246,-0.020631323621151065,-0.008878950095614346,-0.1917652493020047,-0.5128166301806338,0.8510245958767267,0.17388106665887368,-0.37322855807651445
0.0350630083219979,-0.06652311292327324,0.004650457518673636,0.6393409691604689,0.5065147316331429,0.14345821944739612,0.8511881189054198,0.17431128929861858,-0.37393860688629127
0.031807460611051365,-0.04548211330605811,0.024440646612431473,0.3982542985547798,1.198869028020001,0.4112050430393701,0.8513516419341125,0.17474151193836343,-0.37464865569606803
0.04727704719978818,-0.030273068301805855,0.07055984782476304,-0.7112160092030273,0.5174181369466119,-0.6688731450584982,0.8515151649628055,0.17517173457810842,-0.37535870450584496
0.07123750782518615,-0.009335961631987097,0.08322991855600431,0.33548521094581196,-0.6023693428939896,-0.7182624346439948,0.8516791512008501,0.17560255476514341,-0.37606897588735394
0.09211297413708758,-0.002192723465462315,0.0667694573995758,0.5511985690754607,-0.055465745763301426,-0.042991107332653655,0.8518443158979807,0.17603489518278426,-0.37677981351753453
0.11295703521785469,0.001627667906057918,0.03466955726673532,-0.19238084282684786,0.46125963365226846,0.4797436981934222,0.8520094805951115,0.1764672356004251,-0.37749065114771535
0.12299841560042488,-0.0013985845377262156,-0.010526526761850263,-0.3359833320934883,0.29634931082513744,0.2856017353878695,0.8521746452922422,0.17689957601806588,-0.37820148877789594
0.11531881509564294,-0.01713388221891607,-0.04996270369415576,0.5673616648459316,0.19986924567030512,-0.07273855685443564,0.8523428948990436,0.17733325522848037,-0.37891403713071203
0.11742282368437636,-0.018775946093515364,-0.018264748128802633,-0.48767946157283215,0.527357037074894,1.0638589298619525,0.8525045531968005,0.17772443955231498,-0.37962201444733085
0.15073796173538895,-0.055728574522849225,0.0401216545162612,0.13736018029757624,0.07405314931714768,-0.6697183921360832,0.852472282966549,0.17737318714742656,-0.38020723841119913
0.135630767756642,-0.06066651234643995,0.09120000217098796,0.07624346998937401,0.024994157583850724,0.08777456748139478,0.8524105680906837,0.1769092087470776,-0.380773824431456
0.1341362866450582,-0.06849347348352768,0.08634911637194588,0.2169475266014764,0.7471098429054586,0.543056209351743,0.8523476144527098,0.1764312279468651,-0.38133959307120097
0.14788891709883192,-0.07702883764399607,0.06420762262809511,0.17043192302443005,0.4609684354133983,-0.19087820191292515,0.852287126585193,0.17595237123804458,-0.38190688544102025
0.1426296856663122,-0.08001228899574919,0.03709481652686453,0.09771361077364626,-0.4253993068607038,-0.6405679574920224,0.8522266387176762,0.1754735145292242,-0.38247417781083964
0.10530318995005393,-0.07707033193198733,0.0022903481399475347,0.17117015165782157,-0.33761448754089984,0.23648700318808302,0.8521661508501595,0.17499465782040388,-0.3830414701806589
0.08591556776727036,-0.07408569335387853,-0.02381126739928897,-0.07900727777893185,0.9700219512476509,0.5551212114770738,0.8521095604215374,0.17451955019447393,-0.3836107716896919
0.11067279778852333,-0.06812834502019119,-0.03547514897217192,0.3773214064931011,0.23495598095963915,-0.7820629128586862,0.8520559286326602,0.1740472885876727,-0.38418159838469707
0.07279639067906572,-0.051114807900106626,-0.02203998784037956,0.24690428924548724,-0.2782485640566411,-0.41578886928800074,0.8520022968437831,0.17357502698087143,-0.3847524250797024
0.053866003998938,-0.03685319665196678,-0.009221867333688908,-0.3777190106482003,0.48441959915228633,0.28020906163651027,0.8519486650549061,0.17310276537407018,-0.3853232517747077
0.06400115971838548,-0.03440332071307134,0.037887803630434355,-0.025794075069040856,0.4421237377321704,-0.12222973645062218,0.8518882966029047,0.17262281730605739,-0.3858907322422955
0.06984265137194488,-0.01743537285972407,0.07274232672605502,-0.20930990074387512,-0.08223643790116013,-0.6237500913921377,0.8518245177151965,0.17213897796705638,-0.38645651868225306
0.05885193888522815,0.01824567687353834,0.06157928870742627,-0.8974814437833157,-0.01969304656785417,-0.10692108342193762,0.8517607388274884,0.1716551386280553,-0.38702230512221036
0.06588655815196634,0.0205605411689672,0.047519633349331764,1.0891220159404955,0.4582704010187375,0.6534718815090024,0.8516969599397803,0.1711712992890541,-0.38758809156216795
0.07373827722741767,-0.024115394481402985,0.024961044863119425,1.239490897980872,0.3319770086701772,-0.027183341657813997,0.8516319617003187,0.17068623106907543,-0.3881532595749204
0.06000438121466576,-0.009439085642933671,-0.009926208738767907,-1.1929542766205277,-0.4856033505217772,-0.6020520361317558,0.8515665769996458,0.170200773367694,-0.388718231583422
0.03314227556322889,-0.0525145197970278,-0.015853996453649852,0.5030474460150391,0.3802085229327395,0.17266576620622764,0.8515011922989726,0.16971531566631237,-0.38928320359192353
0.025583914877789708,-0.05485660498405896,-0.0039240238458018795,-0.1347051126461687,0.3685719820828843,-0.06693441339002959,0.8514358075982995,0.1692298579649309,-0.3898481756004251
0.02461026642933071,-0.0650206128140264,0.027296344303878232,-0.33183839426148065,0.4069472445695732,-0.11318936875666452,0.8513722946298263,0.16874402788735393,-0.3904142903506908
0.022592067713072265,-0.09662813260467415,0.06034368197402453,0.9488055310519556,0.8010519485876163,0.4247369893729598,0.8513090996741055,0.16825813454197655,-0.39098059925611056
0.03391100442720477,-0.07401088649628022,0.058188053287512635,-0.48777913717322485,0.012246192064830234,-0.2057884707757811,0.8512459047183846,0.16777224119659934,-0.39154690816153037
0.023135687190223263,-0.06312177846227428,0.025283406071786,-0.6463278313283727,-0.060346749933041496,-0.5602353464399528,0.8511827097626639,0.16728634785122215,-0.3921132170669501
0.028085466229542784,-0.0774202652391066,0.01241031641953964,0.8623749398936552,0.3156568780106161,0.17761574760888976,0.851122773372299,0.16679948156004257,-0.39268151907545173
0.02706668748140266,-0.08669067857704608,0.002167976711228196,0.6910134195536428,0.5055233716896861,0.45152519606802066,0.8510630077364505,0.16631256428480343,-0.3932499255260363
0.029892015441020214,-0.08303517288522845,-0.007875937944553222,-0.25420628076514806,0.3814737362486784,-0.1674817853347541,0.8510032421006022,0.16582564700956426,-0.3938183319766207
0.02648582044633413,-0.06048044574707884,-0.012998179794595138,-0.2778578978533872,0.052989382071931435,-0.485789522848048,0.8509437906836698,0.1653389224739639,-0.39438690944739646
0.009913736577044288,-0.03466993596280518,-0.001456683332736123,0.5570238655260525,0.17717064760790707,0.0019311748140644625,0.8508909092986185,0.16485622794899046,-0.3949590627948991
-0.006326779538788085,-0.02383617099362327,0.029823987340360774,0.7669936366206135,0.8252320870761005,0.34322988682250966,0.8508380279135671,0.16437353342401698,-0.39553121614240183
0.0182687520350698,0.007136067550478787,0.04669991744611034,0.6030407660998879,-0.8138873123287844,-0.8708818161530498,0.8507851465285159,0.16389083889904357,-0.3961033694899045
-0.013725261382573937,-0.017873599187036807,0.044192991538428636,0.8573782698193588,0.2749232611247248,0.08174753985128902,0.8507310084803401,0.16340733729861842,-0.39667484572794903
-0.004139494632305531,-0.004964412715196017,0.007131219414228021,0.6403844727948902,-0.24894292051335762,-0.6102966790648541,0.8506692195713779,0.16291892203294367,-0.39724219956429335
-0.0031830840510095066,-0.010684083448458916,-0.006520358056667218,0.6485929503719433,-0.30285358160864473,-0.5729720270988352,0.8506074306624158,0.16243050676726895,-0.3978095534006377
-0.012119398913920828,-0.007518635935176397,-0.0036826574997997647,0.0012922980872086542,0.37589509267327686,0.12041873219974342,0.8505456417534538,0.16194209150159403,-0.398376907236982
-0.018437612702444123,-0.001070332233688378,0.0019649224062250536,-0.3282711193410649,0.9348259498989641,0.37084189054194105,0.8504836747573503,0.1614534473878852,-0.39894418172157287
-0.016905966498405946,-0.01810542320775773,0.01257575283917519,0.7620383196811894,0.5309658203555688,-0.3541115005313511,0.8504211328834572,0.16096406453666312,-0.39951120005313495
-0.017974090321996698,-0.026575937536663458,0.04222031224844615,0.452719723825756,-0.37402126846523526,-0.6429314059511473,0.8503585910095642,0.1604746816854411,-0.4000782183846972
-0.050191603645379036,-0.017544010242294926,0.049603096394836975,-0.5991415590648832,0.14908089780366673,0.20297405632310905,0.8502960491356713,0.15998529883421894,-0.4006452367162594
-0.05765569061030825,-0.0349219488110524,0.04458687731513401,0.32661085143466273,1.210588490109713,0.27864147821466645,0.8502340802692171,0.15949465290116893,-0.40121268522848036
-0.06755416286323032,-0.04534297989798072,0.0410214142790024,0.5128904305951165,0.3550444243817851,-0.1355083506907402,0.8501732645802338,0.15900146501594042,-0.40178099947927737
-0.0939328995380472,-0.05411443771519733,0.03107560145434524,0.07860325607859758,-0.7241449256927069,-0.31250904144526004,0.8501124488912504,0.1585082771307119,-0.40234931373007454
-0.11599338116291175,-0.06459307000000028,0.011064446521298755,0.03255473825719685,-0.682381215511953,-0.14495705207225562,0.8500516332022672,0.15801508924548355,-0.4029176279808715
-0.118357053444952,-0.06818651556004267,-0.004300807250269057,0.5146135248671695,-0.04896417566077277,-0.07013419341125982,0.8499896441232732,0.1575197271955367,-0.4034854212114773
-0.13425659155610956,-0.053355844631244057,0.012760896769745143,-0.09028707756640206,-0.6999603531847608,-0.4381761083953357,0.8499260829295077,0.1570214521870351,-0.40405251637619555
-0.15317227795356084,-0.03906484760254991,-0.006678686032949087,-0.41871266449523153,1.0404066797590765,-0.20293437619552712,0.8498625217357421,0.15652317717853345,-0.404619611540914
-0.11881441711625922,-0.04071056437938364,0.035593144375950965,0.7340018519128613,0.8493045506197899,0.23211713071201068,0.8497989605419765,0.15602490217003184,-0.4051867067056324
-0.10818663791253988,-0.0324185550478219,0.04678617917359304,0.5541878928905675,0.31680737906827183,-0.16200435812962155,0.8497369325044278,0.15552820463868222,-0.4057545865249735
-0.09037537841020027,-0.018072652087884392,0.035277032908713514,0.7603972575452097,0.3157938826814495,-0.060633138150867794,0.8496763037761246,0.1550329468682253,-0.4063231824973434
-0.06124995157810796,-0.0029228224792771616,0.023554116486904194,1.0466889786397384,0.7393101085790507,0.23437566737512938,0.8496156750478214,0.1545376890977683,-0.40689177846971314
-0.036783491199256495,0.011325823645058148,0.014750828159055571,0.19654580563235569,0.7200861017342115,-0.08944929330497686,0.8495550463195182,0.1540424313273113,-0.40746037444208294
-0.022534715954622173,0.024078617703082783,-0.009582802982550037,-1.3718055967267382,-0.43247800890342464,-0.6850360201912551,0.8494889152001417,0.15354401573857587,-0.4080259666631244
-0.015196022344314327,0.03907402742954344,-0.010685532533133047,0.8226210617216341,-0.195326897532552,-0.22804495217851972,0.8494193866312434,0.15304365035600426,-0.40858970421891616
-0.01727945714601485,0.02237709012890565,-0.004994275062810046,1.0814057486078623,1.0555032503739081,0.587279247608917,0.8493498580623451,0.15254328497343256,-0.40915344177470786
-0.005959145089586348,0.0021368726769405277,0.0026716301708697063,-0.4095616754515461,0.5234536983867308,0.23038482465466004,0.8492803294934467,0.15204291959086075,-0.4097171793304995
0.009260088162274789,-0.006079192498831053,0.02453279044037893,-0.3631694650371422,0.11114851082025705,-0.19460916046759635,0.8492069990116895,0.1515393569458023,-0.4102789135706696
0.01780467615908608,-0.022026994097130746,0.0479861682019226,0.5909097121041451,0.22059013083938642,-0.12053260892667339,0.8491321433439603,0.15103451167800203,-0.4108398441551542
0.016087366790329734,-0.046855422619553555,0.06294841718317623,0.6442091694049332,0.4633069466863493,0.36807368437830057,0.849057287676231,0.15052966641020185,-0.41140077473963865
0.012389019592838724,-0.04684317536301729,0.07075938103121734,-0.3444349391710877,0.584900709869117,0.6318844829967318,0.8489824320085015,0.15002482114240168,-0.41196170532412335
0.03642067541123308,-0.03202185411764061,0.034756326967883104,-0.21622639177470598,0.12181188696796635,-0.8774825148778103,0.8489030360113353,0.14951598220828907,-0.4125202507332626
0.032611211339001175,-0.039501655465143254,0.013934367837958272,0.45723028044631586,-0.48877537385028985,-0.43368545324124597,0.848822568962097,0.1490062011785335,-0.4130782334856537
0.03460508519659959,-0.0076160560302841775,-0.00531037655206866,0.20968226113705696,0.9277696244760292,-0.3156160605738556,0.8487421019128586,0.14849642014877784,-0.41363621623804475
0.04302503538576013,0.0010630105467585214,0.0001041952736504233,0.25344241723911604,0.2841213085353998,-0.5266078214665324,0.8486616348636202,0.14798663911902224,-0.41419419899043586
0.03887932468331588,0.001903419682996664,0.030800849321470824,0.2789067109266775,0.43338104498600677,-0.30751237619554495,0.8485785314275592,0.1474748214920297,-0.4147507917321999
0.02148033290435766,0.004578236137237851,0.05769841697967992,0.26906412215299824,1.2517197067715111,-0.009053103081784641,0.848495149840595,0.14696278899468657,-0.4153072378214666
0.00806920962805429,-0.010243691330606113,0.05106841967229127,0.6164322846227079,-0.8793126266611593,-0.5665962029755338,0.8484117682536307,0.14645075649734318,-0.4158636839107335
-0.01638089,-0.019382602,0.049502496,-0.23449507,-0.47669914834021,0.019452000000001135,0.8483283866666667,0.1459387239999999,-0.41642013000000005
-0.04004632687566324,-0.01062138118172192,0.014803990590862168,-0.26581009178533355,1.1902627923610651,0.14922257492029267,0.8482436143995749,0.1454258268735387,-0.41697580519659944
-0.062126230201914004,-0.036418888553668025,-0.008744085054198788,0.8097424214240849,0.09010467750454981,0.08849448884165412,0.848158842132483,0.14491292974707742,-0.41753148039319893
-0.08702035279489939,-0.045302663975557884,-0.0051755601543037304,0.28651915200848366,-0.32425820984924075,-0.3029887226355008,0.8480740698653912,0.1444000326206163,-0.4180871555897982
-0.0940721671413393,-0.04829684604782125,0.011141858363867767,0.5100655348777429,0.0718442085885728,0.10427348777892576,0.84798917978746,0.14388709870882035,-0.41864276381509047
-0.0890951603188102,-0.054561137252922616,0.026352442352816925,1.0588134271624856,0.5094770210430684,0.5071797683314827,0.8479031730676585,0.1433738161360254,-0.41919773726886306
-0.09328816701381497,-0.0503667674442074,0.035439819207226296,-0.43260423117961844,0.4749952634865228,-0.5476073294367776,0.8478171663478569,0.1428605335632305,-0.41975271072263565
-0.0887947991880976,-0.0175103630658871,0.03325798138788521,-1.1858176963868603,-0.1880951402970466,-0.8323031689691991,0.8477311596280552,0.14234725099043563,-0.4203076841764083
-0.1009197967863968,-0.03581967278958456,0.03451832072901163,1.5285666755577716,0.10247609084003007,0.3698323783208721,0.8476449955012397,0.14183391748034005,-0.42086256866099897
-0.07686833370031768,-0.0203177137805518,0.041439041253985426,0.46348866318803417,1.0618161751015107,0.26063087247607797,0.8475581641055614,0.14132036804038256,-0.42141707599362394
-0.04404823663761959,0.007144131463836314,0.03378502147967468,-0.8978029033156204,0.3845114283214499,-0.480817561105205,0.8474713327098831,0.14080681860042496,-0.42197158332624884
-0.034519508789436375,0.028901524446970778,0.019194352226733467,0.0038407222103045147,-0.39022787452657537,-0.6773882635494317,0.8473845013142047,0.14029326916046758,-0.4225260906588737
-0.024849806763653507,0.04120396219234908,0.013064232793946548,1.0803575985652767,0.09214502600485008,-0.1594274240169664,0.8472969073255401,0.13977917659298605,-0.4230801917640809
0.011637528082890782,0.053426407025505,0.013824508126542779,0.14182689376196944,1.0118968894478693,0.1184228862911656,0.8472074123804463,0.13926373014240165,-0.4236332802444209
0.029453244199681167,0.0712848590213603,-0.008760268436573494,1.1729477271838828,-0.5287657618376236,-0.9422725154091633,0.8471179174353525,0.13874828369181721,-0.4241863687247609
0.029617896206801338,0.07070558714431444,0.014918463313288893,-0.1160166265888185,0.5922004342949924,-0.08653533793830803,0.8470284224902584,0.13823283724123267,-0.4247394572051011
0.03199377610627,0.07956533186004273,0.01869465678381923,-0.21828790969181638,1.0741925321273877,0.5814669192348738,0.8469364901806588,0.1377151260850159,-0.4252912678533475
0.029880082610733306,0.0633882022925615,0.021131857872282243,0.6450835502656574,0.3880613849052896,-0.23150627311368766,0.8468406104002832,0.1371937470903294,-0.42584100896918176
0.020919665786716894,0.035880671936771046,0.01981923114018874,0.3758323792774372,-0.2148022987610253,-0.5940660127524104,0.8467447306199078,0.13667236809564284,-0.4263907500850159
0.009150315608926245,0.012038887648564778,0.027703195678221982,-0.32870547109457315,0.1079016229350721,-0.025872112646087686,0.8466488508395323,0.13615098910095635,-0.4269404912008503
-0.011763641487778868,-0.005065844938788472,0.04530373701320378,0.01996919798086977,0.8893320348903964,0.49693664399575077,0.8465481914098476,0.13562505336875655,-0.4274877538894794
-0.05503446387460095,-0.032058608496810095,0.04030970955904256,0.7011832716047108,0.4919281592262735,-0.005319134962782357,0.8464422951470066,0.13509412503719456,-0.42803230108395324
-0.06776727996386887,-0.075310347210948,0.040000786033967464,-0.13690604784276295,-1.0618848556725298,-0.5353609032943947,0.8463363988841657,0.1345631967056323,-0.42857684827842724
-0.1056046850648251,-0.07548387107757701,0.020798788046719623,-0.3110070413390024,0.22774492956771483,0.0003075770457030558,0.8462305026213248,0.13403226837407017,-0.42912139547290123
-0.13300985747183777,-0.08506774069341087,0.00015136315844782442,0.6192010632305696,1.3704970729258181,0.15768849096705573,0.8461229198547644,0.133499961509033,-0.4296650568862913
-0.15109607362986285,-0.09146181818756653,-0.010706178460072987,0.5548779573219388,0.3486420587599163,-0.20812321679068724,0.846014078320935,0.13296662573857593,-0.43020805717321997
-0.17443465567832175,-0.07414111377523812,-0.004819142382495206,0.3560650258023552,0.038173528515700654,-0.2878513570669359,0.8459052367871058,0.13243328996811907,-0.43075105746014863
-0.18895244555186022,-0.04131040674282696,0.019581530585625614,0.8439745333687585,1.3052153553966253,0.133688323060575,0.8457963952532767,0.13189995419766207,-0.43129405774707763
-0.15635077561105398,-0.025060139501597165,0.05319291242518528,0.7029661003400821,0.08802844397296179,0.04421693836347096,0.8456873193198725,0.131367095781084,-0.4318368835175345
-0.12142478095430266,0.03123191476620823,0.05069982511863948,0.37283710320933966,-0.10944831223250216,-0.46934370669502457,0.8455781269146296,0.13083447455897979,-0.4323796225717323
-0.09752020224739645,0.02016459544845913,0.05653025724966503,1.1186530917321975,0.5263141102492997,0.4777611349628028,0.8454689345093871,0.13030185333687572,-0.43292236162592984
-0.0665912995141353,0.04105853914452585,0.036324420276239305,-0.35576118395315337,0.6851096059563597,0.09875498937303817,0.8453597421041444,0.12976923211477154,-0.4334651006801274
-0.04363200531987162,0.058486502070138585,-0.0005561155648958172,-0.5211422534728549,-0.09510693369198839,-0.6524699585547662,0.8452562721917581,0.1293081591658991,-0.4339463964900225
-0.04144271682678016,0.05209665800850134,-0.027754431452013135,0.5787181027906612,-0.3429111068902485,-0.49795542986183783,0.8452258117003189,0.1295902789443854,-0.4337828093163301
-0.04350022117300821,0.03661967238575973,-0.03397681554637851,0.8478889686504315,0.5861917356396735,0.42476295642932094,0.8452730847821466,0.13065918578108393,-0.43293629495217856
-0.01934496592667287,0.034844221223164745,-0.02249091854622415,-0.5850217699254958,1.309568954534787,0.5507343124335122,0.8453203578639744,0.13172809261778265,-0.4320897805880267
-0.0052364129817212505,0.00129219872954227,0.04308160319228892,1.2546349080765569,0.11598389119792893,-0.5601360786397702,0.8453611855685439,0.13279859650017717,-0.4312393550017712
-0.016186772359107142,0.006504859549415414,0.07835432663812099,-0.3896068365036909,0.8691968181692801,0.6139766928798949,0.8454009546121146,0.13386936269925612,-0.43038828699256115
-0.004201463778959512,0.005060173161955501,0.08311877676802733,0.18952422970238425,0.5495854153637985,0.20699948990439943,0.8454407236556853,0.13494012889833507,-0.429537218983351
-0.0013138191190224693,-0.015976833094900104,0.058121939277328546,0.5490807801275239,-0.09239936108684188,-0.4447002720510316,0.8454804926992561,0.1360108950974142,-0.428686150974141
-0.009737858584272,-0.025049724199787515,0.018694434491468973,-0.07705115919234373,-0.23384665330360951,-0.3370329373007479,0.8455159281615303,0.13708311804463338,-0.4278324187778958
-0.012214094840383322,-0.015222734913921536,-0.01822091621921031,-0.3791773472901844,0.3910919563031471,0.29065623379382366,0.8455511563655684,0.13815541066241588,-0.4269785591640099
0.006083686658024523,-0.018027143151967608,-0.04371007068713806,0.8478326871200731,1.042870511176672,0.3249807417640298,0.8455863845696068,0.1392277032801984,-0.42612469955012405
0.028897389797236793,-0.050144000414452314,-0.06104888380655659,0.5823264438894651,-0.17254197441272218,-0.689614214665248,0.8456217218065886,0.14029996988310317,-0.4252709067587673
0.00847583162508033,-0.006546236238045988,-0.03168540816660488,-0.9915132829967634,-0.1915362076107082,-0.43669335919235586,0.845659139755579,0.1413717400354233,-0.42441838916401003
0.0025585100599360257,-0.001867766245483616,0.010092038563802244,0.36438852516483267,1.148384434175421,0.12509334962809326,0.8456965577045696,0.1424435101877437,-0.4235658715692525
0.018468616720723176,0.0024472590785336425,0.06508268060439312,-0.2600436031881357,0.3870461344098163,-0.3130476471838666,0.84573397565356,0.14351528034006386,-0.42271335397449517
0.026456675819553785,0.017707283913814688,0.08822783787291522,-0.4877903172157475,0.05159333470774847,-0.5260801381509097,0.8457725920085015,0.14458717836698548,-0.42186153563584844
0.00576612311116092,0.035209881586609475,0.06267732186759087,0.38481094497340423,0.4801577425401902,-0.11358224760895119,0.8458182618384695,0.145659829027276,-0.42101383291888067
-0.03346827040106333,0.04371126509202999,0.00946763470541816,0.559940305589762,0.11007433888524634,0.14783481083951955,0.8458639316684378,0.14673247968756656,-0.42016613020191285
-0.05130535263209346,0.050535426835281574,-0.03596163396726871,-0.4268640120297556,0.13160926691960592,-0.262376367693939,0.8459096014984058,0.14780513034785692,-0.4193184274849451
-0.06361078138873484,0.05870777593198688,-0.06707731914261286,-0.4223593618703509,0.13122015703650283,-0.7958022550477981,0.845956094176408,0.14887772578179237,-0.41847121231314205
-0.08414674351838572,0.04913839222529168,-0.0370574888875646,0.7665696235919877,0.16830011087284913,0.013957421891651833,0.8460051830818278,0.14995014696705644,-0.4176255354303932
-0.08957433602635494,0.055905093155154205,0.015531512919022782,0.3688107208820318,1.0315740542841212,0.176475950053133,0.8460542719872476,0.1510225681523203,-0.41677985854764427
-0.07636199208182858,0.07407194852146586,0.050169142687140816,-0.3765905670456805,0.8246503442416449,-0.4993949287991164,0.8461033608926672,0.1520949893375842,-0.4159341816648955
-0.06669627962805588,0.07971587618597127,0.06984396075483683,0.059955241445382335,-0.2369093464279399,-0.7540781477151359,0.8461516260255046,0.15316659174282693,-0.4150880864399575
-0.0706166586323057,0.061331153124016616,0.0853579288230262,1.138306885100928,-0.2956957572358595,0.1068301009564383,0.8461982639532412,0.15423657680481773,-0.41424116486007795
-0.05273266540148837,0.043044312818278634,0.06337871656266708,-0.021372303932012823,1.4027473734754456,0.4542433708820539,0.8462449018809777,0.1553065618668084,-0.4133942432801984
-0.0218074697523929,0.032152545815090965,-0.03530057604848175,1.3385248258235123,-1.11501410365553,-0.15359986822525684,0.8462915398087141,0.15637654692879926,-0.41254732170031877
-0.00999595297587636,0.01602078912433526,-0.054630711640081084,0.26247523972365405,0.7364628038895639,0.25295644420830676,0.8463398090223168,0.15744755541268163,-0.4117012864966348
0.006080071222635387,0.01291505291073325,-0.050071932333465984,-0.18550423936875568,1.0436447719447492,0.16762972688629318,0.846390227141339,0.1585199120580943,-0.41085641892313146
0.001093771435601373,0.0008873020283750397,-0.00833120177473986,0.4989273892135444,0.19124765217893036,-0.3711979925610738,0.8464406452603612,0.15959226870350698,-0.410011551349628
-0.007534136000743446,-0.0006307053095631308,0.06013780359052704,0.6507733626566852,0.14383777388035632,-0.3213092731136573,0.8464910633793836,0.1606646253489197,-0.4091666837761247
-0.0009906240948990485,0.012458925539532276,0.10656575294143544,0.04930747300744909,0.8873772285455263,0.20001504782146107,0.8465419903081828,0.161736216755225,-0.4083221779029401
-0.0012747975184910394,-0.0033830050990440227,0.07306422744311811,1.175606201487831,-0.3961162537073615,-0.6751836078639766,0.8465933739638682,0.1628071212539852,-0.4074779967056323
0.0009213815405952428,0.010434339380659699,0.02060894507329395,-0.4167480078640693,-1.1659574522196536,-0.5862609298618437,0.8466447576195537,0.1638780257527455,-0.40663381550832445
-0.025630931133369318,0.027675823019979093,-0.047182139336906216,-0.33628432034006017,0.6210237058250644,0.07461358235920557,0.8466961412752391,0.16494893025150564,-0.4057896343110166
-0.02891230089447404,0.021507838051753707,-0.08669000458982665,0.854937934133871,0.8170468221906,-0.24338693092453667,0.8467481258873539,0.16601858182784274,-0.40494589147715193
-0.0428835675873524,0.02292842706556794,-0.08580998751862766,0.3022821500107338,-0.30795178737357165,-0.5247185897980842,0.8468004750797022,0.16708747329791004,-0.4041024145837761
-0.06960832772125494,0.03263132461817246,-0.026827031280578353,0.1498213261424607,-0.03864858214548969,-0.26024374282675744,0.846852824272051,0.1681563647679775,-0.40325893769040017
-0.08013638390616387,0.030375245336557055,0.0636389617481107,0.9509983883103189,1.1147312170460821,0.06622648565356393,0.8469051734643994,0.16922525623804469,-0.40241546079702456
-0.0497138103743895,0.0038359318950055813,0.11307549938409672,-0.3522565991711085,-0.6032515235604337,-0.3566167173220034,0.8469569913390009,0.17029293431810139,-0.4015717816719802
-0.037757617831774164,-0.0024484227402765653,0.11060085467859998,-0.05275530310306814,0.14750704768226583,-0.22599769925610502,0.8470086003719448,0.17136013545873205,-0.40072802305703153
-0.03662858218172156,-0.025026587613177602,0.02790927222361279,0.7923866194474016,0.8499307372886631,0.16954207226355145,0.8470602094048885,0.1724273365993625,-0.3998842644420829
-0.03644771910626995,-0.039071353571625556,-0.07245343422723108,-0.15788640882035743,0.1854556247913586,-0.3030476599362153,0.8471118184378319,0.17349453773999304,-0.39904050582713424
-0.047624890792774655,-0.05413441201764173,-0.10042221780895476,0.18616765808721591,0.17049575792631808,-0.16901280552600184,0.8471636190967056,0.17456163681898706,-0.3981968596882749
-0.05469458740807645,-0.06685683314697144,-0.06382949886916667,0.7160947975132791,0.8622309076074954,0.05920781615302673,0.8472154637513283,0.17562871246546236,-0.39735323937300737
-0.04242632357067013,-0.05585457146429437,-0.00039471154719923217,0.09872124750268546,1.2868056319645464,-0.2087513804463228,0.847267308405951,0.17669578811193778,-0.39650961905774
-0.019123394132411653,-0.014548272850265182,0.06571889916970428,-0.7057417675878015,0.6007144037393433,-0.6185333219978926,0.8473191530605738,0.17776286375841313,-0.3956659987424726
-0.03073037040488817,-0.02319513114650349,0.12304668480025847,1.4165740937938092,-0.8788313988961722,-0.32627740276300266,0.8473727920722636,0.17882703422210433,-0.39482368172157273
-0.023320075884697193,-0.01658870132051015,0.12365924529296406,0.5661525802975624,1.2795471951526265,0.18993447821465992,0.847426611339001,0.17989091284094938,-0.3939814956252214
0.00717437804835116,0.014806737675662447,0.0835040011900448,-1.0920619132836544,0.683034384440688,-0.2807413273113397,0.8474804306057385,0.1809547914597946,-0.39313930952886994
0.010653249971837963,0.01645784621392071,0.0248136596063308,0.30081282337951376,-0.8186537651874959,-0.4233589681190164,0.8475342997024442,0.1820186741721575,-0.39229715227417633
0.025815154785866302,0.027128810938682423,-0.04603202009277403,0.3684957051009434,-0.12380006276445153,-0.3100942167906471,0.8476001279914983,0.1830835393287285,-0.3914619170173575
0.04414820299787532,0.033761571688248074,-0.09003724298661056,-0.38031215483537084,0.8907935514757779,-0.25400975557916894,0.8476659562805524,0.1841484044852994,-0.39062668176053844
0.02759728196599368,-0.0005233650392984261,-0.06342809213697788,1.4307909810519934,-0.7833375906602376,-0.1937450053134615,0.8477317845696068,0.18521326964187057,-0.3897914465037194
0.0294278843049951,0.0033718898818279174,0.00580215783897466,0.08053260993622144,0.6756578532291835,0.3701676280552526,0.8477984420191287,0.1862777611023735,-0.38895672593340413
0.0528577615759825,0.008056591691849007,0.06538056775001982,-0.8438082382040182,2.118786003601071,-0.03752319022315831,0.8478725964612115,0.18733887372759495,-0.3881266589868933
0.08721780169925863,0.010361764839532547,0.1123799525856522,0.7349656331563544,0.44997893585386417,-0.4843336418703821,0.8479467509032943,0.18839998635281635,-0.38729659204038247
0.07485337002975458,-0.015029440592987314,0.11666960876301768,0.7362094608926426,-0.4097105619143172,0.2525857141339376,0.8480209053453771,0.18946109897803778,-0.3864665250938717
0.057235379579171144,-0.03584169540701375,0.04153809347183959,0.47195510777895694,-0.3011324697250443,0.084863436769405,0.8480950458023379,0.19052252127382227,-0.3856364311760538
0.03679682111796176,-0.04591697019978679,-0.053817185837404836,0.421254634729032,-0.23272538956572825,-0.12443462274184114,0.8481691285334749,0.19158522178427215,-0.38480622592986186
0.007075078259299514,-0.05469174919659899,-0.08130785323804321,0.17330294008503114,-0.4032571800981075,0.6456086195535775,0.8482432112646121,0.1926479222947221,-0.38397602068366976
0.023377563710945615,-0.0441563647545163,-0.04598274258979779,0.4364150958767228,0.7459376709323087,-1.1503967013815046,0.8483172939957493,0.1937106228051719,-0.38314581543747783
-0.023056804571730535,-0.0023346071476848156,0.028943139512782108,-0.5729473549202615,0.1042972985625148,0.18301393623799633,0.8483904967056324,0.19477413958554743,-0.3823150314452709
-0.011812494941550572,0.014610772949990207,0.0646183934141221,0.5618133891605454,1.331131841867568,0.372843590860791,0.8484615496493091,0.1958396503967413,-0.38148283365922764
0.011096928860042925,0.01716194012901167,0.07705425069840567,-0.10484924590863132,0.0037832911979469573,0.11456403506906909,0.8485326025929861,0.196905161207935,-0.3806506358731845
0.01802651989511172,0.02926517009032892,0.05560770399598312,-0.1594595756004462,0.4245221367877291,0.11435665249733695,0.8486036555366631,0.19797067201912877,-0.3798184380871414
0.017848602225611618,0.04316976966524993,-0.002422678901736173,0.46344273708821765,1.10932372664948,0.16748580233792154,0.8486750346227417,0.1990362977708114,-0.37898642017357415
0.02572607197736472,0.051023010056217566,-0.06794151948490396,0.300066853560006,-0.18769132641131175,-0.11942550000001084,0.8487469327311371,0.20010210643854082,-0.37815468850867867
0.03310722766344305,0.07404363989330497,-0.07726745712809807,-0.6545055292242463,-0.03275576622076412,-0.38727845483528966,0.8488188308395325,0.20116791510627008,-0.37732295684378314
0.04229414174707711,0.0763572639362379,0.004164522013579545,1.0495732454834439,0.7264468613239764,0.3915401206163267,0.8488907289479277,0.2022337237739994,-0.3764912251788877
0.03291114721891561,0.09812480105600528,0.039445539488481,-0.3407639098300377,0.606315149931536,-0.30575946652500896,0.8489650518384697,0.2033003136234504,-0.37566086061282306
0.021349313889479242,0.1002349476946865,0.05158229319683797,0.5950222120616416,0.48333506625391637,-0.08591497874601473,0.8490419876408076,0.20436774526354956,-0.3748319692136025
0.01799776843358122,0.11074015978140203,0.02278763738887926,0.061608300637692404,0.6026141273906312,-0.25172396705630007,0.8491189234431455,0.2054351769036488,-0.37400307781438175
0.02140832206801304,0.12800331950797106,-0.01610038973586054,-0.49309002688622205,0.31519397225736506,-0.17287630074383742,0.8491958592454835,0.20650260854374802,-0.37317418641516104
0.014244054343782599,0.1243954694845901,-0.04295908596842486,0.6656377728586762,-0.26091772030440663,0.4096496567481349,0.8492771201487779,0.207568719166844,-0.37234794207226346
-0.020701843858129416,0.08647781886184831,-0.07560732093016868,1.1813831958555359,0.24125338934450904,-0.0328198831030555,0.8493615548671627,0.20863386041055634,-0.37152364017357414
-0.030471505777365175,0.11974178916897148,-0.08079761377520543,-1.4700716649311065,1.1898177566134795,-1.1470648352816912,0.8494459895855473,0.20969900165426875,-0.37069933827488477
-0.06553770261424122,0.07192325075238959,0.005013515590366058,1.4743510954304855,0.5698079158907592,0.25639233049951393,0.849530424303932,0.21076414289798118,-0.36987503637619534
-0.0681369470935176,0.09244571765037153,0.04431324213871603,-0.7433851906482078,0.6737824793764092,-0.6358200138150742,0.849616954176408,0.21182920581013123,-0.36905196884520014
-0.07774229019766112,0.1129869519851217,0.06340164840332765,-0.9100806600851066,0.4918808982925026,-0.25859402550485555,0.8497045057598299,0.21289423052355655,-0.3682295032589445
-0.09771505792880004,0.09630041269819146,0.06565031391661168,0.9307701950989102,0.419065518589656,0.5428328703506935,0.8497920573432518,0.213959255236982,-0.3674070376726886
-0.10482887516790643,0.060770341917109436,0.042086870051483656,1.2178100467587603,0.3448074438386753,0.16989310733262108,0.8498796089266738,0.21502427995040738,-0.3665845720864329
-0.08780172609776732,0.05558343023804343,-0.009224592019764248,-1.3515969145377735,-0.4364651038977653,-0.7902628607864468,0.849968214282678,0.2160885862897626,-0.36576277493800935
-0.11462348248459232,0.08788026761030993,-0.06992883516458032,-0.08488249466518027,0.1545522224154208,0.5239413421892305,0.850057138618491,0.2171526751753455,-0.3649411801275239
-0.1339300975940492,0.042457254276301114,-0.06992596830236429,1.589053838894818,0.985605737994936,0.2388192008501555,0.8501460629543038,0.21821676406092813,-0.36411958531703864
-0.12285120348884207,0.022841052062699586,-0.05854227527571851,-0.444675952178464,0.17436808145935156,-0.4655951349627845,0.8502349872901169,0.2192808529465108,-0.3632979905065533
-0.14382980900712283,0.033138486988311844,-0.02795274535987493,-0.48485423837397856,0.07386880564638727,0.08377635175353859,0.8503236242720509,0.2203452813517536,-0.36247622770456955
-0.14499350773995648,0.03810515333049912,0.02727230089738573,-0.3769159351434956,0.07227343614545093,0.01545099681186457,0.850412215664187,0.22140976362309608,-0.36165443825008864
-0.1284888230643993,0.03202208799256102,0.07040736185933755,-0.660878717842736,-0.17966599697957195,-0.3495444038257354,0.8505008070563231,0.22247424589443862,-0.3608326487956076
-0.13799836342827065,0.03716962764187035,0.04719145120730585,0.28620934181725444,-0.1398033762148332,0.6067667938364245,0.8505893984484592,0.2235387281657811,-0.3600108593411266
-0.08376490379808828,0.036644866166843905,-0.032493210025340814,-0.44056453289051556,-0.2917154521978253,-0.8973146089265995,0.8506772730286929,0.2246077528643289,-0.3591883039780375
-0.11124962129479281,0.03912290517640808,-0.07808560568572002,0.20658049102019205,0.026777959491883892,0.910733509032946,0.8507651165781083,0.22567697420474672,-0.35836571545873197
-0.08107001024389099,0.020457294547290963,-0.07175270516524876,0.5795418977151839,1.0536876687160688,0.2693380212540273,0.8508529601275239,0.22674619554516476,-0.35754312693942625
-0.050487355255896565,0.015157897189160576,-0.01787686486140051,0.3086592245589512,1.1481739382059977,0.5104810467588123,0.8509410805313496,0.227815645552958,-0.3567206823733617
-0.06403849572348633,0.014541665148777862,0.022496916998009462,0.22093465391073752,1.029613659183702,0.4900423049946774,0.8510340565356005,0.22888910603471488,-0.3559007625256819
-0.08161265728979895,0.004330022678746579,0.0466951302895429,0.4063956871838473,0.7027343307777766,-0.1731507938363297,0.8511270325398512,0.2299625665164719,-0.3550808426780021
-0.06103896019065049,-0.014076364285122465,0.07078164514442732,0.26987326497339215,-0.05941103967919061,-0.3371199330498662,0.851220008544102,0.2310360269982289,-0.35426092283032234
-0.09361969078150928,-0.017851736827842815,0.025028119737559515,-0.25149680516468725,0.18451470717517227,0.7218292040382153,0.8513135541022552,0.23208599594468726,-0.3534592022384907
-0.10307511947438883,-0.021305355175345334,-0.06433936877465797,0.9023860952603466,-0.8135871167355213,-0.8668880967056101,0.8514114885337111,0.23266420100101023,-0.35301377231996434
-0.13623660385270797,-0.01453743487630223,-0.09031750699782502,0.0780459100744455,-0.13880731915853511,0.03872431349621763,0.8515133564080765,0.23208188082465467,-0.35343585739284444
-0.1452181896231668,-0.0009920940635487936,-0.03863660777911934,0.6565097310733745,0.09771843476287137,-0.3915290637619968,0.8516157282890542,0.231350858250797,-0.35396910037548723
-0.16456760613751328,0.016994489351753454,0.022324079850208053,0.5271128398724759,-0.06681310270790398,-0.3677706896918167,0.8517181559723699,0.23062016860998935,-0.35450235589798096
-0.18079342903868276,0.03540661368756577,0.07049506901704988,-0.24013203159404217,0.3389652433923171,0.16422524654622528,0.8518207557917108,0.22989050598299685,-0.35503565010272775
-0.1681091416673744,0.04616523711264558,0.1035469993307353,-0.1992208144632994,1.2936296882180403,-0.03372958023384243,0.8519233556110519,0.22916084335600417,-0.3555689443074744
-0.15822056542508012,0.03641680306482455,0.08388728024566477,0.47276861839532686,0.6323494062414268,-0.7948541668437645,0.8520259554303931,0.2284311807290117,-0.3561022385122211
-0.18833568930467506,0.02858774246971328,0.03732567243302134,0.6829850691923429,-1.132830948062415,0.6357065451646804,0.852127995802338,0.2277010630499469,-0.3566352373078286
-0.17693371231222005,0.03179690126248698,-0.058391752304654855,-0.1968032849628698,0.5781615831597752,-0.6721204091393158,0.852228951392136,0.22697006301381503,-0.35716766329791005
-0.17248852963804462,-0.006448429144528466,-0.09394563899495723,0.5434347986185247,-0.3039019149275667,0.29493356429335194,0.852329906981934,0.22623906297768326,-0.35770008928799163
-0.18129435749032924,-0.030965139670563135,-0.0838897434312588,0.7032863497343338,-0.11457612959277098,0.6890528735387971,0.8524308625717321,0.2255080629415515,-0.3582325152780731
-0.17811747894877933,-0.033869510276301903,-0.05067694600459024,-0.19712623394254652,1.2110428132339777,-0.2622714750264894,0.8525301990860786,0.22477598724123277,-0.35876407761246903
-0.15234977331647093,-0.029522154199787064,-0.005912215703546408,-0.6238530730073669,1.329087868856694,-0.9599667970243893,0.852627438512221,0.2240425182996812,-0.3592945213071202
-0.13110629220871414,-0.022724526876726863,0.04599134148185117,1.0297965385759829,-0.5601842553082522,0.30324188097768356,0.8527246779383635,0.2233090493581297,-0.35982496500177125
-0.1298769245863975,-0.04913367042901061,0.08374108228899509,1.0507312080765134,0.6016040815046659,0.7247296004250643,0.8528219173645059,0.22257558041657804,-0.3603554086964223
-0.1045542255958541,-0.04229137717502612,0.08357492134319376,-1.159784026142523,0.6088848702191978,-0.7863373746015707,0.8529174877577046,0.2218421061700319,-0.36088487028692884
-0.08639792418745997,-0.01632442057013777,0.04824037271361073,-0.09854840499466233,-0.0170240146468692,-0.389253924016991,0.8530115847077577,0.22110862724017005,-0.3614134648636203
-0.07580847796174305,-0.02430019549192261,-0.004323396519485502,1.0348068392135858,-0.03130128448746744,0.3769349080764961,0.8531056816578109,0.2203751483103083,-0.36194205944031177
-0.06209151575419642,-0.01543588610732894,-0.06290982820054045,0.7514031543782349,0.2537648656081938,0.18361845696060364,0.853199778607864,0.21964166938044632,-0.36247065401700335
-0.05129906047683338,0.01959837220616329,-0.09455603372754091,0.22304756324126648,0.35351242339777667,-0.31564199574917495,0.8532938723485654,0.21891017222529222,-0.3629990945448107
-0.06040180828862899,0.006563128301275263,-0.05717378131957681,1.1833394651859943,0.49503791277077724,0.5687153730074481,0.8533879641764082,0.21817985626036127,-0.36352744325540215
-0.06948005517321951,0.004889364013283831,-0.0020255563505288984,-0.30183957264604033,0.7493948530261589,-0.0012443645058137776,0.8534820560042509,0.21744954029543037,-0.3640557919659937
-0.06632603152008487,0.03269089892295538,0.04960591775232565,-0.6621609326886417,0.653570499722246,-0.6978047757704839,0.8535761478320936,0.21671922433049945,-0.36458414067658534
-0.0791846560737513,0.03313986368490968,0.06210170933478915,0.5471708522848007,0.3568224255458426,0.02463007332624656,0.8536720610201913,0.2159901779553666,-0.3651134657102375
-0.07937815112114809,0.021663612019129204,0.08069201097188795,0.9290591563018169,0.39359349887207074,0.354272846971309,0.8537686755366631,0.21526162044527106,-0.36564316668437835
-0.0784044670092458,0.009236146242294872,0.061908317224757335,0.1619308977045032,0.1979808947487847,-0.001893397980905931,0.8538652900531349,0.2145330629351753,-0.3661728676585194
-0.08297874015887353,0.002031621594048883,-0.007429608923998028,-0.4765822849734244,-0.22645255432663375,-0.27189762858660416,0.8539619045696069,0.21380450542507964,-0.3667025686326604
-0.08547250964718348,-0.0030208714059501377,-0.0728032734085022,0.3529006625291859,-0.014263806611469518,0.2942778097768137,0.8540590508395324,0.21307397247183854,-0.36723274692879926
-0.09854185716896699,-0.03685807157035226,-0.08427567310207623,1.6726699697129097,1.0948095198075838,0.9431819149839615,0.8541563158767269,0.21234299830286923,-0.3677630318349274
-0.06468050588522765,-0.06147840131636616,-0.06254261716234394,-0.8601859133900718,0.3673178585543654,-0.5740013007439266,0.8542535809139213,0.2116120241339001,-0.36829331674105564
-0.07425688021997846,-0.04928254098044662,-0.022162420811530966,-0.7263798555791809,-0.1916688331136927,-0.29331769287992415,0.8543508459511159,0.21088104996493096,-0.3688236016471839
-0.04013295281052395,-0.07300816251009322,0.04753117374717931,-0.6182237216790574,-0.06417561024443706,-0.2972625494154979,0.8544475218278427,0.21014448321360257,-0.3693539800708467
-0.02049729895781143,-0.08602459537120029,0.07413577980191197,-0.6676369295005303,-0.5089745611686438,-0.3672629511158281,0.854544141466525,0.2094073826248671,-0.36988436742118325
-0.01294084477077591,-0.08715855029149833,0.03149149853730095,-0.3381262710520747,-0.9378523699776692,-0.24954581721572744,0.8546407611052073,0.20867028203613175,-0.3704147547715197
0.023177944934857385,-0.10733404332444305,-0.041513096698934604,0.2127851598193726,-0.23832783641723757,-0.21272820297555128,0.8547373316046759,0.20793317322210408,-0.37094511398158
0.0037413344183845326,-0.08491590764505785,-0.10307224698427242,-0.49213672432517236,-0.9134418717519401,-0.3465693528161271,0.854828029968119,0.2071950814856534,-0.3714721104286221
0.0004586562287991168,-0.07238849709139202,-0.11014050434357074,-0.21959065301806313,0.6888959964941883,0.16599286928799728,0.8549187283315621,0.2064569897492029,-0.3719991068756643
0.02421707291147633,-0.07673749254282657,-0.05196940781498606,0.7288265689266427,1.3321531274605056,0.11065438469713662,0.8550094266950055,0.20571889801275237,-0.3725261033227064
0.025325036494898437,-0.06101667947587517,-0.009903000449944879,0.038069255685353465,0.5226582751965231,-0.22905819553668927,0.8550999242082891,0.20498072830074382,-0.3730529857952535
0.016583020416259114,-0.03669621419553613,0.026779982263688513,-0.5575778905951101,-0.24922057443145507,-0.21791183421890814,0.8551886863761955,0.20424188487991496,-0.37357888352816165
0.023515579229011194,-0.026512615639000852,0.052179307486563936,-0.49462786370882145,-0.24600608465462306,-0.08779318703506434,0.8552774485441019,0.20350304145908607,-0.3741047812610699
0.0411148118448474,-0.029457100122690264,0.03841668677696419,-0.44836492106269815,-0.17013723472892853,-0.14701312964934132,0.8553662107120086,0.20276419803825713,-0.37463067899397806
0.016137037005525767,-0.002571534373273544,-0.028226361178572974,-0.39616663166839844,-1.2650898956853467,0.3693231041445202,0.8554543985122212,0.20202570291073316,-0.37515621200850174
0.008675236091604704,-0.014279372808873494,-0.060166819860718174,0.7002769134962765,1.1419876207863962,0.15501741870350827,0.8555402768756643,0.20128860821253977,-0.37568027855118685
0.03718496649479138,-0.03065170156790575,-0.06964369630926442,0.0925433825186317,1.145611790924567,-0.4917994484590569,0.8556261552391073,0.2005515135143464,-0.37620434509387185
0.025973863883314283,-0.024444138814664604,-0.061526458570195376,-0.08633714086078464,-0.3298867595537513,0.10511291073331464,0.8557120336025503,0.19981441881615292,-0.376728411636557
0.001238404562380239,-0.02526801817821477,-0.03396336901536039,0.22882114242295903,0.2345133914350375,0.4480040138150887,0.8557968767693943,0.1990780722210414,-0.37725180590506574
0.007135467480551198,-0.03692793364899007,0.0122916270600456,0.27128358837408917,1.3765954616376537,-0.02213872688626317,0.8558792412964932,0.19834351685866103,-0.3777735905030111
0.03052489915738315,-0.04520734918459072,0.05948779220670084,-0.07769799071198091,0.626821573625157,-0.4927207550477739,0.8559616058235919,0.19760896149628046,-0.37829537510095657
-0.005491030469606271,-0.04330689497778981,0.06714670610383287,0.2948394841190147,-0.5205439845851658,0.11095948193409377,0.8560439703506907,0.1968744061339,-0.378817159698902
0.018588972022741342,-0.05355095639107313,-0.0030031233174256516,-0.04836152198086535,-0.047969262013452335,-0.7167008421891463,0.8561251960892668,0.19614076280127524,-0.3793382000885584
-0.0072737270443128475,-0.07336175286291062,-0.045530473658871216,0.4547298478384373,0.1030468461693329,-0.0784717003188522,0.8562046409564293,0.19540854572794897,-0.37985807666312454
-0.022257983185972767,-0.0792254542104145,-0.0743051024070147,0.0105815631243098,-0.017444358935873785,0.7188440446333981,0.8562840858235918,0.19467632865462262,-0.3803779532376906
-0.02936871124272049,-0.07819656654622743,-0.07775270800212544,0.01737695407013584,0.3317029697357556,0.2729897449521861,0.8563635306907544,0.19394411158129646,-0.38089782981225667
-0.0233974200652506,-0.0777116347077576,-0.0616009771689702,0.33555060191285396,0.7185713263351213,-0.525593553666301,0.8564422295430394,0.19321206435069072,-0.3814172538044635
-0.006964856956853979,-0.08367612408076588,-0.03681695034643856,0.26109038725821077,0.5663959779397716,-0.34781376886285464,0.8565201377470776,0.19248019712433562,-0.3819361981367342
0.002224765377258322,-0.09502173460148765,-0.004352803088203582,-0.14331848436769026,0.16006126444352084,0.6626854713071175,0.8565980459511158,0.19174832989798077,-0.38245514246900475
0.012765662933049614,-0.07765431887353934,0.05156524649734148,0.3100361312539708,0.6748861947304292,0.26738093889480474,0.8566759541551541,0.1910164626716259,-0.38297408680127526
0.05883665985398802,-0.08478409379383683,0.042129711137087474,-0.02992453296495351,0.20018590314699233,-0.6044795340064297,0.8567534234643995,0.19028566396811894,-0.38349268448104873
0.07370781241721587,-0.09305826531349645,0.01751655139893672,0.29033896888417615,-0.41096409974353176,-0.05887153931985267,0.8568305761424017,0.18955563612752385,-0.384011032075806
0.06625999461955395,-0.10244497349628037,-0.012458387233580715,0.22383351764506562,0.2701679276103337,0.6240354537725725,0.8569077288204038,0.1888256082869287,-0.3845293796705632
0.07391832308756452,-0.10272758306057447,-0.049767838454832715,-0.14572276359190284,0.7470163530939217,0.3208820510096384,0.856984881498406,0.18809558044633365,-0.3850477272653206
0.08743709407598203,-0.09707861462274192,-0.06436156297661895,-0.30164541243357196,0.5920831735186295,-0.17794995961738813,0.8570625434431456,0.18736534508820388,-0.38556639704923856
0.06898144364027609,-0.09916773857598307,-0.019291280696068135,-0.0889350430605731,1.1890186369184852,0.6887834920297582,0.8571404490860788,0.186635010427205,-0.38608522100956444
0.10578776596949886,-0.08731945028264668,0.0019548516114254355,-0.22190884369818736,0.9823181714771693,0.08051030286931571,0.8572183547290118,0.18590467576620606,-0.3866040449698902
0.07235884441795802,-0.07774940698284756,0.04604826660451972,-0.16770796947927474,0.3274582603294138,0.3181505929861963,0.8572962603719447,0.18517434110520717,-0.38712286893021625
0.06102822896631239,-0.05613288711232714,0.031073676218374847,-0.34112775710945964,0.7554557816684504,-0.020685666312436624,0.8573743419341127,0.18444603603825713,-0.387641631615303
0.05460845894824675,-0.05024583934080754,-0.009368122702969162,0.1635697505419484,0.6244534342401948,-0.2738008799149778,0.8574524755154092,0.18371833112008498,-0.38816037618136745
0.02470926938203722,-0.046059095389478596,-0.04960954378692594,0.1689654229117461,0.6372389628267996,-0.16196862486713925,0.8575306090967056,0.1829906262019128,-0.38867912074743194
-0.003937878027629828,-0.0363610891801274,-0.07018457124069644,-0.3001093204569562,1.2162265177045708,-0.18748485866101383,0.8576087426780021,0.18226292128374064,-0.3891978653134965
0.008502195534537932,-0.033091570192029546,-0.052716913519125226,-0.03849248339001904,1.5903863130496194,-0.6042737768331801,0.8576880045483528,0.1815358182678002,-0.38971722732908265
-0.0007250070309274254,-0.042816789978428665,0.022900025397984476,0.3510370860787215,0.6863831808915434,0.5313034814028406,0.8577674391710945,0.18080880740913918,-0.3902366838823948
0.04773578108384857,-0.01792386641642852,0.04408788221561398,-1.027169047821512,1.358354876980508,-0.7941729341126909,0.8578468737938363,0.18008179655047804,-0.39075614043570683
0.05534629252954303,-0.004183121606896995,0.03547880892949369,0.28964961317745885,-0.03341571898124494,-0.38571153347503007,0.857926308416578,0.17935478569181723,-0.3912755969890188
0.05751837335313484,-0.031751949240933094,0.018569720393199582,0.9627445212539758,-0.051353661787150534,0.5627530860785903,0.8580049195749203,0.1786267674452711,-0.39179465906836697
0.0659142380205107,-0.03062544797601302,-0.007344940204690625,0.06260268320926665,0.2939426192323372,0.3859617545164138,0.8580834987885229,0.17789871011902234,-0.39231370584484593
0.07978020591636566,-0.013750515559978893,-0.039888620077419015,-0.4018461224229428,0.28510770718098255,-0.09508410414452229,0.8581620780021255,0.1771706527927737,-0.3928327526213249
0.09286985011211456,-0.028840333312965486,-0.05890575414398719,0.8040096130074803,0.2978145012723366,0.5732953241232686,0.8582403163655685,0.176442634565356,-0.3933515937867517
0.09920362471360242,-0.013000413513815012,-0.0288743095116948,-0.3548462590116771,0.5469448523031446,0.6622992518596309,0.8583130280871414,0.17571525029755575,-0.3938671011158344
0.0967014992213602,-0.011656347001381483,-0.032941804134436405,-0.1413170029011649,0.738243559423282,-0.9347026748140586,0.858385739808714,0.17498786602975558,-0.39438260844491685
0.08981774621392152,-0.013786366385015887,-0.007743211470462419,0.4796056449202837,0.27414225804178055,-0.3487258735388057,0.8584584515302869,0.1742604817619554,-0.3948981157739993
0.08666599629043581,-0.020439774912114277,0.028036298448855735,0.4781441584165934,0.5606542609960371,0.6163669766205562,0.8585310940488842,0.17353315950159406,-0.39541357906482466
0.08980612136453789,-0.01950957307548323,0.021324220316442734,-0.010677179288012928,0.7034001658207212,0.20154921466520115,0.8586033550159405,0.172806179120085,-0.3959287995501241
0.09780260180658865,-0.008275505209033057,-0.008929030303719339,-0.19750113601488184,0.13481939475800706,-0.5034027364505871,0.8586756159829969,0.17207919873857594,-0.3964440200354234
0.10034173375132956,-0.0019817634267791265,-0.02116556577723011,0.3568593132305752,-0.34255781384996553,0.004406780021225742,0.8587478769500532,0.17135221835706704,-0.3969592405207226
0.07788121462274197,-0.017249601594961344,-0.029129630037324408,0.8321828872475434,1.0232662577229634,0.4941639553665951,0.8588217281402764,0.17062539636025503,-0.3974753900177117
0.08183266223075453,0.014255257106270097,-0.04567865330562142,-0.6270914639745028,1.1081827497527157,-0.2845955239107383,0.8589003765037194,0.16989905215727955,-0.397994342033298
0.03495116390786574,-0.015095168413388831,-0.019234896953891932,0.9294875607863345,0.6718349256932206,0.3312480913921103,0.8589790248671627,0.16917270795430395,-0.3985132940488843
0.022676284078958567,-0.01395168279457947,0.006767408888269538,-0.27020762635506723,1.3051180324520286,-0.1232282561105702,0.8590576732306058,0.16844636375132832,-0.3990322460644706
0.012857365261636262,-0.006458571427757631,0.012370568501368312,-0.6770915704994542,0.4640892839715933,-0.2866805834218873,0.8591379251434645,0.16771956882571726,-0.3995521815550833
-0.010499253501593368,-0.01181874326694967,0.008340368166414041,0.6079349070137734,-0.4064879731272155,0.08151790010625959,0.8592212295961743,0.16699191589798085,-0.40007398920297566
-0.038688354700745185,-0.029280594190011826,0.003951416654148353,1.3195473731135285,0.311407631442457,0.22817578533470062,0.8593045340488842,0.16626426297024433,-0.40059579685086794
-0.05544799029298607,-0.0424586087447391,-0.012115747009994396,-0.9341812818490925,0.8479713886379366,-0.4096011530286976,0.8593878385015941,0.16553661004250794,-0.40111760449876027
-0.052265248501062726,-0.025062311050797176,-0.020740120867591715,-0.7996104469925622,0.0017759231547760526,-0.5612306131774698,0.8594718616365569,0.16480681796493088,-0.40163999903294373
-0.049982388344739774,0.005742088934323659,-0.045815865165146324,0.5370375707757025,0.33315042598152955,0.02565895961739706,0.8595568000743891,0.16407430149840602,-0.4021631410166489
-0.01956862717417473,0.011117126919447322,-0.03320951134691255,0.6573293631349528,0.4421267087551951,0.23288033793836682,0.859641738512221,0.16334178503188096,-0.40268628300035425
0.008527262565037285,0.020902338343464468,-0.017414118253439137,-0.16393407284803896,0.6141504224431252,-0.38841756323061105,0.8597266769500532,0.16260926856535599,-0.40320942498405943
0.02623250227948943,0.016720615411850125,-0.0010682891658002664,0.19238033039312286,0.6736205917956216,-0.2450941955367174,0.8598710924367301,0.16196598480148514,-0.40367272704569607
0.03488101552996815,0.0008371577872376555,0.006443293876836805,1.2084845074388049,0.6063992334325361,0.5044843039319282,0.8601267299149841,0.16149043606092806,-0.4040251757421183
0.0338762514502655,0.011998840079277484,-0.02008192288096844,-0.3047809391073514,0.5289765911370686,-0.4230217630180668,0.8604798006163656,0.1611624878916047,-0.4042813092029756
0.023689187890223395,0.01889476776259283,-0.048329496185962016,-1.3985149008501347,-1.0721101240803572,-0.5712993209351716,0.8608328713177471,0.1608345397222813,-0.40453744266383285
-0.021112783589057375,0.003230693678000998,-0.05934573506375332,0.9610528513285441,0.3967760077159996,0.06117486450589027,0.8611851069075452,0.16050597579950404,-0.4047931270704924
-0.019463163467906115,-0.008633297374070464,-0.04647548351221077,0.8242089186609775,1.127737459022645,0.07833093730074125,0.8615368535175345,0.16017705133687565,-0.40504854854410205
-0.027251670556110344,-0.011600576339426155,-0.03957352834749337,-0.30763374658872233,0.10833883672691187,-0.16945371838469292,0.8618886001275239,0.15984812687424724,-0.40530397001771173
-0.054247980387139565,-0.020977462080126522,-0.022207097499141806,-0.2373970108396083,0.2897283034642953,-0.21214613496281665,0.8622403467375133,0.15951920241161885,-0.40555939149132136
-0.06815973658065759,-0.03649455121190248,0.010683998984804589,0.514194503166808,1.1431458862485928,-0.13842199043571668,0.8625927963230606,0.1591899629117959,-0.40581525929861856
-0.040839051004250754,-0.03796306361668431,0.027061678130180525,-0.16202536336875636,-0.44820608626141467,-0.2984270786397438,0.8629455110308182,0.1588606045979455,-0.40607129543747794
-0.027838706249522345,-0.01695208700605749,-0.013701937355364836,-0.07395847964933419,0.04115482726885453,-0.015948035069069277,0.863298225738576,0.15853124628409496,-0.40632733157633727
-0.012509111934961948,-0.014409364423804309,-0.0629288719298646,0.6094831176939808,0.485006762168303,-0.14313976939426887,0.8636509404463337,0.15820188797024443,-0.40658336771519665
0.020439158458236503,0.036543896144740615,-0.05653026910021228,-0.2714676641870539,-0.17272667793729754,0.1293536928799206,0.8640042316896919,0.1578742712568189,-0.4068396016436415
0.028229754258448585,0.06233756625313472,-0.03380442211615363,0.2108310666312141,-0.03650151698051443,0.31458370031880634,0.8643576481402763,0.1575470327697485,-0.40709587852639034
0.038163496626144044,0.06900096385356029,-0.008211102423271352,0.7385552349627967,0.8776222275891894,-0.1760471583422607,0.8647110645908608,0.15721979428267796,-0.40735215540913927
0.05848890439659977,0.08090444214474042,0.01229807250765177,0.14175606439953337,0.9921979220417634,-0.7448847672688537,0.8650644810414454,0.15689255579560746,-0.40760843229188803
0.06496925188947952,0.10062418891668448,0.019025380769925746,-0.7054346203507067,-0.330235890689328,-0.2866027428267923,0.8654177072582361,0.15656624170386108,-0.4078645400779314
0.04303045162082751,0.09152958923932074,0.00562509446620817,0.7016051272582837,0.2843112502246603,0.8382295951116578,0.8657709162592986,0.15624001126780024,-0.40812063256110526
0.07059379148321052,0.0745035678009557,-0.034185872946229094,-0.248285186769434,-0.9005459727297532,-0.6167843368757246,0.8661241252603613,0.1559137808317393,-0.4083767250442791
0.03517219668544092,0.06214588192348563,-0.05341029908267804,0.1387245961530299,0.2829083674615859,0.17824223910733572,0.8664773507120085,0.1555875150173574,-0.4086328300247964
0.02608690389925592,0.04782697476046817,-0.060153946726567376,0.25175755579171366,1.1276220303733568,0.29698968650373025,0.8668318812433581,0.15525844252284804,-0.4088899264612116
0.029087622346652568,0.032394928912432744,-0.05000907599712957,0.36094461160469005,0.39845307821600096,-0.20925706163659363,0.8671864117747077,0.15492937002833862,-0.40914702289762667
0.016051344714345904,0.011542355286503273,-0.030763866734643742,0.4406055229543009,-0.3329149670548754,-0.2568025154091238,0.8675409423060573,0.15460029753382926,-0.40940411933404186
-0.01113362026865029,-0.007690748055683803,-0.010440500671941308,0.1345302139212882,0.6044186443161003,0.38409406801270585,0.8678952316259299,0.1542715561594048,-0.40966104667375136
-0.01071291356811874,0.004483671249311215,0.018264909536175312,-0.41692661659943386,1.4380675563883525,-0.03627888841655036,0.8682475263124336,0.15394555289337583,-0.40991657571377976
-0.01510935908990448,-0.026139014011052928,0.0022514470787880748,0.6952478344102331,-0.059202663909341396,-0.45617221466526203,0.8685998209989374,0.15361954962734675,-0.41017210475380805
-0.013654674544633226,-0.060902503593734315,-0.004696179399171815,0.8689261404782237,-0.2785397068529867,0.429504828905543,0.8689521156854411,0.15329354636131773,-0.4104276337938364
-0.008617426105845157,-0.05478831388746119,-0.00697939881200845,-0.17235434290109575,0.39522156534676295,0.2137572837407351,0.8693044041232731,0.1529675266404534,-0.410683158147361
0.00033600819723743564,-0.057209672719448164,-0.033857782240703245,0.20619961137095077,0.16150826919373826,0.48685539744955975,0.8696566680765143,0.1526414424434998,-0.41093866413744246
0.00633682933602537,-0.061917933034429475,-0.05374425715228273,0.8394267962804445,-0.16273270136935306,0.8621637396386301,0.8700089320297557,0.15231535824654616,-0.41119417012752396
0.007278899577257984,-0.04206209987927868,-0.03804252373995812,0.29639222140275423,0.2575914205859347,0.48991631349629117,0.8703611959829969,0.1519892740495926,-0.41144967611760547
0.013292764180871466,-0.011519333107757969,-0.0206600436889464,0.5783762167694367,-0.07709199762871916,0.27684738682256516,0.8707137629330501,0.15166225109812242,-0.411705439195891
0.014228189366843676,-0.01645442122677944,0.0077438484258202395,1.367390537066857,0.43804766198862055,0.9286314038256407,0.8710670410839532,0.15133302468119028,-0.411961805717322
0.025867663736662813,0.00426095741976564,0.012493027670031801,-0.7212857857597714,0.6834991693106734,-0.48932796386818467,0.8714203192348566,0.15100379826425786,-0.4122181722387532
-0.007488711026358071,0.028819342990756135,-0.0030858281790662324,0.7100737883104771,0.9079524247619873,0.08052519766214239,0.8717735973857599,0.1506745718473255,-0.4124745387601842
-0.0417282171528134,0.024801563086399758,-0.020353526767586116,0.45699374048905383,0.8210709888845674,0.27223938682257653,0.8721255065674813,0.15034699172688626,-0.4127299613390011
-0.05069064791105222,0.008794538058979926,-0.032921718151753335,-0.43829622210415065,0.2920798055685424,-0.06876673219978358,0.8724753118597237,0.15002194170421537,-0.4129839332270634
-0.04993593144240393,-0.0017359474129661646,-0.04574493176525129,0.20502909383642703,-0.021703337661997234,-0.18844425292241418,0.872825117151966,0.14969689168154443,-0.4132379051151258
-0.07123448624314752,-0.013625351782224808,-0.05649891529001559,0.958687050010739,0.7027345916685099,-0.10232417428267304,0.8731749224442084,0.14937184165887357,-0.4134918770031882
-0.04967404315047821,-0.002713813223865684,-0.0029131450518597134,-0.2583192881402767,-0.21263353957491277,-0.15809049946864917,0.873522698788523,0.1490482325905066,-0.41374454223875323
-0.06636997237269032,-0.01010643700640885,-0.00021243371514814656,0.10049731013818958,0.07079355710949627,0.2578600456961091,0.8738683602125399,0.14872612553382925,-0.41399584545518947
-0.06129505611339087,-0.025470863600572453,0.00732984827309906,-0.3274028826354438,0.5280272864399266,-0.40057980552596284,0.8742140216365568,0.14840401847715198,-0.414247148671626
-0.07989695756733309,-0.041347390926992765,-0.011353761437015001,-0.453942365589796,-0.2476917864608593,0.12107943995751036,0.874559683060574,0.1480819114204747,-0.4144984518880624
-0.09989900812536708,-0.06339443605983308,-0.0384387150100735,0.42774740180676474,-0.22055520641744727,0.6638804314558637,0.8749033066524974,0.14776248231491318,-0.41474831663478573
-0.09463774908608029,-0.08601443701955308,-0.04923990120098957,1.0218431799257246,0.8865168718827925,0.07981538682260592,0.8752454849734326,0.14744495246546221,-0.4149971611902231
-0.07798135535600498,-0.09178441050690736,-0.04232826168903602,-0.45612581099894217,0.5838848698218213,-0.7641939914983844,0.8755876632943677,0.14712742261601128,-0.41524600574566073
-0.10573198978746343,-0.08448654522274093,-0.03757010132306974,-0.6427655031349849,-0.776730637850609,0.08346392029765681,0.875929841615303,0.14680989276656023,-0.41549485030109823
-0.10843100710945788,-0.09901064811370804,-0.03347397432586132,0.8546849430392396,0.819393053435332,0.8472402433580886,0.8762695451222104,0.14649404823060574,-0.4157421019128587
-0.07142397969606626,-0.10502960644452729,-0.009241079365941068,0.06703658206158791,-0.05443302964646332,-0.21443832412332853,0.8766080866737513,0.14617899496989012,-0.41598860561813683
-0.06645474014654822,-0.08912276291243021,-0.004602574041928768,-0.3450816663761955,0.18857199352053067,-0.02572758873525771,0.8769466282252923,0.14586394170917458,-0.41623510932341484
-0.05968101808044742,-0.07368450460201932,-0.006138580251465688,0.3341533363442607,0.6513009583450726,0.3725872890542057,0.8772851697768331,0.14554888844845904,-0.4164816130286929
-0.026841338491602425,-0.07211442186142435,-0.012998701949962143,0.89188401294363,0.4955777502476604,-0.01232509351757649,0.8776203409564294,0.1452366779454481,-0.41672589101664903
0.005606214312754411,-0.07128988484506218,-0.03824024549492934,-0.031543237003068075,0.07071606370229666,-0.6388914665249867,0.8779545388735387,0.14492528834573154,-0.41696952628409484
-0.009957412881190331,-0.04092565193751326,-0.05606262099464812,-0.9690980901807061,-0.95192938318382,-0.5152714511158525,0.8782887367906482,0.14461389874601488,-0.4172131615515409
-0.005225073937194218,-0.04167975074729017,-0.05234602976823484,0.7483026968545214,1.1573552055517626,0.1786235276302257,0.8786229347077578,0.14430250914629827,-0.4174567968189869
0.03019093742964505,-0.047133802174813465,-0.04036169681579402,0.7188531682253254,1.1643881139260954,-0.078807486184866,0.878957677151966,0.14399432199078993,-0.41770048564647544
0.022307224176621038,-0.029917397002869685,-0.02282074397993725,-0.007366774048870983,-0.39289434360774966,-0.3459745037194448,0.8792924999787459,0.14368660757704568,-0.41794418238044634
0.00991829024920314,-0.021553778612115326,0.00035912526836430643,0.007925908501656642,-0.20736385287395764,-0.15717085547285947,0.879627322805526,0.14337889316330132,-0.41818787911441735
0.0003275626905446336,-0.029153931496917456,0.01072692040755157,0.5262486291179554,0.6658670443629724,0.051011902231699935,0.8799621456323059,0.14307117874955722,-0.41843157584838825
-0.025747330353560013,-0.034132725775770464,-0.008175314978253639,0.35371870435706854,-0.39931633873990846,-0.13420771413390042,0.8802971516896918,0.14276760336663125,-0.41867504973432523
-0.04351026242827002,-0.02957488547608946,-0.03679938622297101,-0.5114300858660153,-0.8409047717465096,0.14705813177469196,0.8806321640382572,0.1424641700963513,-0.41891851596882757
-0.06822779277470577,-0.03125589795823574,-0.06785290335465913,0.42164308735380307,0.38074772982645955,-0.027532223166829795,0.8809671763868225,0.14216073682607153,-0.41916198220332984
-0.06546574487205095,-0.0457471839048886,-0.08040195836415985,0.5331158311583423,1.2397640305704574,-0.5178655866099948,0.8813023366631245,0.14185699564930923,-0.4194055611370882
-0.05391349928905276,-0.05615854052880006,-0.08109012691098924,-0.19238440308193117,0.0016170453417607934,-0.03467963761946535,0.8816397257173221,0.141548615348211,-0.41965083807297215
-0.04665027273049968,-0.055733989692880355,-0.05080963817300499,-0.059762854729079495,-0.1763278186326098,0.21003211583423465,0.8819771147715197,0.14124023504711294,-0.41989611500885593
-0.03456331708108333,-0.04957863926822522,-0.0035144071457760416,0.4511380442082844,0.8562532038758055,-0.12509736663125715,0.8823145038257174,0.14093185474601483,-0.42014139194473976
-0.008800330173642217,-0.04246282915802131,0.029917378267156167,0.239075755146834,1.0306252886372207,-0.5764593028693223,0.882651172858661,0.14062318817286568,-0.42038626505490617
0.013191923028055866,-0.023605565918704857,0.035249353256610834,-0.03216645417469004,-0.47396793003388354,-0.7806798862912263,0.8829839954622742,0.1403129923042862,-0.42062898088558265
0.002499966979170689,0.001316263780553507,0.011721585992965666,-0.3526314397793955,0.05057718101819721,0.0650732943677248,0.8833168180658874,0.14000279643570673,-0.42087169671625924
0.007493248667588497,-0.006636460452179961,-0.04166487417967398,0.4206182997344374,-0.06905382131975327,0.504093127523964,0.8836496406695005,0.1396926005671271,-0.42111441254693593
0.03641826421317594,-0.004419928062699528,-0.09322809137144529,-0.5127254251859087,-0.5320018970579191,-0.13761630818274284,0.8839811226992562,0.1393825017410556,-0.42135633427559327
0.04852374481338981,-0.008537292551541474,-0.0976470630951443,-0.32217565540907267,-0.024539698693700394,0.07105050584489447,0.8843086489373008,0.1390726892699256,-0.42159591275239106
0.052820487206480846,-0.020529804213600965,-0.06880188776550951,0.6072280308394826,1.0718928282777758,0.46163885441025165,0.8846361751753453,0.1387628767987957,-0.42183549122918873
0.0663007793028689,-0.02734786141052101,-0.030381824962573335,0.6665632532072518,1.1233451633045042,-0.022668648246526146,0.88496370141339,0.13845306432766558,-0.42207506970598657
0.07500043379404725,-0.01826599980340031,0.019390554437407538,-0.12173520063763127,-0.7903436867269865,-0.5998082555791484,0.8852898600850161,0.13814428208395324,-0.422313750159405
0.04977512671031102,-0.013052472108395892,0.027965865492347662,-0.30825723532410293,0.2194086572059091,-0.22668745908611854,0.885613462709883,0.13783742538434296,-0.42255075216436405
0.05275591948352809,-0.017405062279489823,0.03936623651742808,0.04076373602549854,0.8782928100221318,0.3784396524973328,0.8859370653347503,0.13753056868473262,-0.42278775416932346
0.0791291547970269,-0.03274037677789723,-0.003454338305424122,0.7372545311158936,0.4635054252718338,0.025982714133853335,0.8862606679596173,0.13722371198512218,-0.42302475617428265
0.06730563835579537,-0.02013670633687863,-0.053033365123481335,0.11965317757718485,-0.5221251231870684,-0.1618467587672754,0.8865833313496281,0.13691837409422608,-0.42326108502302506
0.04655132316769395,-0.009312075132837362,-0.09297320710435694,-0.41273152723060763,-0.6466177858120504,-0.06626260680127594,0.8869048185015941,0.13661493826284093,-0.4234965708537017
0.06308714144612615,-0.015269224828904675,-0.10835096074091147,-0.07476342129650036,-0.1470788873211495,0.07841306588736963,0.8872263056535601,0.1363115024314559,-0.42373205668437836
0.10691951652582628,-0.007604604797024563,-0.07838936830584844,-0.0824395399575287,-0.6909673635166941,0.2378240329436725,0.887547792805526,0.13600806660007084,-0.42396754251505486
0.07439370398597206,-0.005614997715196586,-0.03508958181657771,0.35912886121148124,0.24531210130804695,0.30346243889479396,0.887869532773645,0.1357049714488133,-0.42420315958908966
0.09779434039405137,0.005552846010521849,0.0037490418854449568,0.06310544488200881,1.35151931159508,-0.2775585749203575,0.8881914886078639,0.13540216718597234,-0.4244388887247609
0.12280148116981758,0.011048460753772284,0.031268493433367,0.3389655499978461,0.46744973698613357,-0.4687094250796946,0.8885134444420828,0.1350993629231315,-0.42467461786043215
0.11709890428565307,0.027499679077046202,0.02390648512943623,0.09698480553665023,0.01650510514969638,-0.08395788204036769,0.8888354002763018,0.13479655866029047,-0.42491034699610347
0.10867317733347562,0.03363699875823467,-0.03099226244761879,0.1609932192349392,0.2758777675036343,-0.24274060573868717,0.8891588470882041,0.13449302728161527,-0.4251470126673751
0.10459708804548482,0.030223303540381913,-0.09003896873878825,0.28178987353885043,0.1967416523920645,-0.7125710201913176,0.8894831514558978,0.1341890776925257,-0.4253842169996458
0.08339298081827792,0.03884596350903276,-0.09243016556152994,-0.48163258761952676,-0.5837422657907666,-0.10995841976617271,0.8898074558235919,0.13388512810343606,-0.4256214213319164
0.06928139109245321,0.03344384103506817,-0.08255402973782888,0.280438180159437,0.9993245552082148,0.7984709798085987,0.8901317601912859,0.1335811785143463,-0.425858625664187
0.056492816703507476,0.02637770833581328,-0.05736752916833268,0.5323613587991387,1.5503720829445407,-0.11369131455894,0.8904549086822529,0.13327743316755236,-0.42609513983705277
0.06996369745037281,0.027978920992029907,-0.030216619330710688,0.38108786590859717,-0.35068544470695195,-0.3491002826780072,0.8907776302869288,0.13297376325115132,-0.426331399121502
0.08057330548437742,0.024973542824123993,-0.010770248890756468,0.11024210008505214,-0.17887858927660957,-0.10826052709888145,0.8911003518916045,0.13267009333475033,-0.42656765840595107
0.06956634653113794,0.03242901121944679,-0.004980707774920195,-0.13959692712007837,0.5468379799052695,-0.07464237619552705,0.8914230734962805,0.13236642341834923,-0.42680391769040027
0.06154504316238204,0.04821742342348622,-0.029578722195752985,-0.05095308913917615,0.5910126114886846,-0.3679656004250962,0.8917455159511158,0.13206240667941904,-0.4270400416294722
0.08422154818065786,0.054788681282678484,-0.08026328789946804,0.44808830318809345,0.2973750903197683,-0.3200785334751757,0.8920678994899043,0.13175831674176408,-0.4272761370031881
0.09442968900191218,0.05184065952231613,-0.08444973094707808,0.4464879353879036,-0.26937892834129,0.8899120340064162,0.8923902830286929,0.13145422680410904,-0.427512232376904
0.1313335472378348,0.08162980227470995,-0.05684912641997671,-0.5460877001063431,0.7673223824983383,-1.2663071052073853,0.8927126665674815,0.13115013686645416,-0.4277483277506199
0.14038169484675825,0.07369231713018194,-0.023218327642086267,0.4194647032411115,-0.08382668009461533,-0.20085755154106266,0.8927399070937143,0.1310674823599796,-0.4277650260377061
0.13010054080552613,0.07467489621147713,-0.015045643505207214,0.6383951384165791,0.775686831594938,0.6814658618490927,0.8926186848529932,0.1310967247134254,-0.4276712258129649
0.13827356931009804,0.08173964946865106,-0.024729493416048114,-0.06476647092464549,0.8555195573546952,0.27053310839521494,0.8924548366879207,0.13115812441091035,-0.42754569168969175
0.15080170945887447,0.07636880302231888,-0.03925768210754408,-0.10659377064838482,-0.14666528128488546,-0.41217830074390704,0.8922909488629117,0.13121953419128587,-0.42742013350690755
0.14188456433368757,0.055162583248671584,-0.055145421710202105,0.9750630856323007,-0.368205654058582,-0.16180739532412147,0.8921247111866807,0.13128154138292597,-0.4272931497980872
0.14207249073113862,0.05076149236238189,-0.07933339746163623,0.3090503637619756,0.975465281031655,0.2369709713071071,0.8919584735104498,0.1313435485745661,-0.4271661660892668
0.15746296496365458,0.06522530599681087,-0.07601306351030843,0.5116346003187952,0.45727950494250713,0.10122123485654555,0.891792235834219,0.13140555576620624,-0.4270391823804463
0.134429153699043,0.06274180991710938,-0.06847176799734309,1.0594106417640925,0.21271657635585553,0.5670128076514445,0.891626703715905,0.13146757013106625,-0.4269126144314559
0.12086462504867061,0.04889945164930738,-0.03961722288628713,0.3882034927097594,0.48762577939522955,-0.07501171094591896,0.8914667637973785,0.13152964135033654,-0.42678934176408073
0.10267750143315771,0.061581804824652586,-0.033093729064334984,-0.6420337169181141,0.0971000854845048,-0.5209919989372995,0.8913068238788522,0.1315917125696068,-0.4266660690967056
0.08150778363921304,0.06444852446121019,-0.050078418782338596,-0.6002712323060096,0.2016177490760388,-0.4444883060573783,0.8911468839603258,0.13165378378887704,-0.42654279642933046
0.062093773265246156,0.04288625554272466,-0.07208831262538024,0.15737763351738593,0.81768144049866,-0.24219465887351532,0.8909884700779311,0.1317166743492739,-0.42642035798087136
0.03415007253804594,0.07165907996131787,-0.09577254944476037,-0.7292816714772367,-0.9797503065787163,-0.048223479277377024,0.8908358856535601,0.13178269479277366,-0.4263011062486715
0.00627205034824525,0.06852695751965983,-0.08683112971032873,1.0998561623167684,0.5371824872577683,0.2574555430393346,0.8906833012291887,0.1318487152362735,-0.42618185451647184
0.008490202691391635,0.05447604254729191,-0.05329408613832958,0.22662692760480863,1.2308468552912506,-0.5505507545163617,0.8905307168048175,0.13191473567977324,-0.42606260278427205
-0.0034490034512215167,0.07114805057651345,-0.03814528170353336,-0.19240306906269142,0.02740173269768453,-0.203967927736473,0.8903785070775769,0.1319833846663124,-0.4259433626886291
-0.025201500018067403,0.06655245210361181,-0.029704867394499342,0.22813149109462938,0.491403616459347,0.5684190499469128,0.8902271596670208,0.13205808290258592,-0.42582414937300733
-0.026189055975029768,0.05193348981881025,-0.022155755123640854,0.5337174678852662,0.881429200790956,0.3569164675878369,0.8900758122564647,0.1321327811388594,-0.4257049360573857
-0.01689682672954227,0.05347257255940461,-0.02427546574347496,0.24203935380446717,-0.12380395724320453,-0.6706757375132835,0.8899244648459086,0.13220747937513283,-0.425585722741764
-0.048798382960680176,0.06497076908076457,-0.0488075375338966,0.03114386430390511,-0.10290726327612616,-0.46254394261413445,0.8897720299114418,0.13228173239992919,-0.4254659044527098
-0.04925739828905413,0.05740717032518678,-0.07141954019535546,-0.34283941082886804,0.6351721825469949,1.004057388947782,0.8896179523627346,0.1323553129698902,-0.4253451724017004
0.004316734911582999,0.0327082265978748,-0.08582941643825104,0.4609704156641807,0.36447028325907954,-0.0032106078639664304,0.8894638748140276,0.1324288935398513,-0.4252244403506907
-0.007229864880554958,0.031618425233475356,-0.08569366097810475,0.3773437044633107,-0.4430520107686317,0.40324214877796116,0.8893097972653206,0.13250247410981225,-0.42510370829968114
-0.009759468631244356,0.024293825523380674,-0.061586971310604095,-0.19731680353872566,0.6017201207934287,-0.33524212114757823,0.8891527225859015,0.13257639890719092,-0.4249811969394262
0.007598146756641996,0.036415448632837626,-0.046321781716690144,-0.40611259493092267,1.1176884665105464,-0.8623178565355989,0.8889925752178534,0.13265067660998942,-0.4248568614133901
0.022686889130711693,0.054889244228477505,-0.04440014790352384,0.33621097179611703,0.3185219592835021,0.05883087460164482,0.8888324278498052,0.13272495431278783,-0.4247325258873539
0.022545217789584345,0.038123251370878575,-0.031646144280720746,1.3355965365995213,0.24592890823113647,1.0887388129650795,0.8886722804817571,0.13279923201558622,-0.42460819036131775
0.03875107630180689,0.08486764013974579,-0.056763993782186,-0.8081859349203366,-0.8695097050526773,-0.928669620616402,0.8885130551328373,0.13287236240063768,-0.4244844901381509
0.03583724725929832,0.059421170051538075,-0.06857634041460964,1.2832768858875871,0.74654277909205,0.26620316896931584,0.8883544726000707,0.1329446928951471,-0.424361232837407
0.049679320296492004,0.08282268141604474,-0.09120487393863787,0.2643558770670502,-0.050366481885735004,-0.006011212539815958,0.8881958900673042,0.13301702338965637,-0.42423797553666315
0.041902804582889926,0.0890243811275237,-0.08611464670207852,0.39108993062702313,0.20509069367213523,0.1814117470775951,0.8880373075345377,0.13308935388416576,-0.42411471823591923
0.042401098181192684,0.08779206838150963,-0.0612616916821854,0.6727817275238623,0.6815479810472338,-0.14374931987261874,0.8878816392419411,0.133161229708112,-0.4239932161424016
0.05050962710148845,0.09677200707332537,-0.03859780475524609,0.032857940488894954,0.5445620957975191,-0.8089437683315754,0.887727313266029,0.13323289610804112,-0.42387252250797025
0.03554836717800126,0.11233935783528193,-0.03421470801002611,-0.6358037031667904,0.3347087947348199,-0.24916819766198017,0.8875729872901168,0.1333045625079702,-0.4237518288735388
0.01645358616046793,0.11850847537162382,-0.050332350247519385,0.5581360668438512,0.7030514705898857,1.4871870887351566,0.8874186613142047,0.13337622890789944,-0.4236311352391073
0.018946000921360166,0.10287447926291232,-0.043778663682537515,1.0560163308182609,0.7290987465083981,-0.20355306004244866,0.887265260354233,0.1334489701643642,-0.4235109011158342
0.04014262026408214,0.07254960861168787,-0.05569076885841063,0.23529206663118474,0.148194325806635,-0.34891826939425563,0.8871121201700318,0.1335220144388949,-0.4233907965356004
0.027873645639216786,0.05515396247215852,-0.07469624822998132,-0.0026540696089377702,0.12632270244815064,0.17965264080757137,0.8869589799858306,0.13359505871342547,-0.42327069195536654
0.03700198970084925,0.03598781398756701,-0.0792068473884411,0.3012853875515301,0.16766950270251293,0.4370294622741788,0.8868058398016294,0.13366810298795606,-0.4231505873751327
0.051566961038786586,0.01167969293549268,-0.05651773279970239,0.7870760459086426,0.298221774094332,0.5469198799150199,0.8866517735494155,0.13374003777470778,-0.42303003209351747
0.02371966866047046,0.001169073551856908,-0.025109132935729365,1.0189453883953972,0.593989038366031,0.6756536663125541,0.8864975756287636,0.13381181481438192,-0.422909412731137
-0.0036110083639743686,0.025360212861105534,-0.03959861861585867,0.39135749742825926,0.012869204295097686,-0.3927241923485756,0.8863433777081118,0.13388359185405602,-0.4227887933687565
-0.016785079915516497,-0.008949001039003904,-0.025718435374624652,1.2847158111371622,1.5903235626583125,0.7127333453773499,0.8861891797874601,0.13395536889373014,-0.4226681740063762
-0.01668335849415533,-0.0009139030578119763,-0.05306381572829219,-0.6796029009562241,0.2289864665261955,-0.18798003294357457,0.8860290286680834,0.1340251871470067,-0.42254421747077575
-0.03396412564187043,0.013243101404888461,-0.09073808935940757,-0.004588116556848432,-0.058163629734316595,-0.1742766354941523,0.8858686994615657,0.13409494680410916,-0.4224201611052072
-0.04573503345589824,0.012051640392559862,-0.10152109247389239,0.7530688401275238,0.5678893153454534,-0.09060030286930498,0.8857083702550478,0.13416470646121148,-0.42229610473963863
-0.04208103990117004,0.014801514094153312,-0.09252239654077855,0.2070527402764033,0.6454730432094266,-0.535999306057322,0.8855480524406659,0.13423404192277716,-0.4221720895217853
-0.03204213707683316,0.03562900467056337,-0.07426075307165693,-0.44483407800210206,0.08850460537728612,-0.7832901955366385,0.8853878948281968,0.13429741213460855,-0.4220486529436769
-0.030629634827308645,0.044951928466526736,-0.021429423304406663,0.8378598112964605,1.1037322648670265,0.4676407757702936,0.8852277372157279,0.13436078234644006,-0.42192521636556846
-0.005834474695750788,0.06124104468225189,0.011404691585120152,0.5381399873857787,-0.21935115681183087,-1.0368233347501707,0.8850675796032588,0.13442415255827142,-0.4218017797874602
-0.03145870050871501,0.08266751642667437,-0.03629811069947024,0.010724035100940443,0.29256631870318023,-0.5591006609989186,0.8849073080162947,0.13448748008147363,-0.4216782802125398
-0.01608599375738217,0.078541716798617,-0.0815756838758819,0.27389870046765047,0.8927968538778387,-0.5595644930924788,0.8847464460998936,0.1345505864994686,-0.42155445434643984
-0.00195675694973452,0.0707937715488844,-0.1064307074104138,0.5810389817215643,0.488804228776501,0.4557716354940631,0.8845855841834926,0.13461369291746375,-0.42143062848034
-0.010678955109459046,0.06675471607598286,-0.12097277520765212,0.3566337936769088,0.05967436306943473,0.6127583432517749,0.8844247222670916,0.13467679933545879,-0.42130680261424014
-0.022902232478211687,0.06760488539745116,-0.12007675657087585,-0.2660510036876135,0.37607614729787014,-0.9078409766206565,0.8842635750584482,0.13474031702231667,-0.42118278303931983
-0.003988853107544937,0.0755400742620624,-0.07073003645621959,-0.5514715867587753,0.5647425468833492,-1.1017090116897172,0.8841016041834926,0.13480502208218206,-0.421058204208289
-0.010065394215196933,0.0546933818348554,0.004098398867060449,-0.3385448553028576,1.0447113178717637,-0.4391234038256808,0.8839396333085369,0.13486972714204754,-0.42093362537725826
-0.02665686050106067,0.06479319315589663,0.0004561079297138839,-0.3919931468862834,-0.14355370348839916,0.09285973538782422,0.8837776624335811,0.13493443220191292,-0.4208090465462274
-0.046170272966737,0.04940773370350747,-0.008589225248187046,0.9141303678001718,0.3075605696783041,0.3481164537725778,0.8836157800814735,0.13499885200141692,-0.42068453997874605
-0.04745480977863904,0.020640093531347378,-0.03939972502608777,0.37561326716246835,0.22429133811611313,-0.34177693623812644,0.8834540601948282,0.1350627482642579,-0.4205601660361317
-0.039164847405632926,0.016036118002972787,-0.08389729447473444,-0.48579393558982376,-0.1474896202153999,-0.4235963528162774,0.8832923403081827,0.13512664452709883,-0.4204357920935175
-0.040642451548033795,0.037055685613177396,-0.1188925790085585,-0.03480116955367679,0.3363997590831954,0.4734691625929841,0.8831306204215372,0.13519054078993986,-0.4203114181509033
-0.05911371919840754,0.04241619279383564,-0.1272285761100489,0.6608515437193999,1.5387583154794755,0.515345330499386,0.8829667738186326,0.13525401320155866,-0.4201858356641871
-0.07875913726429151,0.0342558499819349,-0.12061445697216562,0.07369392331567515,-0.018977994222701078,-0.5189669968118089,0.8828003082040383,0.13531696364824655,-0.4200587648777896
-0.08206594450584484,0.03691699117056323,-0.05873428526030885,0.7977777302444219,0.5362569581108456,0.09828533049947019,0.8826338425894438,0.13537991409493444,-0.41993169409139225
-0.09726804814665412,0.03567588027948968,-0.020964789167543175,-0.4743358538152508,0.8434750382224512,-0.2592891115834757,0.8824673769748494,0.1354428645416224,-0.4198046233049947
-0.09675888805972449,0.05609063061317496,-0.0025979634047812576,-0.4876939790011302,0.43707617418422895,-0.6995147927736163,0.8823015113708821,0.13550474165143472,-0.41967798964930925
-0.08650974321912844,0.06493441000743869,-0.006958246647131362,0.5644732556004428,0.7722688252681447,-0.05393372157277021,0.8821361495926319,0.1355657174860078,-0.4195517230499468
-0.09249195499384044,0.05889444411317874,-0.04954145001899979,0.8451554794047157,1.094714734173346,0.41738274814007426,0.8819707878143817,0.1356266933205809,-0.4194254564505845
-0.12402500597151972,0.06586469600106347,-0.12025553636130933,-0.378450970935218,-0.17296669434940348,-0.9329730085016763,0.8818054260361318,0.13568766915515407,-0.41929918985122216
-0.12298793402677982,0.053572184059510634,-0.11244950437870821,0.26503746692879154,1.3291351224413306,0.3156282348565327,0.8816437235990082,0.13574773326390366,-0.4191751538788522
-0.11658135229596088,0.033451188879912705,-0.07023790669825891,-0.013755061838503058,0.827546762823856,0.20945625823590674,0.8814840884520014,0.1358072823067659,-0.41905237806588735
-0.1348975897880966,0.0342503562019126,-0.04125726026083338,0.03881753891179018,0.45558015625642284,0.39745779702442974,0.8813244533049946,0.13586683134962804,-0.4189296022529224
-0.14298472190531356,0.0351141627045696,-0.022017297506702276,0.2348402451859818,0.32844412709590587,-0.6787106078640424,0.8811648181579879,0.13592638039249025,-0.4188068264399574
-0.13918324449968003,0.03689529208820465,-0.01274002284395174,0.29473143531348345,0.5366804746624412,-0.7283191392134167,0.8810045096209704,0.13598537398264257,-0.41868368947927737
-0.128781077769076,0.03782979561211504,-0.0188756015040081,0.2175290665781101,0.7158730829088813,0.32504943358127925,0.8808439575982996,0.13604416673113712,-0.41856042193411264
-0.11409168593517434,0.03537741318916111,-0.0454547017209518,0.051059966099859355,0.49694586558692627,0.4428769330498863,0.8806834055756287,0.13610295947963158,-0.4184371543889479
-0.09504342997513544,0.04616145199065179,-0.08618563694191304,-0.535283029649407,0.3824788065007816,-0.6457478724761483,0.8805228535529579,0.1361617522281261,-0.41831388684378323
-0.07318708979447455,0.016902831709033735,-0.09486903574093603,0.2878882934112429,1.004299968031126,-0.15455130499469938,0.8803601740063762,0.13621914093836346,-0.4181894949628056
-0.04242914464781936,0.03645200768586779,-0.07987693456479647,-0.8619596663125273,0.40612536301515145,-0.6563750690754944,0.8801970583173928,0.1362762418207581,-0.4180648725929861
-0.04063716745759724,0.03740470836185018,-0.06535735099466569,0.16770064038236132,0.4517921483074057,0.3702282082888768,0.8800339426284094,0.13633334270315264,-0.41794025022316683
-0.03036613320828941,0.003173392704570335,-0.04794449148307907,0.9455674299681215,0.929937086203262,0.4758008310308348,0.879870826939426,0.13639044358554725,-0.4178156278533475
-0.018199111479915746,-0.02684067269606756,-0.027947270952932347,0.3790302365567637,0.42138433168665757,-0.4135595111583825,0.8797011421112291,0.13644801772086437,-0.4176871521572795
-0.03246199501487507,-0.025189692640806546,-0.014420152417798725,-0.38429861675881427,-0.6061113191104569,-0.5217341158343274,0.8795309270386114,0.13650563005596883,-0.4175583654303933
-0.05923501590074389,-0.03744752964452709,-0.01779127040424099,0.05901935586610009,1.8029850571278487,0.5117666248671622,0.8793607119659935,0.1365632423910733,-0.417429578703507
-0.05273321992837348,-0.04706423036982017,-0.021407367069731426,-0.2979771691073654,0.52828227264314,-0.16841516578114657,0.8791905031101663,0.1366208717771874,-0.41730079404888415
-0.06159942589372925,-0.0535668087077573,-0.04322050347195548,1.0107217524759713,0.057757970177796075,-0.0038034197662248914,0.879020587686858,0.13667930597095287,-0.4171721072051009
-0.08109579496280582,-0.0713515880828908,-0.0582909283270481,0.4813947003591774,0.31574039789299735,0.3807908501594106,0.8788506722635493,0.13673774016471843,-0.4170434203613178
-0.09440717149086163,-0.06768979734431214,-0.07425548477468043,0.40270989566213644,0.7858893357042137,0.1267664070137382,0.8786807568402408,0.13679617435848385,-0.41691473351753455
-0.10128059100340027,-0.0485949113453783,-0.08222221392081935,0.8229961285866085,0.8200572981711101,0.2935083028691956,0.8785117281331916,0.13685464268189865,-0.4167865641232732
-0.10349355385143447,-0.03989380152391099,-0.07064217325029905,0.6243660046333481,0.39447770818243616,0.8253108841657344,0.8783494448034006,0.13691337063443143,-0.4166623310414453
-0.0967685412690749,-0.04508077680233277,-0.046928840235775565,-0.1628220123486283,0.25785895154084193,-0.8071479468649922,0.8781871614736096,0.1369720985869642,-0.41653809795961744
-0.09211237548799175,-0.001668369191288245,-0.04265098434385952,-0.698091075791682,-0.4206762666311988,-0.4241754707757899,0.8780248781438185,0.137030826539497,-0.4164138648777896
-0.11475138731583516,0.0008536605565356049,-0.04551799594578848,0.9112451933050613,0.9166702044208926,0.1491181721573014,0.8778636137300743,0.1370895543294368,-0.41629022905419777
-0.0926247840214619,0.000858053732943672,-0.030599791538815074,0.17815837173201166,0.9842925776198821,-0.433167217853466,0.8777061452780728,0.137148281513638,-0.4161688183103081
-0.08190077056769375,0.01695557505876619,-0.03386982755688285,-0.2742088879489972,-0.12057907600310555,-0.03101216790653183,0.8775486768260714,0.13720700869783922,-0.41604740756641867
-0.09068576795345448,0.027822455585228098,-0.04904485217962597,0.2989080988948472,-0.10938500137997667,0.42617648565353683,0.87739120837407,0.13726573588204047,-0.4159259968225291
-0.09000070275090759,0.027427033228159505,-0.05456419277898896,0.6467603142403371,1.000345881723112,-0.34620015090311007,0.8773527491098778,0.13723821572629594,-0.4158139023382533
-0.05944433107640801,0.042036357234112635,-0.04748411946336572,-0.4274541038257452,0.18355072066031977,-1.4170955897981408,0.8776080041091039,0.1369977560368402,-0.41572471814027634
-0.06198184776216807,0.04236225322497345,-0.06008779263021064,0.5554289046759395,-0.2560608117520481,0.5045790541977855,0.8779037934962806,0.13672778936238034,-0.41563857449521785
-0.022147855175987434,0.0619509373046737,-0.05616609794370661,-0.16376175074380617,-0.508515463824257,-0.8262807651433093,0.8781995828834572,0.13645782268792064,-0.4155524308501595
-0.025912419460361096,0.06070024019202985,-0.053994692351782655,0.7969431373538577,0.22004723436911286,-0.3022836068012893,0.8784947084236627,0.1361880801133545,-0.4154658872476091
-0.02141264052104027,0.0763600368902253,-0.037030059327425736,0.35768021031869945,0.26019440242754044,-0.36996808820408766,0.878788848459086,0.13591867022316678,-0.41537874989373014
-0.019271479877788558,0.08000665877120294,-0.025323383897120626,0.17556554806577795,0.2782033308292258,-0.05740978002138064,0.8790829884945093,0.13564926033297914,-0.41529161253985114
-0.024800290398087156,0.05633048475207233,-0.029151126576099747,0.9155482349628058,0.47355965561248714,0.5928415924548371,0.8793771285299327,0.13537985044279138,-0.4152044751859724
-0.020722462111584013,0.03559391750191413,-0.037952084867649644,0.6950733191370256,0.09055195467698438,0.0974008018066872,0.8796727274388947,0.13510914707757704,-0.41511828533475015
-0.027838806360679588,0.049220336290753355,-0.06227425577391734,-0.0014256231625359161,0.4008432254945015,1.176864374601399,0.8799697973786752,0.13483713945837766,-0.41503305088204034
0.003371339827099159,0.015118190238363097,-0.05615473420104629,1.1490750468769513,0.7576570256748255,0.28574965462273205,0.8802668673184555,0.13456513183917812,-0.4149478164293305
0.0056826203155895495,0.005456072911901947,-0.025603951561720108,0.2259236256959316,0.3023888751837917,0.5625839415515923,0.880563937258236,0.13429312421997866,-0.4148625819766205
0.020181952969605208,-0.00561700380169936,-0.02744378620447902,0.05666714732197109,0.8839956292709163,0.027658290116969297,0.8808651710662416,0.13401876659865386,-0.4147799613390011
0.04261643921360306,-0.012025793981190148,-0.031675402674287305,0.315331761710949,0.5464159409985503,-0.4492668575982979,0.8811692584342898,0.13374279848636206,-0.41469913198724767
0.05200507253984965,-0.012897959551573515,-0.026355947523513907,0.5846245279703038,-0.2737035706492269,-0.03699956641857938,0.8814733458023379,0.1334668303740701,-0.4146183026354941
0.04459833883953135,-0.014941523003794876,-0.037539321583816856,0.620016785016053,0.46504203000917527,0.4780349851223171,0.881777433170386,0.13319086226177823,-0.41453747328374074
0.0636870401402771,0.002381217099044048,-0.07741253027191153,-1.286422951753404,0.5188975417201038,-1.3239291870350343,0.8820886068508678,0.13291365452993267,-0.4144608636131775
0.08588336942827066,0.014759616317536233,-0.06191811947820295,0.08303518214682848,0.2195416324746027,-0.321824904356939,0.8824029821785335,0.13263588672901164,-0.41438616042507964
0.08293479279489935,-0.027316098048244454,-0.05712223271796808,1.4116475094579664,0.8267065375118033,0.8356653251859214,0.8827173575061991,0.13235811892809066,-0.41431145723698193
0.09106990470775841,-0.02080012646694857,-0.04868260880377796,-0.013371943995875712,0.2930593098493874,-0.21458124123283007,0.8830317328338647,0.13208035112716962,-0.41423675404888427
0.09246987176408193,-0.010194144727310762,-0.026934683393312255,-0.7306289992562142,0.001565493844406735,-0.8916379628055786,0.8833546483103082,0.13180321961955374,-0.41416698374070143
0.08206251221041481,-0.027204152834855472,0.00048246523288884716,-0.12570161051754108,-0.14271779575203775,-0.6127610712008522,0.8836799134573148,0.1315262631767623,-0.41409857062699257
0.070115285926524,-0.060617125104145915,0.012810114898514467,0.06053248578215169,-0.728040683088895,-0.46228235919231686,0.8840051786043217,0.13124930673397095,-0.4140301575132838
0.05211969050531957,-0.08212615233049957,-0.008380782238475227,0.12921468463444608,0.017647047083141857,0.032215370882042293,0.8843304437513283,0.1309723502911796,-0.41396174439957495
-0.003201775573325283,-0.08126948823910735,-0.046002655567580486,-0.0038599631551517743,0.40678145226912016,0.016488081827843004,0.884660550428622,0.13069666066666666,-0.41389605056323064
-0.02851439098012916,-0.09495616018671749,-0.06250477094685129,0.47866454723171,0.2923849108154014,-0.8820943113709561,0.8849913193907192,0.1304211443333333,-0.413830728703507
-0.0681373380630136,-0.10385453840945738,-0.06253687902403048,0.4856625736450769,0.48997694516145823,0.20565005526018254,0.8853220883528161,0.13014562800000004,-0.4137654068437833
-0.10585812328299668,-0.10053242128969186,-0.045692693619424615,0.14367337083953446,0.42904449106936177,0.7672680249734345,0.8856528573149132,0.12987011166666668,-0.4137000849840596
-0.13012221607577165,-0.0870525272327296,-0.02172556741023235,0.02210650552606741,0.3293724194856075,-0.20030006057401373,0.8859835913142049,0.12959559826638323,-0.4136346682252922
-0.13995633672210434,-0.0740045544250795,0.0006011514388044118,0.31205774174281914,0.452952250091308,-1.0969070541978123,0.8863143244208289,0.12932111047290126,-0.4135692490435707
-0.14020454476673774,-0.07622872528374072,0.02410315759406844,0.3909701268225288,0.24627767215297583,0.5148220536663093,0.886645057527453,0.1290466226794191,-0.41350382986184914
-0.167807439885295,-0.07976029429543074,0.0357433209905437,0.3397930356429279,0.9976665369776497,0.20553015887350767,0.8869753230889124,0.12877207058944387,-0.41343814294367687
-0.14376600916046964,-0.06977675411774785,0.0050143477365305385,-0.3611110162167372,0.12269254446971528,-0.49151154782141404,0.8872994280552603,0.12849667129861847,-0.41336892820403826
-0.1410077299893731,-0.08332580341657855,-0.030665679668603917,-0.039551746227403706,0.921630668465422,-0.36062924654621753,0.8876235330216082,0.12822127200779315,-0.4132997134643996
-0.12898675896705367,-0.08442162644378166,-0.06604737417731638,-0.47322789606814347,0.5198719708775429,-0.39514590754520107,0.8879476379879562,0.1279458727169677,-0.41323049872476086
-0.11687687436131762,-0.08595854443145476,-0.08272564645122106,-0.1338302395325418,-0.39065433045068876,-0.07229825292248826,0.8882719814240171,0.12767029859086082,-0.4131614374388948
-0.11005627269925508,-0.10580918440701445,-0.0702950227835765,1.270081075557892,0.02085415467160473,0.5476419266737285,0.8885975231703862,0.12739384591746367,-0.413093147258236
-0.07668573349627353,-0.12025285618065595,-0.03989185503449757,0.49081899032929255,1.397944269442949,-0.17008464080774388,0.8889230649167552,0.1271173932440665,-0.413024857077577
-0.021185160148780406,-0.09798172777364611,0.008519501030189591,-0.6481208131774191,0.3912430000697604,-0.9065303676939092,0.8892486066631243,0.12684094057066947,-0.4129565668969182
-0.013282695611051804,-0.09289192662858639,0.011999862638721215,-0.06579776380443214,0.3800099451699651,0.023921284803448017,0.8895759948919588,0.12656437836698542,-0.4128893659936239
0.0196401233018016,-0.10225413777630019,0.0275872294219281,0.10364149323060058,0.7651394079431851,-0.8072719532410702,0.8899086001664895,0.12628750669677646,-0.4128252427311372
0.025494839977683766,-0.08363715623166965,0.01518801652291572,-0.563616401689657,-0.11248526557462028,-0.7747472901169239,0.8902412054410201,0.1260106350265674,-0.4127611194686504
0.014755246055259939,-0.06566856897874618,-0.029172936770550814,-0.4932231346757948,-0.32807251246158814,-0.5537187173220239,0.8905738107155509,0.12573376335635836,-0.4126969962061638
-0.0049001060595058096,-0.05685248901700717,-0.07003420446063646,0.10417445108407869,0.12179656979144099,-0.8149087810839699,0.8909069661707403,0.1254567864024088,-0.412633202869288
-0.050271905602549884,-0.025740424395855523,-0.0653932577981779,-0.6565719356748401,-0.9733420960950613,-0.5667796918172314,0.8912411132306057,0.12517961969287986,-0.41257000416578116
-0.0810095514686526,-0.022340543363442954,-0.040161469420788166,0.6858922122530207,1.539569452257987,0.25893912858667,0.8915752602904712,0.12490245298335098,-0.41250680546227425
-0.04718082822317028,-0.04067069787300559,0.0012046187641155666,0.7868323784378239,1.0720274932780154,-0.055798231668404696,0.8919094073503364,0.1246252862738221,-0.4124436067587673
-0.06313968176206147,-0.011018161162593241,0.03667954969346133,0.2278682010701426,-0.1542081474446617,-0.47036556854409817,0.8922440524973433,0.12434749765037187,-0.41238074165781086
-0.08667866723364688,0.007006200692880442,0.043975024172731976,-0.30092838862384247,-0.13744944278995527,-0.21350920297550502,0.8925793008324476,0.1240689558834572,-0.4123182805526036
-0.09248036078501681,-0.0020408569904335778,0.029416043459769704,-0.08825053676946887,0.24905477963293263,-0.05820827311368326,0.8929145491675521,0.12379041411654265,-0.4122558194473963
-0.07854195345653545,-0.023411769647183944,0.00019062091033743482,0.20932981045695542,-0.300497577178977,-0.11887171732199597,0.8932497975026568,0.12351187234962802,-0.4121933583421892
-0.06519294282571976,-0.036325326768332014,-0.04026438239987221,-0.32441391447388507,-1.3048612490703455,0.16417922316681555,0.8935851566560398,0.1232309597729365,-0.4121311525398513
-0.08932113050946038,-0.04085043322954267,-0.07249310643929245,0.45795856618492625,0.9409704530548166,-0.12431311158337977,0.8939206073184556,0.12294808948211121,-0.4120691575557917
-0.05692930539787397,-0.0459040387236983,-0.04577226196223963,0.23061223366630804,1.0955813335011646,-0.6923331434644115,0.8942560579808714,0.12266521919128584,-0.41200716257173225
-0.06518857198193578,-0.03255489817321813,0.010241929767943029,-0.005089489473990377,0.9358369644787911,-0.19274369181714057,0.8945915086432873,0.12238234890046042,-0.4119451675876728
-0.04370735883028924,-0.03206846257236944,0.04452457171431389,0.1534742259882902,0.8939572174012358,-0.27376752816150507,0.8949241854481047,0.12209776619730789,-0.41188169672688624
-0.015393463220775134,-0.03839569178852302,0.04548986668213556,0.44826377604676715,0.6167591799942062,-0.4100305823591892,0.8952553232093516,0.12181223338150904,-0.4118174069925612
-0.006836498005049244,-0.042026124775770446,0.021983661710082262,0.35938011436760836,-0.12006581598853963,0.010234224229659361,0.8955864609705986,0.12152670056571013,-0.4117531172582359
-0.010870791037195503,-0.04052660679330533,-0.00880644353256688,-0.04500620689695031,-0.6215101501429009,0.5648843985122642,0.8959175987318455,0.1212411677499114,-0.4116888275239107
0.010394597079702361,-0.03414144473804497,-0.031883829517729924,0.5819966541912613,0.9154042386141678,-0.34076124973434396,0.89625263130712,0.12095504456429322,-0.41162685689691825
0.009074423773007184,-0.04165384009404992,-0.06816487436364158,0.03900424849514317,0.8432482507289326,-0.7912843687567026,0.8965890423839885,0.12066871242755929,-0.411565707077577
-0.012945463289967254,-0.03374760161370916,-0.058034183409217045,0.1671803687608852,-0.7196696528841744,0.2590428575982582,0.8969254534608572,0.12038238029082532,-0.411504557258236
-0.026730859482434168,-0.04021628432359267,-0.042384770410394464,0.3970059886503856,0.36003870945383015,0.44414090541975426,0.8972618645377257,0.12009604815409135,-0.41144340743889485
-0.018573476903296873,-0.04114271217215819,-0.01590487144500444,0.3275153095111935,0.8911595935133018,-0.284520202975429,0.8975952873149131,0.1198144582075806,-0.4113801429543041
-0.005407987151965988,-0.03707045793730065,0.02044382684432002,0.008180143793843492,0.3264469847569321,-0.2988668485653907,0.8979281154055969,0.11953381198051713,-0.41131645764080765
0.0019849120648269478,-0.04242916095536736,0.04450793452141571,-0.041852356535538454,0.2183284415908475,0.7219996716258539,0.8982609434962805,0.1192531657534537,-0.4112527723273115
0.032554082744951265,-0.05277506271519482,0.023066313113074936,0.7248355250797587,0.5554326962989268,-0.2932876939425846,0.8985937715869641,0.11897251952639035,-0.41118908701381524
0.04161392930180652,-0.06992807647035054,0.0001977075920820402,0.1674613636556901,0.41442148344028273,-0.5766235621679048,0.8989236955331207,0.11869386692313141,-0.411123554473964
0.03821917168756603,-0.05649107088660863,-0.02963306342537676,-0.189512450531378,-0.6371619615226196,0.2803022922423768,0.8992533990754517,0.11841536562167905,-0.41105788174282687
0.052518929736448776,-0.06710015495749022,-0.04946437965499916,0.34344426951108614,0.689570204853483,0.5173616928799163,0.8995831026177825,0.11813686432022667,-0.4109922090116898
0.07234582468225301,-0.07065546648331558,-0.04189146975768501,0.34257062043039066,0.6664381862139197,0.12398662274176075,0.8999127125575629,0.11785832913567124,-0.4109264846333687
0.08618042329227486,-0.06709933247693964,-0.011156417729993035,-0.02279713371414199,0.37939861420555954,0.04998290223173818,0.9002386563974496,0.11757846686291178,-0.4108587374070139
0.10072319789166566,-0.07119229438257112,0.021828251108394627,-0.043582548947939205,1.0873266811024016,0.30046471094588156,0.9005646002373362,0.11729860459015232,-0.41079099018065884
0.13088640538310262,-0.07765728628947885,0.033717221201189314,0.0021559494920144195,-0.023098645571477186,-0.5603664388947802,0.9008905440772228,0.11701874231739286,-0.4107232429543039
0.10382150782730841,-0.05413920410945532,0.018134052542384607,-0.87918524897778,-0.541040001363206,0.14723082890549755,0.9012167477151967,0.11673865134218912,-0.41065566337938364
0.1154162016358121,-0.07382217035600294,1.9264951524179992e-05,0.9180103475025352,1.2264916854805459,0.3598492933049826,0.9015448505667728,0.11645688847325544,-0.4105893093942614
0.11851551668984059,-0.08102723555738585,-0.03525009516798497,0.5887912297130417,0.467788487308461,-0.004834009564309127,0.9018729534183492,0.11617512560432161,-0.4105229554091392
0.11130494511795805,-0.07406497410254888,-0.052678990444285985,-0.27377308480349793,-0.7669255669317938,-0.18201545696067534,0.9022010562699256,0.11589336273538785,-0.410456601424017
0.09580332505419858,-0.05634719404941666,-0.060071444123233626,-0.19815203921365698,-0.19809447851520834,-0.07758781615303789,0.9025299521076868,0.11561162108643286,-0.4103907127311371
0.07600882496280456,-0.0378812646259296,-0.05323456447246272,0.5839705848671627,1.2791880524625554,0.055667437832093825,0.9028617301452355,0.11532995656393903,-0.41032651519659935
0.058625575929863796,-0.02993478518958336,-0.003272781846798178,0.44759632848020064,0.4294146566071074,-0.003523916046818343,0.9031935081827843,0.11504829204144518,-0.41026231766206167
0.0729720704038252,-0.013283529611477737,0.0336418078224279,-0.5806684579170721,0.5188404212191768,-0.45054478639743323,0.9035252862203329,0.11476662751895152,-0.41019812012752394
0.08077403680127566,-0.012986771224229598,0.02178822464508688,1.0824869911796942,1.005128415427557,-0.09492499999997861,0.9038577775947573,0.11448528005278066,-0.41013431791710947
0.10544186934112315,0.003300769277574847,-0.00038559006957967964,-0.21372294633345534,0.9232206079886496,-0.5124277736449887,0.9041918478214666,0.1142046343379384,-0.41007139069075466
0.11274847550478224,0.0017151010212543118,-0.03971713028943093,0.7286649782146061,0.6363173199971135,-0.1089964930924765,0.9045259180481757,0.11392398862309608,-0.41000846346439956
0.12765863255048066,-0.006685502108608111,-0.05714379261382242,0.9747603024653118,0.5964011423563462,0.04569925823587262,0.9048599882748849,0.11364334290825363,-0.40994553623804475
0.1474179740701394,-0.003449534437302363,-0.04325030518051155,-0.595952778597206,0.6554877241523269,-0.4565542773644946,0.9051926577577045,0.11336293776726895,-0.4098817664824656
0.13298974716259324,0.006371631694261673,-0.03133763058672952,-0.5675014693942793,0.34523972651148294,-0.3873265196599469,0.9055232832979101,0.1130828836677294,-0.40981676732199795
0.10779022462805624,-0.01702261525823608,-0.024789521763401576,1.1534254901700192,0.2882922457144747,0.6562997991498065,0.9058539088381155,0.11280282956818985,-0.4097517681615304
0.11964427335281508,-0.018723998829330322,0.02464905376727414,0.9984645278958694,0.492391500762261,0.2402021105207588,0.9061845343783209,0.11252277546865039,-0.4096867690010629
0.07918020892136013,0.012868703317322094,0.0156426019606898,0.49520744277364365,-0.07219909328660667,-0.08196416471838575,0.9065104266454126,0.11224352992171455,-0.40961893321997883
0.06234010297343244,0.012398650853451994,-0.003745339036123856,1.1400432224868322,0.44915680225016347,0.341324380446407,0.9068316247573504,0.11196508624512928,-0.409548284261424
0.06115847002975569,0.02095319331785072,-0.0231550692167794,0.3940517613179464,0.5934918949387459,0.2388410393199436,0.907152822869288,0.1116866425685441,-0.4094776353028693
0.05240212182146618,0.05147667834750304,-0.05177418318742333,-0.9180318964080607,-0.12769571118247033,-0.4136400754516494,0.9074740209812256,0.11140819889195896,-0.40940698634431455
0.03077629930074173,0.06762800711402583,-0.08402617792572836,0.14379029266750845,-0.3842799938390572,-0.4472974165780528,0.9077945075097414,0.11113088395501244,-0.4093358446333688
0.011926715545132168,0.051012182115302854,-0.0637209550394787,1.3024849760893498,0.9707674063202061,0.06265867268861314,0.9081145147077577,0.11085432934962805,-0.40926437099893737
0.022920250789437064,0.05077541355111584,-0.03449535248851113,0.004216201381472162,0.820473688148035,0.33036926780022036,0.908434521905774,0.11057777474424368,-0.4091928973645058
0.028376590561849626,0.07248503575685747,-0.017257368258258174,-0.3495536419766462,0.4198712587324709,-0.275837756641959,0.9087302401293605,0.11038319646433405,-0.409034685362433
0.01524816720478319,0.06877803821997953,0.0003565226011233623,0.3922559663655105,-0.11620270844066666,-0.24363144633370482,0.9088538743039319,0.11078024186928802,-0.4082531760573858
0.016985561255792543,0.059774751662061525,0.019276153579091463,0.7987794769925528,0.47306974988030326,0.032726708820414174,0.9089079307545165,0.11141691516967775,-0.40721931254339344
0.02776366534537641,0.05258488602093337,0.006034252924950014,0.7975480553666738,0.5714320301987486,0.28049873007442905,0.908961987205101,0.11205358847006741,-0.40618544902940124
0.027673139736449845,0.036367461026249645,-0.04827860649055602,1.0090517165781148,-0.6800580728828942,0.4101458735388075,0.9090160436556853,0.11269026177045703,-0.40515158551540925
0.04615438906025482,0.012242576406694844,-0.06255398351237756,0.7384082533261455,1.3713565784455546,-0.06518908501596954,0.9090725129649309,0.11333028743003909,-0.40411887896209703
0.04237734742773695,0.009270003803082178,-0.05684207205910123,-1.1665329957702328,0.6246309206348434,-0.6109982454834633,0.9091296299362381,0.11397121293340418,-0.4030864829613887
0.04740960976450571,0.02172566751827807,-0.06077921858832509,-0.0479022181721942,-0.016562712181381722,0.07346153347500639,0.909186746907545,0.11461213843676944,-0.4020540869606801
0.02885557463442959,0.015982868478957697,-0.05131180478704807,0.9429028613178024,0.4663291452468692,0.49359905844847773,0.9092438638788521,0.11525306394013482,-0.4010216909599715
0.025363558390009207,0.005190282336557826,-0.027124900772819538,0.656951978331678,0.6693819473085378,0.013342628055369232,0.9093015603188097,0.11590121265603973,-0.3999890889762664
0.03435325403570668,0.008762734461955097,-0.00856977591351031,-0.2198449322422886,0.40259091208002923,-0.5632109744952185,0.9093593329330499,0.11655031090223175,-0.39895645991498396
0.03705163089659968,0.032078269376197684,-0.011228667371020642,-0.27174341014866293,0.21588993099606735,-0.3171559798086552,0.9094171055472902,0.11719940914842375,-0.39792383085370153
0.04120087179064849,0.05663725858873577,-0.02447942222047213,1.0496397462274036,0.2571439956395947,0.3564904601487786,0.9094748781615303,0.11784850739461564,-0.3968912017924194
0.03961442548140277,0.05276909801168969,-0.047688061274271346,1.2039752180658874,1.459120796785935,0.3416778809776826,0.9095300650584484,0.11850261832093523,-0.39585665664187025
0.07280360103188421,0.0759679388916071,-0.0631365058277461,-0.8879065173222085,-0.43358822313027995,-0.3714189723698915,0.9095851971732198,0.11915683544810499,-0.3948220708962095
0.06387349908076692,0.09370191677013692,-0.07184981309185455,-0.2622624283741888,-0.2326115723119053,-0.38304584803402264,0.9096403292879914,0.11981105257527458,-0.393787485150549
0.08638007492561176,0.1028842847935176,-0.04483629518860414,0.18030679420828566,-0.09178972842232892,-0.20863883634431168,0.9096955712008501,0.12046549484590874,-0.3927529462699255
0.09832173868224886,0.11267838938756808,-0.022155133755024623,-0.1337761726142817,-0.20535557662634132,-0.1277778204038249,0.9097521733900105,0.12112272639390731,-0.39171898799504046
0.07123159084165752,0.11377468835887593,-0.026556574511517213,-0.24015788172161398,0.22100118739057442,-0.30424608395320085,0.9098087755791711,0.12177995794190583,-0.3906850297201558
0.07347798974229512,0.08103251197205083,-0.017796752747513796,0.2313947000424908,0.9341483606637162,-0.7005953081827503,0.9098653777683317,0.12243718948990448,-0.3896510714452709
0.06160801609032806,0.07438793962422878,-0.027476555644713324,-0.4199944398087914,-0.5183838122375869,0.5685886131776208,0.9099222731880978,0.12309396223875334,-0.38861732274530614
0.04330783406482562,0.03677743520669706,-0.060183661015115075,0.8206933157278786,0.41396633222583756,0.7510224070138083,0.9099805990010627,0.12374849694296855,-0.38758459636202613
0.07473511602869463,0.03637348079744988,-0.06393237385651007,0.2902984130180264,0.7414998646913904,-0.6445614729012394,0.9100389248140277,0.12440303164718394,-0.3865518699787458
0.08177692368012571,0.0412554365204041,-0.0643913087587938,-0.03001940974069167,-0.04778349511789809,-0.572285558979658,0.9100972506269925,0.1250575663513994,-0.38551914359546563
0.06661858881370947,0.03898712209957521,-0.06417221165424154,0.1967373829309086,0.23096925125769113,0.3506289330499204,0.9101557471519659,0.12571161163584849,-0.3844865573184555
0.0681093517212561,0.0346777525437833,-0.059440694891048654,0.6612700412858981,1.1114802985474355,0.5255966131774237,0.9102147158023379,0.12636430336875676,-0.38345435852284787
0.1000533360103101,0.03909409246089039,-0.05160719473695924,1.0050481390012052,-0.18869387720182898,-0.19054568437838704,0.91027368445271,0.12701699510166492,-0.3824221597272405
0.08396813048427249,0.05812849507513231,-0.03804785929593779,-0.186437500743857,1.0919530161032838,0.3708600648246403,0.9103326531030818,0.12766968683457322,-0.38138996093163297
0.07882047224835251,0.0581495659553666,-0.02110871796937665,-0.6021780182784536,0.5555565427561439,-0.7735212454836038,0.9103898216578108,0.1283218401105209,-0.38035674790648233
0.08185996540552556,0.074591460250795,-0.03956385816596957,0.6421382173218279,0.37243670812391444,-0.07958583953252862,0.9104438038363444,0.12897304025575637,-0.37932173957846255
0.05811758820722691,0.06789274193124364,-0.04601378902703511,0.9550255301806636,-0.02200108709394229,0.6183290063761877,0.9104977860148777,0.12962424040099194,-0.37828673125044265
0.04118529569394294,0.06492534417694036,-0.041924486744207914,0.04521835228468796,0.09318601102404006,-0.19324433475043,0.9105517681934112,0.1302754405462276,-0.3772517229224227
0.03273616401339317,0.07227815482911819,-0.05161637215770102,-0.6908468471626589,0.46893100420112266,-1.0420232178534974,0.9106050454835282,0.1309280301282325,-0.3762161885582713
0.004629238546865045,0.059824113507864055,-0.0776015373142402,0.2125493429543014,0.29622012853689905,0.4554488703506898,0.9106574833156216,0.13158227440311737,-0.3751800277329081
-0.0008021254096711797,0.002425143028585865,-0.049540438500637746,1.9620004790646164,1.0428473626707564,1.4767608214663266,0.9107099211477151,0.13223651867800232,-0.374143866907545
-0.007590209469181172,-0.005766067103187436,-0.05101576116609978,-0.3258168036129927,0.55975706171441,-0.7207795079700663,0.9107623589798086,0.13289076295288707,-0.3731077060821821
-0.03139914408926704,-0.0067597190065887295,-0.03960123582901153,0.846686433049967,1.6019372548280946,0.035025963868241305,0.9108154003294366,0.1335470594700674,-0.3720717558519305
-0.006134773860994034,-0.016202980747291436,-0.03702110965984359,0.4789493730710652,0.9584450249660547,-0.2652671073327255,0.9108689317534537,0.13420502246971328,-0.37103597663124316
0.016598995135494104,-0.02040736438257195,-0.04357252191075567,0.09621564529221319,-0.30455621875316513,-0.16132774070145395,0.9109224631774708,0.13486298546935888,-0.3700001974105561
0.007601608123803804,-0.016399546996811773,-0.0588342202392361,0.2398102901381426,-0.1899421844279995,0.4026618660998871,0.9109759946014877,0.13552094846900473,-0.3689644181898688
-0.007972722984056423,-0.007658017866097338,-0.0760798968342723,-0.019936606357061445,1.2069814936315242,-0.11897814558996345,0.9110321453666311,0.1361844324760895,-0.3679297546758765
0.016670720978959226,0.013512332528160847,-0.07398184840554471,0.02518730489054177,0.010659449828485126,-1.3712041540915152,0.9110897233368755,0.1368509247244068,-0.3668956990789939
0.004704694635706238,0.02540214989160514,-0.058024649407689026,0.028941588609989514,0.36833682946932583,0.8604491402763852,0.9111473013071201,0.13751741697272427,-0.3658616434821111
0.02828519691562522,0.0399928289298637,-0.05977619298455555,0.031307956913921645,0.3826932300140482,-0.8270782359195188,0.9112048792773645,0.13818390922104162,-0.3648275878852282
0.02957993952763053,0.04791371780998916,-0.04341506502372387,0.38758090061634487,0.7639766823625948,-0.20646614771526828,0.9112596514558979,0.1388467921749912,-0.36379216648600776
0.041435805432520026,0.06667944294580382,-0.038324254378184104,-0.24100773804470876,0.9260947071766185,-0.14611977683321697,0.9113134517959618,0.13950842498228844,-0.362756272015586
0.0534737793687581,0.07849673694750452,-0.05130910326503738,-0.34765352593010346,0.2985774293872262,-0.3375864750267308,0.9113672521360254,0.14017005778958558,-0.3617203775451646
0.04111054328905459,0.060386810568013614,-0.0607875714085102,1.1519985887353896,-0.31431798750991147,0.5799508267800348,0.9114210524760893,0.14083169059688289,-0.36068448307474305
0.029425971742827618,0.032519714221784415,-0.045689710705200066,0.9146037143462893,1.2529170882817446,0.07037709245476087,0.9114722167268863,0.14149313922139584,-0.3596470601877433
0.0421662838023365,0.01838517382253082,-0.054189513395533906,-1.4719004046756174,-0.13249885475731704,-1.112104119022188,0.9115228720297557,0.14215455228586613,-0.3586093422104145
0.05097098670988296,0.03204726870839506,-0.06440205847618176,0.0320689023697891,0.1778329597589966,0.34112647077574465,0.9115735273326249,0.14281596535033653,-0.3575716242330854
0.0329001571126441,0.032247093150477836,-0.07027325779698586,0.5440305829224281,0.740658667729294,0.4490140265674505,0.911624182635494,0.1434773784148071,-0.3565339062557562
0.022782656516471635,0.01929123821147896,-0.06839440989153157,0.4573114823167029,0.10236752369113421,-0.36169653134952284,0.9116710552603613,0.14413333887566418,-0.3554943854091393
-0.0027939528602548367,0.012613687763443118,-0.05599781027558031,0.17173304297555927,-0.22439320179254074,-0.686860837407016,0.9117176588947928,0.14478891159582014,-0.35445473635848385
-0.040846094451113465,0.01696873559117893,-0.042074649347083125,0.036806155047875794,0.7457650827979864,-0.2736988405951415,0.9117642625292243,0.14544448431597604,-0.35341508730782856
-0.019692758417107444,0.008772113754836447,-0.04836121525132162,0.522216902933097,0.9661159314689219,-0.5737641328374004,0.9118108234643996,0.14610002826992563,-0.35237541541976625
-0.04400524670616388,-0.005291591728693016,-0.07109363197821002,-0.04537079037195024,0.5567999484929423,-0.6711818490967048,0.911855957024442,0.14675461061069797,-0.35133498010981223
-0.02237758672210166,0.02589253419054543,-0.07493995958713676,-0.8000617528056041,0.30021014264807505,-1.2494291710946417,0.9119010905844847,0.14740919295147023,-0.3502945447998582
-0.03033863918278309,0.018615264598832337,-0.07295859368277964,0.7552481179488366,0.5695583566331636,0.44654048990419426,0.9119462241445271,0.14806377529224227,-0.34925410948990443
-0.019126559022316046,-0.005150490138682854,-0.06695628346173779,0.9383653139425908,1.0414392687904834,0.6320105260361064,0.9119912633368756,0.1487181740304641,-0.3482136305030109
-0.010495323273646736,-0.00536875233152691,-0.06072793226417854,-0.18627876210428412,0.3440778279826074,-0.2368371158342839,0.9120356388097768,0.14937128143074757,-0.34717284432164347
-0.02772016318012619,0.007210533387886814,-0.058982451411380504,-0.438403727417756,-0.6096533047165076,-0.342899671625986,0.9120800142826779,0.15002438883103078,-0.34613205814027637
-0.04567407432412263,-0.01643495094792758,-0.058150774909669245,1.1477194799149422,0.9529240637005603,0.35533167375128905,0.9121243897555791,0.15067749623131424,-0.3450912719589089
-0.027816433892665023,-0.011992093200849593,-0.021059291062694524,-0.039689122529376064,1.058830547930811,-0.7358714558981205,0.912168798459086,0.1513295190747433,-0.34405059335458715
-0.039045888809776316,-0.004243264916259644,-0.023437195989372855,0.1956022898618371,-0.2837845210910942,0.0517990286928427,0.9122133250371944,0.15197769481083961,-0.34301029634431446
-0.05113501479064883,0.0030879219071204334,-0.034521315506908165,0.10438440743888633,0.7352382389514288,0.7911760233794194,0.9122578516153028,0.152625870546936,-0.3419699993340417
-0.02815984900213062,0.016467066939424083,-0.0641144823273066,0.1959778623591633,0.7858788961140407,-0.05696106694984415,0.9123023781934112,0.15327404628303226,-0.34092970232376923
-0.01113938341976595,0.028450473037194255,-0.07896912833581327,0.19538585880978454,0.42472703936616757,-0.0014452316684963051,0.9123467052816152,0.1539202913283741,-0.3398894319659937
-0.01474906604962759,0.03255279111902219,-0.07395740466950085,0.05685542676939941,0.5831295137133392,0.7330320244419823,0.9123905992667375,0.1545623447424726,-0.3388492194721926
-0.005053144393626397,0.03331947464930762,-0.08032028467374995,0.1783715122316342,0.7117116074651414,-0.5687728480340386,0.9124344932518597,0.155204398156571,-0.3378090069783919
0.01772722658257192,0.047837645003188524,-0.09257685467481494,0.48869080106268964,-0.2903768820461433,-0.263341002125415,0.9124783872369818,0.15584645157066948,-0.3367687944845908
0.006844032876938659,0.024410015863972758,-0.04262001687459779,1.0159065879915374,0.5205941624601403,0.6092804240170668,0.9125203338363442,0.15648658221749925,-0.33572757831385036
0.026314140446437446,0.04386972842507701,-0.02200878240701529,0.3388532528332444,0.014666996998547647,0.5243435685441273,0.9125594872157279,0.15712395495572085,-0.33468492252568194
0.03605263753570667,0.018765428501806854,-0.013269278328374101,1.1559093435919148,0.7153472568500727,0.7881448756641856,0.9125986405951115,0.1577613276939427,-0.33364226673751324
0.03856881129585579,-0.0046801600848033085,-0.02743679461955651,0.8029437874599583,0.46246590881592947,0.056391825717158284,0.9126377939744952,0.15839870043216445,-0.3325996109493446
0.04204779301912827,-0.004983543130074155,-0.05175195582359114,-0.44415673650375787,-0.584744521492121,-0.7542949691818155,0.9126733729224229,0.15903535102373367,-0.3315549144810485
0.03845600942040359,-0.010715304045696204,-0.06588082740701408,-0.03231462377258053,0.013439483693888539,0.24229849521785773,0.9127054653347503,0.15967129722635504,-0.3305082275132837
0.0077562222773636166,-0.027692952923806403,-0.09866897290706145,0.2129240902657101,1.8673487716320287,0.6488768905418869,0.9127375577470775,0.1603072434289764,-0.3294615405455188
-0.0011444004016996786,-0.04630987333793697,-0.09115466917367114,0.5660474982358938,-0.21544922167260833,-0.26780639319865784,0.9127696501594047,0.16094318963159762,-0.3284148535777542
-0.001340403058235897,-0.06107021710414482,-0.0854837457945404,0.5998784748140273,0.27491401607469146,0.22224478480341503,0.9127982878427204,0.16157853133368766,-0.32736617729011674
-0.0325015055058816,-0.06867037833326327,-0.04910769814209923,-0.03590379909680608,0.0645496309959997,0.18656868969177864,0.9128246382571732,0.16221347281473628,-0.3263161839355294
-0.0627272232529213,-0.06564639852497405,-0.022654246402181683,-0.4755095682571692,0.21512591605480783,-0.7024382763017272,0.912850988671626,0.16284841429578464,-0.32526619058094214
-0.07388136903294362,-0.05049985216896847,-0.015703100947817832,0.026821358831077835,0.6484981909333877,-0.6206418777895077,0.9128773390860786,0.1634833557768332,-0.3242161972263547
-0.07283075521785334,-0.03846489238958874,-0.011236852574283989,1.098054586503708,0.5863430000945967,1.0479602316683536,0.9129029592986184,0.16411691594438554,-0.32316587001416897
-0.07456884127523784,-0.058564882184593346,-0.015086411153054542,0.9830678967694156,0.7915319169816447,0.4293429043570711,0.9129282622210414,0.16474987589833517,-0.3221153977329083
-0.10214888505844974,-0.004631506822207913,-0.08740755123807717,0.5168254925185756,-0.4419369438257666,0.34734562061636076,0.9129535651434644,0.16538283585228494,-0.3210649254516471
-0.07766253606800856,-0.015537496524657118,-0.09773823791182563,0.742500772539893,1.4398137278005285,-0.27862709989382495,0.9129788680658872,0.16601579580623468,-0.32001445317038574
-0.06190157553134998,0.004404014204781044,-0.07167185174817069,0.7806580334750284,0.988649158364559,0.5040737768331134,0.9130042359404887,0.1666452442830323,-0.3189643157987955
-0.033390756740698926,0.023653210285122746,-0.043071179654650585,0.29523899179591434,0.8218230186199679,0.20029000531340913,0.9130296208182783,0.16727377352497358,-0.31791426609989365
-0.002097996393168819,0.027745304423273352,-0.024595368043619892,0.050906486397389206,0.6881726458893129,-0.8028131615302492,0.913055005696068,0.16790230276691467,-0.3168642164009918
0.0060534822341129745,0.02304485030106288,-0.011141115356647255,0.4261776129649329,-0.10413828373781842,-0.5747772933050328,0.9130803905738576,0.16853083200885594,-0.31581416670208984
-0.006517922395959839,0.013702078908925849,-0.0009210181610996362,0.3001735980339759,0.6156551651463394,1.0649216200849558,0.913108142869288,0.16915214142295448,-0.3147660318597235
0.019331423007648806,0.0019823367853358904,-0.05379918622507486,-0.12218364319868263,0.2744885020220223,0.21841551700327244,0.9131361938575984,0.16977253992419408,-0.3137181386114063
0.01671106727863977,0.00854678239319866,-0.07908922067420462,-0.06729530239107398,0.26859454935572497,-0.759429522316676,0.9131642448459085,0.17039293842543396,-0.3126702453630888
0.006079819012220187,-0.026224810645700133,-0.09225348539580971,0.0875301350265823,1.1172794535230255,-0.5681346535599978,0.9131922958342189,0.17101333692667384,-0.31162235211477124
-0.002073398858023044,-0.026710533809779446,-0.0905599289481669,-0.5076220414664302,0.8295383543310801,-0.44371742136024395,0.9132214726354941,0.17162611667127173,-0.31057569801629464
0.003545640536663228,-0.028268904252922653,-0.06880986146352942,-0.42532248342188284,0.6066139912278713,-0.5875747800212547,0.9132506684378321,0.17223876782925968,-0.30952906483173914
0.018129069418704125,-0.04411004752390617,-0.033415567438064925,0.23890041668422624,0.7132509081246108,-0.7465047279490094,0.9132780337997402,0.1727534718754281,-0.30854428013815066
0.020032797452106184,-0.0032643829829964747,-0.00838511215174218,-0.9629428400638593,-0.849235879229221,-0.7596733443146579,0.9132989879914983,0.17292751589762667,-0.30777459438186333
-0.007628662030680638,-0.007564703362061722,-0.025390618190450704,0.35521974123275557,1.2635284384971317,0.6011426567481664,0.9133068488310307,0.17242900475699618,-0.30742947417286576
0.03829672221191826,-0.005421765107013546,-0.021253482654042404,0.3320283886291093,1.012653155437218,0.05965588097761554,0.9133147096705632,0.17193049361636562,-0.3070843539638682
0.0649089560818266,-0.003268023545908735,-0.04111155302591499,0.6955539872688339,-0.11237913410534814,-0.3826885015940231,0.9133225705100956,0.17143198247573516,-0.3067392337548706
0.06052986172582299,-0.002334296950371936,-0.07527898744150517,0.34583133791708365,-0.43268320653900205,0.13486934325189281,0.9133302773645058,0.17093410901204398,-0.3063939702727594
0.055445764704570785,0.0012225184937840984,-0.09350324895046187,0.024427371339029336,0.328388550826004,0.11465903188083004,0.9133372546227417,0.17043925692242298,-0.30604802794899033
0.06903664592635395,0.008546272526450217,-0.09103114426608579,0.5302469849627521,0.8866424812198305,-0.03887114665259794,0.9133442318809777,0.1699444048328021,-0.3057020856252215
0.08645029608544079,0.01059643808214536,-0.08216367596108726,1.2922878590987779,0.06417517601294181,1.459461190223081,0.9133512091392135,0.16944955274318105,-0.3053561433014524
0.08165421667980802,-0.01859326335250134,-0.013571592055733892,0.09465254096901798,0.9109253063853188,-0.48342516684404835,0.9133584578639744,0.16895570286928796,-0.30501029215727943
0.07404604813390038,-0.0011847581678008385,-0.00797427165829496,-0.9960852863804083,-0.9329313260259766,-0.8836904388947779,0.9133664416365568,0.1684645666872122,-0.3046646878993978
0.047351878336873876,-0.0022419465214668106,-0.01857041368953337,0.7541266523912071,0.2941328496173717,0.13982728958562163,0.9133744254091393,0.16797343050513644,-0.30431908364151605
0.036571792769394325,-0.02503420082146294,-0.03548756642668552,0.6024007061638157,0.9358426357394711,-0.18016143358116565,0.9133824091817215,0.16748229432306067,-0.3039734793836344
0.02959901357492057,-0.036511177235919436,-0.06176682109731934,-0.09677022514877756,0.09869814655888208,-0.2791130935175552,0.9133900619022317,0.16698950755650027,-0.3036278087283032
0.011297328353132912,-0.03591818897258339,-0.09516520333596452,0.1346895606642364,-0.331939866469346,0.4756368724761195,0.9133971390435706,0.1664938510237336,-0.30328202263195186
-0.011634497731031354,-0.04944958340191204,-0.1194703662593193,0.6373739118916455,1.066412396304281,0.5170347555793491,0.9134042161849096,0.16599819449096714,-0.3029362365356005
-0.006846445074176359,-0.05728825821636572,-0.10697906337249168,0.24552188997874475,-0.09187250189350211,-1.1954432763018126,0.9134112933262486,0.16550253795820055,-0.3025904504392491
-0.012684489104357507,-0.04099620931987107,-0.07136253874186742,0.38275715140277444,0.007879894164256841,-0.6554077640807208,0.9134212392454836,0.16500677160503008,-0.3022463558838115
-0.012886996933262571,-0.04224145343783174,-0.007042584744533174,0.2663381815834359,0.538624544249909,-0.7355677693942457,0.9134345449946863,0.1645108766333688,-0.30190424241232733
-0.005891018217853309,-0.04077531581349627,0.0038032824140275773,0.4902381702763033,0.39045639503991103,-0.46489499043570603,0.9134478507438895,0.16401498166170744,-0.30156212894084305
0.007475137861850643,-0.01611761542518175,-0.026889270083532445,-0.18318247662076992,0.4999246106825412,-0.7600413453773491,0.9134611564930925,0.16351908669004606,-0.3012200154693588
0.02127658991285791,0.010008054812008796,-0.06600866086662899,-0.6693435952179585,0.5981020814944429,-0.9075745037195393,0.9134752853241233,0.16302171330393211,-0.3008784972369819
0.02918671193517535,0.0024040068331558605,-0.09311162647130741,0.7327493133900347,0.21324272034242597,0.3144927438894989,0.9134900713921359,0.1625231593928445,-0.3005374543074743
0.029046617516472348,-0.015848024966307578,-0.10726351992263136,2.01157894888393,1.1468766176751675,1.3970684378319156,0.9135048574601489,0.162024605481757,-0.30019641137796665
0.03351949947502626,0.029021069590857984,-0.06924537545600665,-0.15164656121134135,-0.774776549741415,-0.2288716960679107,0.9135196435281615,0.16152605157066954,-0.29985536844845917
0.03183452336131768,0.018680149096705106,-0.028867028030285725,0.7704088097768718,1.2135129894512597,0.06470224973434036,0.9135320637513283,0.16102232249911447,-0.2995133344668791
0.037445664120086194,0.023598162914773124,-0.0036862165276278255,0.6318420750264838,0.554957747686901,0.26581369500532226,0.9135432181721572,0.1605158245518952,-0.2991707702408785
0.02214464276939599,0.028401819059511266,-0.00854167275727834,0.24988128773645793,0.031632503903891655,0.43894603188096504,0.9135543725929861,0.1600093266046759,-0.29882820601487786
0.00269508617959633,0.025990175826248494,-0.03895549149837576,0.2796442232093641,0.19880570739168177,-0.09796441870357953,0.913565527013815,0.15950282865745655,-0.2984856417888771
0.003701875514345738,0.02354748315621704,-0.07862415126009564,0.39002805633362536,-0.031328862682685026,-1.0568178352814286,0.9135762988629119,0.15899817566241575,-0.2981427275097413
-0.0023995134150898434,0.023167993397237963,-0.11326537728381766,-0.0077821176812032,0.06249698820995702,0.28907013071197696,0.9135869410626992,0.158494147901169,-0.2977996946014878
-0.015298119012328039,-0.0033521331064839312,-0.11440858845479729,0.3423570419787654,0.5175398245968216,1.1151831912859134,0.9135975832624866,0.15799012013992203,-0.29745666169323415
-0.0015533440294385869,-0.0003992456014884323,-0.11140441430595953,0.16593278936772005,0.9695895916828223,-0.5855251519657685,0.913608225462274,0.15748609237867528,-0.2971136287849806
-0.005160663220679882,-0.00474807728225274,-0.07027170245054681,0.4674854648087028,-0.026911501409544465,-0.3143449564293537,0.913619517003188,0.15698397704569608,-0.2967708353347503
-0.008413822124654554,-0.01586549547343335,-0.008974699893815736,0.664472620892668,0.3688595261580346,0.28940047821468795,0.9136309300956429,0.1564822197042154,-0.29642808670917464
-0.008134925578639544,-0.013107863002765403,0.02728589944495912,-0.12370450110501718,0.9582473550424865,-0.15275475132822258,0.9136423431880977,0.15598046236273475,-0.29608533808359905
-0.012653861427630007,0.0038611276975557846,0.010075572140879972,-0.7942313592986464,0.5047825861795125,-0.8025945642933223,0.9136537562805525,0.15547870502125405,-0.2957425894580234
-0.026233165878852563,0.003513394639744284,-0.040935705950514184,1.1940323722633868,0.7889209551485401,0.43219280021241957,0.9136653254835281,0.15498078919943326,-0.2953996390896208
-0.02911455390010596,-0.004722948644420082,-0.07214500106948789,-0.8114017807649618,-1.1891010246598643,-1.047053129649175,0.9136769050478215,0.15448312834573152,-0.29505667533120794
-0.04271933263793839,0.029649892801062762,-0.12695758874430474,-0.021098437300742345,0.08426439697654577,-0.26072614558979623,0.9136884846121147,0.15398546749202974,-0.29471371157279486
-0.04499715160148775,0.050390231993412804,-0.09354823361146146,0.5207695609989779,1.1380192373808118,0.2135091073326567,0.9137001172263549,0.15348814251080406,-0.29437075300035415
-0.03869925936811972,0.05909794416131743,-0.054159352695467136,0.6237631561105281,1.1073776625249634,-0.24289071200843004,0.9137132949202975,0.15300059981544462,-0.2940279454693588
-0.030257471883634337,0.06863098887970268,-0.013243067558375156,0.2759708486503626,0.4821082067654701,-0.11876447077575136,0.9137264726142402,0.152513057120085,-0.2936851379383634
-0.028704278991180873,0.07809732287545106,0.03453050605480447,0.017944605791779256,0.08618890759440145,0.6107238533474195,0.9137396503081827,0.15202551442472542,-0.29334233040736796
-0.03558523846163779,0.07423175360871372,0.053629582950703324,0.4546030277896389,0.25344067961349787,-0.1760412858660434,0.9137527874814028,0.15153884598866454,-0.2929994299752037
-0.015673052785971843,0.08056031115387903,0.009805883524556969,-0.3680792739107559,0.4918826176790133,-1.0649911211477399,0.9137656501594048,0.15105809995430391,-0.2926559002125398
-0.00985183037073267,0.06811059594665095,-0.029094248863418864,0.7126943097769682,-0.2756038627259958,0.6164353560044606,0.913778512837407,0.1505773539199432,-0.2923123704498759
-0.014894879706662709,0.055132335829756254,-0.0865785263947171,0.5226315140276555,0.6305421582092072,0.673395727949007,0.913791375515409,0.15009660788558266,-0.29196884068721224
-0.015887827493092362,0.03568768754707666,-0.12617411968594452,1.0985958352178995,0.6649871903771553,0.5412131764080748,0.913803518575983,0.14961604141126458,-0.29162487708820406
-0.007409350279913009,0.019000544114238734,-0.10358454493212597,0.9429936117893867,0.973534695265768,0.23667102763010206,0.9138131696280551,0.1491360967467233,-0.2912794111300036
0.00431720465972349,0.018982270319659177,-0.04064211590969153,-0.28803695651219424,1.2816392469128468,-0.1964099734325142,0.9138228206801274,0.14865615208218205,-0.290933945171803
0.007490974924059364,0.03304819176833061,0.0013828351923452671,-0.5494198145588813,0.048630207274150475,-0.1187805047820909,0.9138324717321997,0.14817620741764076,-0.29058847921360254
0.00443194049224283,0.01538074211721971,0.0588027706901402,1.2814494715728806,1.0027386311317583,0.8945119234857692,0.9138410442933049,0.1476957442918881,-0.29024242573149134
-9.275316450572642e-05,-0.017437039493835467,0.06259425360109039,0.5569808663655874,0.4887710957438256,-0.08041647183844525,0.913847319808714,0.1472141769110875,-0.289895120899752
-0.007334921542614753,-0.008367870408394224,0.040156229976604015,0.11385342861421421,-0.6156311564985637,-0.7676658065887771,0.9138535953241231,0.14673260953028694,-0.2895478160680127
-0.04483047702943135,-0.01835757923092219,-0.05217043132945301,0.325222967844794,-0.17769468560594323,-0.46508380127531623,0.9138598708395325,0.1462510421494864,-0.28920051123627355
-0.06944837630680127,-0.03738269288873518,-0.12724631192882793,0.7538085728692832,0.26685309375656785,-0.27826016471838066,0.9138663397662061,0.1457696485200141,-0.2888533062982643
-0.07914200855760042,-0.04438747418522777,-0.11722118654837536,0.6354626431455114,0.6351290999947262,-0.6634616089267134,0.9138730814027629,0.14528849987991488,-0.2885062422104144
-0.09491017752678274,-0.0333376278859743,-0.03216058536389231,-0.10439227428270387,1.6146271201859925,-0.9718105568544555,0.9138798230393198,0.14480735123981575,-0.2881591781225646
-0.06695507160329436,-0.014180064887778957,0.05504501511352126,0.21484590567481365,0.5955956520881267,-0.4474476652497348,0.9138865646758767,0.14432620259971657,-0.28781211403471474
-0.07579236441944821,-0.025815019008502617,0.07703536499903454,1.6112072986611274,0.47759490373529967,1.3550072019130237,0.9138952460786397,0.1438459678979808,-0.2874661113283741
-0.04673854499692085,-0.008780640679597954,0.07222019150582161,-0.039836568969014996,0.5221254794207362,-0.37270041764062967,0.9139057883953241,0.1433666099826426,-0.2871211268579525
-0.03599454185334749,0.01773850100478251,0.030448187863495922,-0.6332506347502656,-0.6172212143518514,-0.916270824654621,0.9139163307120084,0.14288725206730424,-0.2867761423875309
-0.04380267390010786,0.018097046418913684,-0.03218511632255102,0.43842004431476234,-0.20786010453119041,-0.11333673326234717,0.9139268730286929,0.14240789415196595,-0.28643115791710944
-0.03880007726783449,0.0027775790363445832,-0.09543577274651362,0.986576671626039,0.5319978694116909,0.3485228841658419,0.9139392663336875,0.1419313248211123,-0.28608703610343605
-0.010387255764229528,0.005496647474495903,-0.13335654861642057,-0.10732470792771737,-0.273136418579871,-0.2642563570669392,0.9139528640488841,0.14145656998016287,-0.2857434756075097
-0.009198016122211522,0.028606619404885826,-0.10914074754787041,0.5916839570882062,0.7357609732373168,0.11120113921356811,0.9139664617640807,0.14098181513921343,-0.2853999151115833
-0.017792089101274732,0.007191696972052195,-0.008200637787714458,0.6106839144739629,1.067116737318065,-0.1908370350690589,0.9139800594792773,0.14050706029826415,-0.2850563546156571
-0.01356881165781068,0.006817645781509095,0.06264193976995883,-0.2806401417003569,0.6127755173392762,-0.5465040170032012,0.9139925939851222,0.1400388987920651,-0.28471166805171805
-0.015447012775133594,-0.013332938461108834,0.03167469728021243,0.4603013519661693,0.8377699341926894,-0.2593151349627387,0.914004675526036,0.13957354628055252,-0.28436650174282674
-0.012903167365250047,-0.026539556539000954,-0.03510674415968765,0.3961340818278871,-0.08161974166312212,-0.42284168862909155,0.91401675706695,0.13910819376904004,-0.2840213354339355
-0.022783776710947626,-0.02744806174133892,-0.09670126537878294,-0.06019884771517542,-0.8860041427577722,-0.2618158565355344,0.9140288386078639,0.13864284125752735,-0.28367616912504423
-0.05576345060254714,-0.02495112058331624,-0.13668534494677076,0.22520167160468577,0.32023145513776696,0.5572409957492699,0.9140401529649309,0.13818365539426142,-0.28333008056323056
-0.08083262464824655,-0.021131061545377017,-0.13486281971574293,0.17584923199786723,2.302851445956424,0.014539190223178622,0.9140512715302869,0.13772604331101662,-0.28298375663478575
-0.0811881164155154,-0.02980858465908664,-0.08968901155004567,0.4393501426248841,-0.2791216406538033,-0.41563192561107876,0.9140623900956428,0.13726843122777183,-0.2826374327063407
-0.09261230136482337,-0.04549412413411091,-0.016785551186654535,0.921793666471785,0.14491089807105487,0.3983351519658971,0.9140735086609989,0.13681081914452717,-0.2822911087778958
-0.10499979423103065,-0.023670834638895296,0.054820739165274475,-0.2515706708820151,0.9997425225036475,-0.0023269606801150644,0.914085842741764,0.1363506924066595,-0.28194569648600776
-0.09850254471732053,-0.007059212534749796,0.08990411322253553,-0.31374134790640795,0.7393316886463787,-0.4368120712008654,0.9140983238150904,0.13589026157102363,-0.28160039443854057
-0.09267912875132751,-0.01553579230414203,0.05532533232030995,0.3267377778958327,-0.0993693744778199,-0.18783279064832392,0.9141108048884166,0.13542983073538784,-0.28125509239107327
-0.1019354030504782,-0.026920835724442146,-0.038718871375784565,0.05841100263549759,-0.3149883148391983,-0.039643287991493636,0.9141232859617427,0.13496939989975196,-0.28090979034360597
-0.10679520753528092,-0.004069193010095605,-0.12602916549563628,-1.0934672853346106,0.2934292267334941,-1.207321367693833,0.914136988650372,0.13450278258165058,-0.28056568208997523
-0.09957377267268927,-0.004447473203932021,-0.13654821620612714,0.45509243623791806,-0.41992737496666216,-0.0016052274177393855,0.9141507067375132,0.13403608728267802,-0.2802215888841659
-0.08565746170520708,-0.009725594062316736,-0.1183777144379212,1.335776204569616,1.1470585232267083,0.9412164410202006,0.9141644248246545,0.13356939198370524,-0.2798774956783563
-0.046547809494788116,-0.00398482822723605,-0.062429682318347716,-0.26979381615325715,1.287332155171406,-0.228328438894966,0.9141784113496281,0.13310252433616718,-0.27953357229188797
-0.03131078148841646,0.01786888692390871,0.006521009109482181,-0.45529533358561336,0.11402330607484198,-0.5551648916047061,0.9141953641126461,0.13263375223698193,-0.2791915254091392
0.002401672271415095,0.03458729355579178,0.07404571912858811,0.05897867588522915,-0.1934223703333229,-0.15342683209350838,0.9142123168756642,0.1321649801377966,-0.27884947852639036
0.04754676728267631,0.037276758733262784,0.091687154189151,0.0019374453134683167,0.24306954932643934,0.07565821572794462,0.9142292696386822,0.1316962080386113,-0.2785074316436414
0.0378977291325178,0.03290235715412553,0.0015047294446483338,-0.0421011707333204,-0.6073952482292826,-0.033365817215702975,0.9142473451540913,0.1312273300159404,-0.2781660478108396
0.05274855877523963,-0.008092073435559396,-0.13499923997455687,0.9945924877152346,0.7438323766380047,-0.4720087927736607,0.9142705905526036,0.1307579642525681,-0.2778277170917463
0.06142214556004348,0.0013276634693955573,-0.14809927598249112,-0.5799131501596102,0.4565805580193859,-0.34598715409137526,0.9142938359511159,0.13028859848919572,-0.27748938637265314
0.059168841611371106,-0.005960056003293902,-0.11089135183187966,-0.09874240569610682,-0.028715470981615705,0.5102925164717949,0.9143170813496281,0.12981923272582357,-0.27715105565355996
0.06133376573145612,-0.018317140860468234,-0.05335410105028069,1.078680844123338,0.9186436394329373,0.37706653985118876,0.9143408057917108,0.12935152586999638,-0.2768128848494509
0.07370601360573628,-0.03160510969787295,0.019631333656182505,0.6442219002128005,1.1973544691141764,-0.3720692178532481,0.9143658004250798,0.12888821763266034,-0.276475138062345
0.09021043047396356,-0.03600513963215764,0.08796187531457439,-0.5953793879915119,0.20967607230216714,-0.6523462104144748,0.9143907950584484,0.12842490939532414,-0.2761373912752392
0.09317615356216591,-0.02246527001165671,0.11178280854588604,-0.11837589578104599,-0.2358322553067084,-0.022218587672670154,0.9144157896918172,0.12796160115798785,-0.27579964448813327
0.062127386451645936,-0.005197636632304927,0.0604434026704734,0.4813161831987059,0.9248423544276386,0.25292464080771815,0.9144402121147716,0.1275003510811194,-0.2754614002089975
0.07351623177577025,-0.01562916008607846,-0.04835975760892482,0.653838677141336,-0.332404353330182,-0.355761522848022,0.9144636572794899,0.12704261606482461,-0.2751223062805526
0.01331378352496803,0.010976510607866426,-0.12327609567481926,-0.2654603748991261,0.42140666834894264,-0.022580327842684156,0.9144871024442083,0.12658488104852983,-0.2747832123521076
0.011086362374067422,0.014490503642933923,-0.10942080003188578,0.4887023433579797,1.2712687625039827,-0.34153876886284706,0.9144789884362576,0.12640042624962936,-0.2747813698737881
0.018427293652816187,0.011105371007438889,0.0021046910945795305,0.6975893792242336,0.6268765230683457,0.021905131774703435,0.91443359130712,0.1265301051647184,-0.27516620185972374
0.02214570757651667,0.007998561699127639,0.11917639543039651,0.17063239399576466,0.1815837811772437,0.26184854197649443,0.9143674806376195,0.12682911455189522,-0.2757588577364507
0.045662196733580206,0.001199931091348982,0.13963204091392495,0.24011814120087693,1.2430768491368605,-0.7973796264612396,0.9143013699681188,0.12712812393907186,-0.2763515136131775
0.056827914185228284,0.007423742085047681,0.09473381326598702,-0.020018138140269016,-0.6275352736266661,-0.4323713735387784,0.9142352592986185,0.12742713332624872,-0.27694416948990436
0.034330219957489784,-0.009148158143317242,0.013873320669883882,0.8180092477259083,-0.4701955453170713,0.7165160653561227,0.9141702791285865,0.12772225339355303,-0.2775377794048886
0.03193061620722631,-0.0029630776412865392,-0.09255156782115972,0.007902848522919781,0.34171076792375843,0.3320577407014227,0.9141061866099894,0.12801431962451298,-0.27813213841657813
0.003690575713920523,0.011339157795590162,-0.12912129684722026,0.34622926063763776,0.401911182376526,0.026875328374066143,0.914042094091392,0.12830638585547288,-0.2787264974282679
-0.00436486485329262,0.02826096484909875,-0.08285629709059068,0.1530355612432459,0.9348844980833554,0.3764394505845736,0.913978001572795,0.12859845208643292,-0.27932085643995774
0.010096187324706995,0.049417821945056874,0.0011249879606721142,-0.06534671975563167,1.3176497071374655,0.20874322529233247,0.9139176802337938,0.1288896846617074,-0.27991748890541984
0.017488217447396023,0.06618251348405904,0.0731910684327855,0.6556702807651482,0.5678062843747007,-0.807043019659913,0.9138593399574919,0.129180479303932,-0.2805153156535602
0.007094816429116934,0.054827223175879174,0.12821080404091967,0.7332996579977981,-0.17991288121431057,-0.1744745138150332,0.9138009996811902,0.12947127394615662,-0.28111314240170043
-0.000989169758979445,0.0736088280616357,0.16112214539402675,0.12978409706272642,0.21038744361100495,0.276978407545144,0.9137426594048883,0.12976206858838116,-0.2817109691498407
0.0017887140691818983,0.09249855899468742,0.07106695736034618,-0.5661199605143798,0.6003480531866893,-0.8352470626993167,0.913689479840595,0.13005238235919236,-0.28231185616365584
0.00322796535483543,0.11428676552146973,-0.0034901061032059236,0.24781345226373097,-0.5342583972276246,0.02075707066971333,0.9136380110095643,0.1303425367251152,-0.28291375763018073
-0.008044041617959019,0.09688074760435848,-0.07833057626072026,1.1175871484590676,-0.6607395938161618,0.5727362077577087,0.9135865421785334,0.13063269109103787,-0.2835156590967057
-0.009077166446544861,0.08786015315164943,-0.13480717412059354,0.40429641009549844,0.29151409834120884,-0.10532910892676028,0.9135350733475025,0.13092284545696067,-0.28411756056323073
0.01770763878830608,0.10384972961286322,-0.11868025124600456,-0.5171038862915146,0.9808532867364972,-0.6126649144529246,0.9134836131880977,0.13121036039674105,-0.28471966147715194
0.056528600551539895,0.06895842440563202,0.004185914575124281,1.881255934644043,0.8221921164711096,0.9360241392136306,0.9134321546014877,0.13149739661707413,-0.2853217985653561
0.10941251891541304,0.08326209475632411,0.10498007258118947,-0.5905676535602238,1.3366166949628422,-0.5260696078640805,0.9133806960148778,0.1317844328374071,-0.2859239356535602
0.12343881755047705,0.09726676425504646,0.1279742846916765,-0.6599464921360313,-0.21130466990381086,-0.5908533591923497,0.9133292374282678,0.13207146905774,-0.28652607274176417
0.1187759818775771,0.07298909057173242,0.12198381806824596,0.5687976013814996,0.430878404421204,0.28710707651433864,0.9132788595642933,0.13235708248742484,-0.287128967300744
0.11127824768820352,0.051125009243356896,0.08913253102961158,0.9785586492029524,0.5440754761639892,0.3248828629117444,0.9132285483528162,0.13264260816790657,-0.2877319085759832
0.11312083220456863,0.034382059619555344,0.02999670372060868,0.3519064946865928,-0.37041403609939877,-0.1991042869287618,0.9131782371413389,0.1329281338483883,-0.2883348498512221
0.11174856763304973,0.015341202517746956,-0.05194757761315867,-0.2528259048352789,-0.8329572993301064,-0.31037490329436324,0.9131278520935175,0.13321358297626643,-0.2889377533475028
0.08230887880392979,-0.0025662470201930658,-0.12952881329434437,0.2310538611371869,0.5745381209250225,0.1905931519659667,0.9130755637088204,0.13349705874814036,-0.289539682986185
0.05989229071292403,-0.020531372963654378,-0.09065032894037049,1.2273103139531687,1.4947735860683289,-0.07428287353876861,0.9130232753241233,0.1337805345200142,-0.2901416126248672
0.044802782732167624,-0.02981769593411282,-0.03126885774706166,0.22240656073217924,0.8633602690541835,-0.377455826780027,0.9129709869394261,0.13406401029188814,-0.29074354226354954
0.009115869277147477,-0.021626740198723342,0.042387074615536355,-0.1814508316610281,0.06597877568466935,0.41963432412338975,0.9129188624654623,0.13434712620828915,-0.2913455950053137
-0.012588822665249015,-0.025624497252177796,0.11514306156484476,0.5902204807650651,0.6299949780647669,0.14026251912864396,0.9128678085334749,0.1346278918186327,-0.29194845176408085
-0.03532287397662171,-0.019975753489478474,0.11333712957295078,0.6925668539850852,0.2746731175971899,0.1264352608926984,0.9128167546014877,0.13490865742897631,-0.29255130852284816
-0.0682080857449241,-0.006892683142083855,0.034262677902599376,0.18354711900115747,-0.5302981262165802,0.6828221445270639,0.9127657006695005,0.13518942303931994,-0.29315416528161553
-0.09611514465553608,-0.008825126781191454,-0.04923207918363999,0.7203756771944994,0.6452042578644204,0.3978678905419901,0.9127148933900107,0.1354693198133192,-0.29375723771519674
-0.10867804321222055,0.017057193339106557,-0.1239791539414337,0.18500274720511464,-0.6646353507327694,0.12308523910736469,0.9126649202444208,0.13574627834077233,-0.2943610395217854
-0.09780362105494006,-2.6743564189388863e-05,-0.0884911166046418,0.4863941666525389,1.7572310183429058,0.8288543358130624,0.912614947098831,0.13602323686822543,-0.29496484132837436
-0.06749880075951231,0.010916088794154608,-0.025206483913044343,0.42065984091392583,0.7474719610843916,-0.444520102019073,0.9125649739532411,0.13630019539567836,-0.29556864313496295
-0.05712276021753456,0.024672178297875345,0.05007971742596362,0.5160509540914038,0.15035598844883485,-0.4811845812964535,0.9125154318384696,0.1365763318147362,-0.2961727557810841
-0.05378960283166926,0.03411935059542966,0.11695609498523217,0.19414521657819878,0.3853438102341132,0.203658066949977,0.9124667904675876,0.13685075023804466,-0.29677751800212543
-0.04735858321891619,0.03430697546046781,0.14137718207344352,-0.13450170652498392,0.6523529007336507,0.2829716418703718,0.9124181490967056,0.1371251686613532,-0.297382280223167
-0.036940803597235325,0.013683462371196605,0.08540147586080413,0.2943475788310418,0.228329843284044,-0.3122895249733677,0.9123695077258236,0.1373995870846618,-0.29798704244420854
-0.015018411428267462,-0.04348690096142428,-0.06422490930482651,0.41400784837414356,-0.7755249322208432,0.5186585270989461,0.9123207386291179,0.13767311539851226,-0.29859180251859724
-0.01891903531849094,-0.04086096717927738,-0.1404422084907194,-0.31654817798086543,1.0634477993414946,-0.6137077003188001,0.9122717924867163,0.13794540989727244,-0.2991965596174285
-0.003160192981294915,-0.04241617537162611,-0.15948768054079826,0.05105360299685591,0.2213028973431481,-0.23807123591918433,0.9122228463443145,0.1382177043960327,-0.29980131671625954
-0.0014275998257987392,-0.06268848841551303,-0.11906318373331524,0.9464111313707906,-0.2747705313715429,0.5622532242294653,0.9121739002019129,0.13848999889479274,-0.3004060738150904
0.004430387195048958,-0.061917511027630066,-0.04337174017845894,0.5306138278002049,0.890266258404889,0.298838665249729,0.9121263561424016,0.13876029358058806,-0.30101180868225313
0.029119963087145276,-0.04776063785015949,0.03981922030096528,-0.5106356141551716,1.669596922761825,-0.5056984458023575,0.9120801350159405,0.13902870134608578,-0.30161846612114795
0.05929694194899061,-0.053441697834217386,0.10795843577634417,-0.12294943783226453,0.4223410813379766,-0.40934857757712884,0.9120339138894793,0.1392971091115834,-0.3022251235600426
0.05836297120765193,-0.07322547108129644,0.14412838939991876,1.9034320679595893,0.2119788038140527,0.6014992917109421,0.9119876927630179,0.13956551687708116,-0.3028317809989374
0.08531718594761195,-0.07091496200584459,0.11794152714798474,0.31668725063744496,0.5168702237928268,0.3924573150903061,0.9119440882678,0.13983079155862566,-0.30344021149840616
0.07671432370988382,-0.08053870017428201,-0.04668785777029323,0.6069032242613941,0.3644795891700139,0.0033787927736703693,0.9119021569925612,0.14009406277151962,-0.3040497757917111
0.07402646238894796,-0.10575918790435798,-0.12186241790615279,0.8517087986184959,0.2800331711781578,0.4896276843783447,0.9118602257173218,0.1403573339844138,-0.30465934008501605
0.0745192598012753,-0.10961652811636372,-0.1390861813770199,0.30561284992548154,0.4084464488395339,0.18862009989359585,0.911818294442083,0.1406206051973079,-0.3052689043783211
0.07218088623060605,-0.09312278016046846,-0.12952805724600963,-0.19240995000915218,0.39063563728761697,-0.44955469500531287,0.9117757218278427,0.14088217370031886,-0.30587822658873554
0.07022383591179641,-0.07805610545908588,-0.08727259121854251,0.29822241886019807,0.24702868989123544,-0.22725351540909955,0.911732881360255,0.14114303107155524,-0.30648744769394276
0.07894945380233723,-0.0751683762082914,0.004333856711837371,1.1844933920720744,0.8495346290518151,0.5145988342187788,0.9116900408926673,0.14140388844279148,-0.30709666879915004
0.07370871076301826,-0.09206138943251797,0.08076099560488723,-0.2072087018703006,1.852789955300314,-0.4874856503719087,0.9116472004250795,0.14166474581402771,-0.30770588990435715
0.10326987531243538,-0.06572405628554567,0.1137990553202087,-0.2240773728799106,-0.031695912202423994,-0.07649219659933237,0.9116010352709882,0.14192483077506213,-0.3083132404888418
0.10553474558873613,-0.07864958967332325,0.04017637813028418,1.38377049523887,-0.12549613744997148,0.47208969713064697,0.9115540432518596,0.14218472363407728,-0.3089201258661
0.11588389842507922,-0.09651784593868196,-0.04064573078747012,0.690688444208345,0.09837102079450417,-0.030829822529197415,0.911507051232731,0.14244461649309248,-0.30952701124335824
0.12402982898405895,-0.08939965378140056,-0.10501203447667251,-0.8088214994686754,0.02466833634177942,-0.6522532019128544,0.9114600592136024,0.14270450935210782,-0.3101338966206165
0.11453393012433732,-0.07736754475270613,-0.14880047083699785,-0.3824157024444509,0.08075556698996333,-0.29574392029766905,0.9114121582040382,0.14296212996457677,-0.31074041472901187
0.10193623441052072,-0.10453442847640847,-0.12824217194319454,1.4013931189373232,0.7308294557463217,0.4862546503719596,0.9113641519872475,0.1432194875855474,-0.31134689032943685
0.10291083868937308,-0.06694414577534226,0.02453765079655644,-0.8192004991287694,0.562362711898607,-0.9014622933051086,0.9113161457704569,0.14347684520651802,-0.3119533659298621
0.08955523715122335,-0.06298992862837437,0.09616435503518164,0.382208397831975,0.5503782650120262,-0.3108721689692402,0.9112681395536663,0.14373420282748856,-0.31255984153028704
0.10819157041902239,-0.05218067743145586,0.08792962647023321,-0.3696762573857634,0.2766346414944901,-0.33118062274176374,0.91122384151966,0.1439929934325187,-0.3131683921891606
0.09318876595568179,-0.0522692700595118,0.003938394771233453,-0.07609257725812557,-0.734816506858457,-0.06290055897975932,0.9111795745164719,0.14425179602904722,-0.31377696021254003
0.061741180746335535,-0.06734946881933936,-0.07863779021254427,0.9432003618490303,-0.6171870587500635,0.056173377258261326,0.9111353075132836,0.14451059862557566,-0.31438552823591936
0.03800757473995713,-0.06796920437300666,-0.1161921181432028,1.187450881338984,0.4404736568292348,0.034084896918182395,0.9110912087778957,0.14476959158342198,-0.3149941817321999
0.015623645722527071,-0.029666050993625487,-0.12005802501327557,0.5277838526250458,0.22063373804080746,0.5293219436769281,0.9110488728480339,0.1450305788026923,-0.31560373065887376
-0.004557550110944532,-0.04577420284271952,-0.047578307343670904,2.1802665914132846,1.0442050513452665,0.40920327736451156,0.9110065369181721,0.14529156602196247,-0.3162132795855474
-0.01720297559298653,0.02876848324654839,0.08972010613862938,0.20794207846965618,-0.11394603666819463,-0.42459369287993987,0.9109642009883103,0.14555255324123278,-0.31682282851222127
-0.02395313397130777,0.006396934144522033,0.13130185991675486,1.2092248753880788,0.925261686200952,0.19582319128597625,0.9109223303081826,0.1458124874530642,-0.3174327328055263
-0.033840254357066356,-0.001793138828055681,0.09886220731314549,0.650922542635576,0.41176424269394085,-0.04161139744948095,0.9108825426780021,0.14606770706340774,-0.31804422817215744
-0.05462785395005432,0.02095923442933202,0.011455489881808613,-0.2688630926886396,-0.5518663530659838,-0.2917446408076394,0.9108427550478213,0.14632292667375135,-0.31865572353878885
-0.08250524558289402,0.032887975228475745,-0.08551162678463797,0.01989353944757083,-0.6477567424388939,-0.02905127948987385,0.9108029674176408,0.146578146284095,-0.31926721890542
-0.10434945705791696,0.008015085304994111,-0.13863331659402225,0.9213988196663446,0.0276562196545047,-0.026168043570631738,0.9107634225823591,0.14683099939178185,-0.31987904749202983
-0.1086902820701379,0.02400788524973532,-0.142567352010381,0.07315958908178784,1.0686874025659625,-0.9883526588735023,0.9107245082890543,0.14707770665674816,-0.32049174145589826
-0.10414090791073383,0.04256178486397235,-0.1092804069302653,-0.6615434961040583,0.7961642110031034,-0.29336134325193974,0.9106855939957492,0.1473244139217145,-0.3211044354197664
-0.10646501174282669,0.0034276237127536134,-0.040532148156123236,1.0733658544526568,0.0944298078784309,0.7953695270988028,0.9106466797024441,0.1475711211866808,-0.32171712938363467
-0.08261385923272871,0.0022785449786410124,0.04830264280181737,1.0836273178532874,1.0615547220970487,-0.22519415090342676,0.910605395377258,0.14781913531668445,-0.32232833036131797
-0.06400676725186023,0.020424755581294654,0.10056855644391262,1.0108264480339408,1.1879038334034837,-0.2605573166845456,0.9105601346652497,0.1480693420758059,-0.32293702643995764
-0.04595116095451696,0.020539669209139556,0.08932139796878669,1.2771752178533513,0.5664280844338057,0.4781490541976705,0.9105148739532412,0.14831954883492743,-0.3235457225185975
-0.010593096833367413,-0.0014788422435705025,0.02697211981033529,0.7092413384695971,0.3369289282168267,-0.20186243358135414,0.9104696132412327,0.14856975559404897,-0.3241544185972372
0.0025199536928844895,0.002051460295428213,-0.059023432151344396,-0.6176581897343921,-1.8121480864700645,-0.8121138958555623,0.9104226821466526,0.1488210620917465,-0.324762054325186
-0.04747050900637624,0.026416616279489928,-0.14223913116670098,0.1138253856110526,0.44235516160596033,0.15388483953241305,0.9103738589373007,0.14907361431101673,-0.32536848894792775
-0.031092054502654506,0.0016286292265433426,-0.1391812717970793,0.7415321993836916,1.1369691753994478,-0.007127270988338097,0.9103250357279489,0.14932616653028696,-0.3259749235706695
-0.05653768626567132,0.01835242297952972,-0.05253724885885912,0.2393361850160124,0.876860512700217,0.09834333368754677,0.9102762125185971,0.1495787187495572,-0.32658135819341116
-0.06303331673751297,0.02982402451158332,0.04954274386014563,0.5096727318809937,0.9054370520614793,-0.03467014824655301,0.9102236026992561,0.14983482199964582,-0.32718528960680127
-0.04704312487141264,0.027786985520404338,0.1150699081666601,0.7409077506056188,0.9796302605838952,-0.49878437407019405,0.9101680693942613,0.15009366685441022,-0.3277872883953241
-0.042722387277364104,0.033763001335812406,0.1278314664655969,-0.15377025998085997,0.40225421045647897,-0.5128214622742782,0.9101125360892668,0.15035251170917466,-0.32838928718384697
-0.04876428256695031,0.04254513228692896,0.10091792744745656,-0.19097644018062007,-0.3253874829548251,0.8487387290116679,0.910057002784272,0.15061135656393912,-0.32899128597236993
-0.05839333554091507,0.04896492067534607,0.052647223473544516,1.2633967826675483,0.2893510162159522,0.04300600106260255,0.9099968785866099,0.1508684987162593,-0.32959071642933063
-0.07195370654728936,0.035484066504676726,-0.026537296427149405,0.22494800198731357,-0.26290421707917233,-0.9204821461210955,0.9099343867587673,0.15112476274530637,-0.3301888223379384
-0.06783569699999964,0.02367158328905373,-0.10159460575254589,-0.10829709414452887,-0.3655381213303849,-0.3294661036131359,0.9098718949309246,0.1513810267743536,-0.3307869282465463
-0.07888761494261755,0.016896344181189547,-0.10342669578191045,0.47307958507983455,1.1192383511669426,0.31375045270992885,0.9098094031030818,0.15163729080340074,-0.3313850341551542
-0.08278664236769487,0.01568383744424009,-0.053256316899706425,0.7836254586185141,1.529080559792984,0.04680360467591882,0.9097410818597237,0.15189645948281966,-0.3319794710520722
-0.06561188110520719,0.018964975023379696,0.005586999958659945,0.3467345017321965,-0.12584871913625897,-0.5808040956429075,0.9096708708607864,0.1521565697796671,-0.33257271854410203
-0.06529128280233742,0.025894687601592362,0.06900528656237159,0.24079529899048835,-0.13574379612514542,-0.10644813177474077,0.9096175008069954,0.1523850965830939,-0.33315536985728333
-0.06960310575770445,0.04056552220388909,0.10520856165128573,-0.20059105446332492,1.5761383172005534,0.1696538384697064,0.9096955633468466,0.15236713481830472,-0.33365532490510486
-0.018996767095458784,0.030814114984802663,0.029702455937923585,0.5634574950585024,0.01366590540380666,0.35883426992562306,0.9098248664682962,0.1522493542975558,-0.3341199000425081
-0.01590726728345268,0.03699752155430282,-0.034459498775801255,0.007019049575018532,-0.5081874382311982,0.5674368363442923,0.9099564458448459,0.15212665123273117,-0.33458249160467585
0.010961619561104523,0.04625562451540903,-0.07513997536152105,0.0941057299149744,-0.21468132077144303,0.34550439851222947,0.9100880252213955,0.15200394816790652,-0.33504508316684384
0.04076651022848097,0.04602332385270911,-0.07498610103497455,0.4984724132093583,0.2309929305353436,0.6782875940489852,0.9102196045979454,0.15188124510308187,-0.3355076747290117
0.04986137681402656,0.0425429396337928,-0.03664984473657109,0.4410541019681545,0.771968478026528,0.7582008087143777,0.9103494879064824,0.1517582910201913,-0.33596928741764076
0.06126792220828904,0.05249774158873539,0.012374873862869852,0.1420577687141337,1.397313153456675,-1.33738351434644,0.9104792745093871,0.15163532262486715,-0.33643084429330494
0.07239958607651535,0.054528081965249865,0.06625408160872275,0.3270357419766375,-0.9622330293278353,-0.33982820935166025,0.9106090611122919,0.151512354229543,-0.33689240116896924
0.05711352175770584,0.06993739489840471,0.07491172885367431,0.4410104792348475,0.9180591125425531,0.5817827417640071,0.9107387975557916,0.15138940751328378,-0.33735392712008494
0.06402924416471852,0.07856938863740709,0.050742668113163386,-0.23441940255048815,0.7498404589827009,-0.06455478002126469,0.9108673753170384,0.1512669615834219,-0.3378147387141339
0.03772327500212059,0.06715335991051853,-0.017743940069630534,-0.11592643712002038,0.5014169631055927,0.06649521253992674,0.9109959530782855,0.15114451565356002,-0.3382755503081828
0.02260669294898933,0.0648263776150892,-0.07479397323433803,-0.3208134380339358,0.7392824833599018,-0.030359611052009683,0.9111245308395324,0.15102206972369822,-0.3387363619022318
0.025889343348564797,0.06281236924527002,-0.0683534148443274,-0.5537788774282337,1.0247146514892078,-0.16967281402759582,0.9112525927346793,0.15089977809776836,-0.3391968578746016
0.00941661325292404,0.036663252114563234,-0.00397534144368743,0.3381672194897361,0.8292217574403054,0.7034463145587804,0.9113774031101665,0.15077845905419768,-0.33965536447396394
0.022896706663656494,0.0726008011623805,0.030685226325702513,-1.0649239321998767,0.6298500629451231,-0.9723870743889744,0.9115022134856535,0.15065714001062705,-0.34011387107332625
0.008102296392666818,0.07177301947662058,0.03471058996169676,0.5683841698194025,0.4017857312766643,-0.4827037693942433,0.9116270238611406,0.1505358209670563,-0.3405723776726887
0.009199994465994132,0.04233326751795506,0.041560368344102636,1.084761779171136,0.37198182587816137,0.8667316801277192,0.9117510641622386,0.15041498777258233,-0.3410303927098832
-0.0037383381679056043,0.053939834600211185,-0.0024828863492232984,0.12509553444214738,0.27694975284947365,0.10766369500538886,0.9118725604675876,0.15029575961530292,-0.3414867838363443
-0.008397286317746621,0.06768848226439941,-0.05156615249937298,-0.37217075469710836,-0.051092148787468206,-0.5793836174282525,0.9119940567729365,0.15017653145802334,-0.3419431749628056
-0.0043602144794892455,0.05555713708905758,-0.07344527512854818,-0.2632858095854898,0.21418180911813792,-0.5098244973432102,0.9121155530782855,0.15005730330074393,-0.34239956608926675
-0.0038537436590867697,0.03318724898618496,-0.06818192592727236,-0.5303614899371041,1.143915706907582,-0.6009815812965176,0.9122378931137087,0.14993959906269924,-0.34285633332624865
0.020078440697875767,0.032769671022317974,-0.029180716205555114,0.04244996989635366,-0.4332961424653791,0.25006667003189165,0.9123619633297908,0.1498250198235919,-0.34331387182784273
0.03897387152752192,0.05339025696099673,0.020062634589148504,1.194822723623042,0.7544688685864691,0.39976329808712485,0.9124860335458731,0.14971044058448466,-0.3437714103294367
0.06020691901562134,0.048803272242295574,0.04785901760864619,-0.6613154643995387,0.6426344515409064,-0.9189448453772346,0.9126101037619554,0.14959586134537728,-0.3442289488310308
0.06273827101381468,0.05222681652316745,0.0314168316962971,-0.7802217807119528,-0.1269941960043362,-0.36512505207215895,0.9127346314063054,0.14948270555366638,-0.3446866466737514
0.04740474654091625,0.03637004741307453,-0.006378354831814037,0.7375395535067026,0.5184794647819706,0.6688509075450924,0.912859782408785,0.14937148955791713,-0.3451445616578109
0.03967706920212535,0.008135477959298674,-0.051164578993566544,1.2083865018065953,0.8579155685441164,0.5219437598299734,0.9129849334112645,0.14926027356216795,-0.34560247664187055
0.048808782553877286,-0.006134052912114942,-0.08849465488100668,-0.37672503838468313,-0.6372267603400088,-0.5351353347502137,0.9131100844137442,0.14914905756641872,-0.34606039162593005
0.03019137519086379,-0.008887233527841877,-0.08538977419487287,-0.16566470920305162,0.008091149309071767,0.021135265674782744,0.9132348435458731,0.1490405309968119,-0.3465178602763019
-0.005436589917959978,-0.019901644291923586,-0.07091854317799666,0.7560858863336968,2.2079952756642167,0.39635377789585924,0.9133592390223166,0.1489345002146652,-0.3469749147290118
0.007493173445272729,-0.025851513697131248,-0.02553933148919294,0.43561123927731904,0.43507996397426113,-0.3302270956430178,0.91348363449876,0.14882846943251854,-0.3474319691817217
-0.001626339451008288,-0.01553363466525087,0.01569714155411401,0.20750818502657825,0.698245398639323,-0.10221563230609831,0.9136080299752036,0.1487224386503719,-0.34788902363443147
0.01621702410967154,-0.0069189738182783445,0.03709998067031114,0.39139153123274073,0.3235904948979273,-0.49768649096708195,0.9137322084059512,0.14861900942826775,-0.34834574622741765
0.030956028730602787,-0.0036551369501590866,0.004950397656936541,0.43895221087135994,-0.10092047561239441,-0.4734099521783559,0.9138562504498761,0.14851721497024445,-0.34880226028692884
0.015527390291210887,-0.004359749134218261,-0.06798169959413636,0.32239253977678406,0.3942889797329169,0.2681678076515208,0.9139802924938009,0.14841542051222106,-0.34925877434644
0.02395225835706652,-0.014107622700318772,-0.09610576486671873,0.9871382224016596,-0.21769039541376833,-0.9603580733261978,0.9141043345377257,0.1483136260541977,-0.3497152884059512
0.011939181927734913,-0.012813113403506776,-0.11087514947133333,-0.15226555358144234,-0.018816761970604404,0.4693211934114476,0.914229128908962,0.14821356267587676,-0.35017211139213616
0.02074561091817171,-0.01211655420053138,-0.03766845695273766,0.6389549875451244,0.6327854761058547,-0.3513393485653147,0.9143542312504427,0.1481142079266738,-0.35062906083953244
-0.007086855498407835,-0.026887737237407967,0.014618553436613198,0.8984878368756676,0.23031305387205595,0.6478136992561865,0.9144793335919235,0.14801485317747073,-0.3510860102869288
-0.026959328480373138,-0.020374958708498495,0.037203118129034624,0.24509402127508317,-0.12804374490582424,0.09165022210387974,0.9146044359334042,0.1479154984282678,-0.3515429597343252
-0.045150645321083,-0.02229226683177376,0.029292098278699885,0.417649189968066,0.20355948068927882,-0.11651703613182995,0.9147367457562876,0.14781608677789587,-0.352004149968119
-0.06829431082412357,-0.049461266734751284,-0.00698468025324423,1.0508959214451479,0.7485964607530395,0.8047099224228766,0.9148708017215728,0.1477166613421892,-0.3524663676089268
-0.07438123625451477,-0.06222182841201016,-0.0641962425757166,-0.6065082008183507,0.3544275270333653,-0.28888152922422883,0.9150048576868579,0.14761723590648249,-0.35292858524973436
-0.08983133616078612,-0.04743356734750293,-0.12797219087419956,0.04768073286927621,-0.6272394312671145,-0.28616804038257193,0.9151389136521431,0.14751781047077572,-0.35339080289054203
-0.1269986528451675,-0.07738450420999163,-0.12659050736701885,1.4193830089586585,0.4619228664371794,0.4465363517535117,0.9152750519872475,0.14741992870988305,-0.35385411590860805
-0.13781715436482422,-0.06597070760839747,-0.0892411885984238,-0.49823359256084077,1.3013625429513656,-0.638626193411115,0.9154114206305348,0.1473222176780021,-0.35431755007438903
-0.14526662135738572,-0.04525970962380457,-0.04270743071052944,-0.5841259008395393,0.8005982510704682,-0.4847115600425127,0.915547789273822,0.1472245066461211,-0.3547809842401701
-0.14716557959330448,-0.04309863250053288,0.02486453817922604,1.003386267959777,0.729140829986608,0.4626056960680831,0.9156841579171094,0.1471267956142402,-0.3552444184059513
-0.14390267119798067,-0.045872250702871833,0.08214833541753186,1.3971991252924654,0.9984989822714444,0.4702916365569969,0.9158154077506199,0.14703052024654625,-0.35570473078639747
-0.14923220884739657,-0.015662343351901965,0.061399736482375594,-0.5403883456960543,-0.0991104521172809,-0.676051243358117,0.9159466362557562,0.14693425086078638,-0.3561650301594049
-0.17155657995430623,0.017646561818249935,-0.011607341982548773,1.2171223673753089,1.2617011426338482,0.9610666471840101,0.9160778647608927,0.14683798147502655,-0.35662532953241244
-0.16735919054686532,-0.005958468946863353,-0.04652004517743923,0.6880751684378703,0.32505908709711634,-0.2680535483527269,0.9162088508218207,0.14674150020191293,-0.35708550429330493
-0.14112274892093454,-0.015355247536663261,-0.0877446538342198,-0.03670772145591383,0.15863840394009388,-0.06619571519658862,0.9163374234608572,0.14664290968650373,-0.357544438597237
-0.13660884628161624,-0.033087151334434205,-0.09004326617634967,0.5919549862381919,0.17989065830738843,0.48066442082897076,0.9164659960998938,0.1465443191710946,-0.35800337290116907
-0.12669353478703665,-0.050027137020615724,-0.053159385839776134,0.8399613845909051,0.8375119634614624,-0.16952325504771437,0.9165945687389302,0.14644572865568545,-0.35846230720510097
-0.09565441407289987,-0.0455342023358119,0.0020162605298236435,-0.04400028261427802,1.167049888749481,-1.0120406131774384,0.9167236229401345,0.14634698224229542,-0.35892153417640815
-0.06376037009521736,-0.025732234839536683,0.04925608644560265,-0.5993183509030565,0.1928280868112549,0.04014393517552506,0.9168547746121147,0.14624755680658863,-0.35938203587672707
-0.058565938717961896,-0.05795506938501628,0.06589835710951969,1.2181278052285107,0.8921031905394664,1.3769724059512018,0.9169859262840949,0.146148131370882,-0.3598425375770458
-0.008837944424652303,-0.049291786906057025,0.06220706489644329,0.5578749068224985,0.6753110804873834,-0.4765287385760679,0.9171170779560751,0.14604870593517533,-0.3603030392773646
0.013762140262914353,-0.03088700665058173,0.009827802581239718,0.10551101538782687,-1.0004827588327436,-0.5872441551540692,0.9172496351540913,0.145949397205101,-0.3607643582784274
0.008178517992561623,-0.012911576812965496,-0.04183774429226017,-0.008186368137088706,0.17597260992408173,0.1975629543038977,0.9173857681756996,0.14585038538788528,-0.36122775658873546
0.016254194812754096,-0.006254308108395459,-0.08751667937626129,0.46492188297114584,0.3753424940575965,0.27014071732195255,0.9175219011973077,0.14575137357066947,-0.36169115489904363
0.031754999475664694,0.0019684592718356275,-0.09505270213619604,0.5026329322955767,-0.08200707816423053,0.04752648884158539,0.917658034218916,0.14565236175345375,-0.36215455320935175
0.027252821817959683,0.02087699292497349,-0.04690857283494216,-0.3437019711902388,1.1559090931108462,0.21270988097771415,0.9177951110874956,0.1455534079596174,-0.3626185046758768
0.02330235986046646,0.018305094530819042,-0.008845223146768432,0.4069902614771649,1.0626113515380162,-1.1934754686503197,0.9179337437477859,0.14545454980871414,-0.3630833679383636
0.0077599944426157835,0.02833734569957387,0.04273805947010408,0.5852612505313319,0.5975759161501808,-0.4746419383635132,0.9180723764080765,0.1453556916578108,-0.36354823120085017
-0.019514250463655482,0.025305143301806613,0.07788716819622118,0.20604597045696382,0.356040383525299,1.1283485908607744,0.9182110090683671,0.14525683350690757,-0.36401309446333696
-0.04570654546280768,0.024895357670499652,0.06753245544861512,0.28212244212542115,0.4400749642490014,-0.03608182784291003,0.9183492092313141,0.14515699890541972,-0.36447778206163667
-0.08233403844579844,0.025848261057491946,0.007518806799059457,0.4014485764824646,0.34310525537620123,-0.064064454835421,0.9184869275770456,0.14505607650371946,-0.36494227396386825
-0.10329989093039312,0.02655859917215729,-0.06466079382303909,0.2017074877895826,0.6737147097658274,0.3876522582359119,0.9186246459227771,0.14495515410201915,-0.36540676586609994
-0.09843400648384916,0.021136933698828603,-0.09178567804462827,0.07350922672698482,1.3836129603187237,-0.2880976408075586,0.9187623642685087,0.14485423170031883,-0.36587125776833174
-0.11639995981009764,0.001107598993196537,-0.04076329325717628,0.8205723630713447,0.6036723705206527,0.4502223698194552,0.9188983923166842,0.144751583477152,-0.3663348848671627
-0.089336014284059,0.030859690400213104,0.000875876195537445,-1.1362810285335119,1.6615508774282954,-1.1019416365568837,0.9190331372192702,0.14464762514133905,-0.3667978554729014
-0.07785121622454722,0.04557671446758917,0.051697343889485006,0.2505137308715977,0.08406269602531331,-0.43469168703497374,0.9191678821218561,0.1445436668055261,-0.36726082607863997
-0.08633460009277277,0.02151193806270142,0.07642538738363343,1.3670754179064248,0.6131349272687949,0.683584477683242,0.919302627024442,0.14443970846971305,-0.36772379668437843
-0.08522793081349593,0.035236801325187445,0.056548648809775434,0.25888295345369405,0.4599236659510693,0.21534457810834517,0.9194343946687921,0.14433332224867162,-0.3681852217003189
-0.07569734703028604,0.06686626011689849,0.008356012031874322,-0.7155041663123174,-0.3481609805101645,-0.7726536918172453,0.91956465507616,0.14422570691073322,-0.3686458642614242
-0.0646529953232104,0.07210261969816226,-0.046217877149731676,-0.06135570297555423,-0.3644822634006837,-0.6932261009564726,0.9196949154835281,0.1441180915727949,-0.36910650682252927
-0.043146175630211496,0.05999673993290139,-0.09412450244304449,-0.13941385358130026,0.5914410925185895,0.050177295430371416,0.9198251758908962,0.14401047623485655,-0.3695671493836345
-0.020107170078636553,0.0652034656734332,-0.0725327689516636,-0.22413514507971405,0.2419150744526698,-0.43335569075458125,0.9199530812185618,0.1439012487077577,-0.37002653953241244
0.013768664595110388,0.08520351867661989,-0.03944656653826321,0.6383142640594797,0.3861920779489924,0.12946088097766228,0.9200802401275238,0.14379151021360254,-0.37048553274176427
0.04764060661211671,0.08701404719936218,0.04465648885427688,0.44090445415512614,1.263026996950122,-0.4077798395324592,0.9202073990364859,0.14368177171944738,-0.37094452595111604
0.07476252139638416,0.08958920796918111,0.05807446661489992,0.9882151312432264,0.5793049707972272,0.5055985897978665,0.920334557945448,0.14357203322529222,-0.3714035191604677
0.09295163267162565,0.07791943137619622,0.014526034441011613,1.3334753150903418,0.16456715039316366,0.6639845961743234,0.9204621196599363,0.14346219249734332,-0.3718627553666314
0.1005463834368011,0.052648804620615504,-0.03659592625948209,0.28342535504767097,0.36574963290105694,-0.6692833974495329,0.9205897498122565,0.14335233439957495,-0.37232203285866106
0.09136997515530738,0.04271214066386819,-0.07954368709451758,-1.2200086455900219,-0.7932842810203885,-0.5721068661000537,0.9207173799645766,0.14324247630180664,-0.37278131035069073
0.04645778816950093,0.04331884871923485,-0.09229313873705437,0.987385880446314,1.2296320133265821,1.0121213581296349,0.920845010116897,0.14313261820403825,-0.3732405878427205
0.07616853786557112,-0.005204820037729955,-0.07672216229396198,1.119309403294376,1.336106754517548,0.08803296918164172,0.9209710000354232,0.1430215725185972,-0.37369899411264623
0.07065720581881096,-0.010617247587141648,-0.03440481303811023,-0.05829626984046676,-0.41986033136925804,-0.4059950212539505,0.9210969040028338,0.14291046460148774,-0.3741573547290118
0.026674756846971074,-0.012991766676939449,0.008246507079435608,0.0737373767587709,0.3865898684180208,0.02697577311371191,0.9212228079702443,0.1427993566843783,-0.3746157153453775
0.010552255933902771,-0.02458266478448627,0.051475250891589705,0.4561974083421714,1.4037932773446566,-0.08249183475036936,0.9213486675168261,0.14268822557492022,-0.3750740523485656
0.02936841666461195,-0.03730662029543013,0.08033906387452455,0.44408975504779674,0.6332963272917088,-0.5530965685441576,0.9214735982642577,0.1425766095345377,-0.37553189562167927
0.023625814961742153,-0.041469334063762076,0.05701273063751123,0.6117376297831995,-0.7014415665235034,-0.12767576301808425,0.9215985290116897,0.14246499349415515,-0.3759897388947929
-0.01599949115409106,-0.04835701652922157,-0.0467574202083973,0.042199494357129996,-0.3292139973949127,-1.1212649171094302,0.9217234597591215,0.1423533774537725,-0.37644758216790664
-0.01295927835536682,-0.024003152881191744,-0.0627691951966178,0.6195852670137789,0.04029854256251583,-0.8719260860786555,0.9218481159050655,0.14224166830180662,-0.3769052697130713
-0.04185058231923588,-0.01845705119149834,-0.08709801183848993,-0.005540522104169332,0.8201573968664962,0.7884788767269431,0.9219711002125398,0.1421293922646121,-0.3773620091498407
-0.0365680325094552,-0.014972585904569116,-0.07655737521786952,0.11759663441026941,0.9207478871214899,0.14463715090307616,0.9220940845200141,0.14201711622741764,-0.3778187485866101
-0.037262710486077544,-0.012698593755791748,-0.03719557367908679,0.6695187160254774,0.3474044779823486,-0.711576343251858,0.922198552483174,0.1417384531055615,-0.37803453337277143
-0.05017825643506896,0.001840246939215244,0.01897677854833618,0.6922351692103765,0.20977112580382015,-0.8809672274176581,0.9222861965993623,0.14130310197130708,-0.3780232335812966
-0.04369237451965707,0.03188040195855439,0.07317246094578406,0.18984914721054946,0.9543522526687053,-0.9728803326247064,0.9223743085370173,0.14085416916578103,-0.3779916981969536
-0.02398177530223117,0.03049172106886206,0.07688974045694517,1.0754319760893274,0.23705125766348098,0.09135439107338428,0.9224624204746723,0.1404052363602551,-0.37796016281261074
-0.03750176075387961,0.05361889357683444,-0.03034244783211892,-0.5743650058449377,0.6289004815742505,-1.4770974155154963,0.9225505324123273,0.13995630355472893,-0.3779286274282678
-0.05090219559340971,0.045739494138152335,-0.07523401702403124,0.17420518293292542,0.0232414447411585,-0.7435813538789731,0.9226380526390363,0.1395072285175345,-0.37789675793127875
-0.06441399611200818,0.03732819043889497,-0.07639089850461411,0.9331345747927584,0.4823090647410504,0.6264211137087852,0.9227243820474672,0.13905786723910724,-0.37786421603258946
-0.06339669241763995,0.03452374838395328,-0.05650095844260838,0.3122412910519615,1.1574794966858446,0.21642146014864494,0.9228107114558979,0.13860850596067997,-0.3778316741339002
-0.04685765878002359,0.04257548889192147,-0.0293350102522059,-0.26795675834229243,0.6615266326690132,-0.7934327279490301,0.9228970408643287,0.13815914468225293,-0.37779913223521083
-0.03352005817428249,0.05058398160180691,0.007292924132492926,0.6665288391073247,-0.37718387020050126,-0.3164415589798164,0.9229839197520368,0.13771057982040377,-0.3777668486574567
-0.04583678079957121,0.02524995804707985,0.060481717274680706,1.306349304612083,1.357929513901381,0.41697417640806655,0.9230715348352817,0.1372630820021253,-0.3777349111795962
-0.0002192533632347322,0.05320817542220788,0.026916102311880512,0.916878028947963,-0.5945254744085916,0.2875962592986312,0.9231591499185263,0.13681558418384696,-0.37770297370173583
-0.00782103545292245,0.003993120280871303,-0.00877123049577359,1.5552223962593001,0.511616696473275,0.3755973793836347,0.923246765001771,0.13636808636556852,-0.3776710362238754
-0.0031666148103071936,0.017316808637941834,-0.05638768356272844,0.6971820098935988,0.6534836794913117,0.004355712008452528,0.9233345996811901,0.13592301669181717,-0.3776390317959617
0.004465646608394888,-0.0033994813174235364,-0.06381882237250258,1.03396450696056,0.8209729966857747,0.5173416886290223,0.9234226347856889,0.1354801631817216,-0.37760696626284096
0.013580369705632513,-0.033072209436450395,-0.0352347792773883,0.9957715973432194,0.7711213597038665,0.41807374495214944,0.9235106698901877,0.1350373096716258,-0.3775749007297202
0.01441100735451268,-0.020366577621358864,-0.001833165061657891,-0.14246095802319075,0.40885304663275895,-0.5994538639743379,0.9235987049946864,0.1345944561615301,-0.3775428351965995
-0.01816825837449467,-0.011297822928478718,0.02408692807914617,1.3262185909671258,1.042829023805929,0.6108626439958211,0.9236879672511511,0.13415705848990425,-0.37751104834573157
-0.026635890776195773,-0.03641368057991568,0.03355944854673471,0.2500583582358893,0.544701008311374,-0.5031919989373321,0.9237779872121856,0.1337230295239106,-0.3774794335671272
-0.03179635548777959,-0.04139459842051054,-0.0011559863256736208,-0.09485489075455239,0.1409929472904409,0.04077346439965268,0.92386800717322,0.13328900055791695,-0.37744781878852296
-0.0523509707105194,-0.05047687295292188,-0.045129523609334705,0.9913747998936537,0.2349596277470733,0.31078381509032127,0.9239580271342543,0.1328549715919234,-0.3774162040099186
-0.05038447575823516,-0.029778836638680604,-0.04696675198927682,0.23894757725814908,0.22332716761916083,0.2570449149840499,0.9240495934502302,0.13242669338469706,-0.37738506081473616
-0.044860699281935534,-0.02361909780021703,-0.01649693257867224,0.20636494286961815,0.6591199257588991,0.457571547290204,0.9241417801062699,0.13200072216790643,-0.37735410680127535
-0.043860785980840596,-0.04941530420743867,0.01632261079288417,1.4837094661722199,1.198861858532063,0.3586723793837088,0.9242339667623096,0.13157475095111584,-0.3773231527878145
-0.02207863744952268,-0.05009552069394087,0.037775551395363025,-0.01770613589377018,0.24965104262335208,-1.2079689999999523,0.9243261534183491,0.13114877973432498,-0.37729219877435355
-0.03846883159832959,-0.017684420332203653,0.04262900845874132,-0.7656421334069254,-0.8123748450491441,-0.32992900000010295,0.9244199315727948,0.13072467728480336,-0.3772620135706696
-0.0690003411854402,-0.019919867314558908,0.028955318738237635,0.5072534170031536,1.6284482605617168,0.2654207959617274,0.9245140851576336,0.13030101567268848,-0.3772320097272405
-0.05299465744973257,-0.02348297085398535,-0.004614373974941883,0.4892433872475864,0.29737799676743243,-0.3672172603613788,0.9246082387424726,0.12987735406057377,-0.3772020058838116
-0.06785424232730736,-0.01652120345929995,-0.04149987195845657,0.3416516097768378,-0.47916200157531785,-0.2180427959618214,0.9247023923273112,0.129453692448459,-0.37717200204038254
-0.09326671858044616,-0.0006158470310310684,-0.056532547516887285,0.1821005890903331,0.4006020772128408,0.10771215621679175,0.9247990942649662,0.12902881550371936,-0.3771435943924903
-0.10034699355111552,0.01784694164909802,-0.03257940802697783,0.023096252308190686,1.3434012359375598,0.11442191817217662,0.9248960650655331,0.12860381033581292,-0.37711535515054906
-0.09394667174920444,0.03147558163379397,0.020620116162131323,0.12468875386821489,0.7006306726644567,0.4171826248671078,0.9249930358660999,0.12817880516790645,-0.37708711590860794
-0.0773024277,0.0299858011,0.046233438991912804,0.23744659,0.96442913130459,1.0188469999999992,0.9250900066666667,0.1277538,-0.37705887666666665
-0.0725840106528158,0.025627388920084614,0.04706018208690126,0.7963618345271505,0.34007650023195407,-1.1859316684380357,0.9251899252993269,0.12732965792454826,-0.3770322995820049
-0.06564706655047874,0.02014030341955412,0.048288822359839785,0.1298953759724415,0.03398312780622274,-0.40784465143475224,0.9252898439319872,0.1269055158490967,-0.37700572249734327
-0.07480286440913943,0.020046799803719484,0.019997915518896105,0.0057601594155186064,0.38980267981683864,0.5777092592986293,0.9253897625646476,0.126481373773645,-0.3769791454126816
-0.07349257256960483,0.0012707117491989484,-0.03964591925229372,0.3615158925505263,0.6305856251632557,0.24554742295415544,0.9254898835777541,0.12605745781190208,-0.3769526682961389
-0.07411455265462034,-0.028952328216364585,-0.08614817679480727,0.48042418462277503,0.8798386011036952,-0.358440819341185,0.925591922805526,0.12563568501487776,-0.37692713870350697
-0.09232705996599216,-0.042362244257811044,-0.06985872462912628,0.045979208724756915,1.6252145113056677,0.16051506801272808,0.925693962033298,0.12521391221785327,-0.3769016091108751
-0.038093306482468524,-0.05131724383061173,-0.01423267835706522,-0.09746420951963557,1.4728808288402138,-0.740190151965848,0.9257960012610698,0.12479213942082873,-0.3768760795182431
-0.06428240726567341,-0.1022302694635467,0.08269052410911791,0.10877139169180614,1.5069905227828122,0.4875959691816547,0.9258980111583421,0.1243708202199787,-0.376850498597237
-0.04868999601381422,-0.08081731521296365,0.08102847501545163,-0.5572341788735697,0.32753076315471574,-0.8337795823592593,0.9259998967198015,0.12395142387247605,-0.3768247000885582
-0.04495632836099942,-0.09009081827577393,0.049521470810371185,0.6583808414455403,0.03650796185829594,-0.5199117098829511,0.926101782281261,0.1235320275249733,-0.37679890157987944
-0.04414935653698212,-0.1031248593295855,0.004538244095394728,0.8840787608395855,0.26376640129503326,0.5297819617427884,0.9262036678427203,0.1231126311774707,-0.3767731030712009
-0.03556872241477074,-0.10332635826780001,-0.04553205002010663,-0.016421823751341283,0.3787610051207439,0.4601559256109624,0.9263060300247963,0.12269319039426128,-0.37674759200141694
-0.019406675189162746,-0.09440828509033274,-0.09081058463336465,-0.04525510331571184,0.17969775744811287,-0.8603522327311524,0.9264095803046404,0.12227363884378314,-0.3767227974459794
0.0007860333985114931,-0.067480223853348,-0.12068611332624975,0.6433559845483608,-0.08698089237128644,-0.6830353294367946,0.9265131305844847,0.12185408729330488,-0.37669800289054206
0.027283344498407646,-0.049795795128585466,-0.0819065757066925,0.35350903630178787,0.5953826216564068,0.24950536131780865,0.9266166808643288,0.12143453574282664,-0.37667320833510454
0.06035443355153735,-0.01667565952550852,0.006190922917099398,-0.2587890505844149,2.391852605991969,-0.4214215940487911,0.9267218540984767,0.1210141537481402,-0.37664941981579875
0.0997501856137082,-0.01695773805366612,0.06482832105738508,0.5329373967056128,1.35339568163514,0.20509950903292662,0.926829655812965,0.12059242679489895,-0.37662726063761953
0.13485181565781307,0.004382528139217225,0.07150163037725649,-0.27355800839550826,0.7439801857796744,-0.08223083103092321,0.9269374575274532,0.12017069984165768,-0.3766051014594404
0.14811634668437926,0.020991961861213965,0.011255387110531478,-0.5426766460151355,0.9282756885426787,-0.1446625972371507,0.9270452592419413,0.11974897288841654,-0.37658294228126105
0.13808875583421895,0.007049188032731091,-0.0821149397768331,0.9812170859723739,0.7412811932822925,0.8987854463336902,0.9271561602125398,0.11932667191285859,-0.3765626565887354
0.12870949112858635,0.02747417753666245,-0.11040301966206102,-0.8061561906268705,0.723311066969804,-0.24211350797031272,0.9272704568898334,0.11890374200850153,-0.37654442358483886
0.1258633663251862,0.02002104732412388,-0.1036898033602556,0.5441847898192314,0.1144738439093347,-1.0002567226354326,0.9273847535671271,0.1184808121041444,-0.3765261905809423
0.06712792137513215,-0.010460426057386112,-0.03753589316684301,0.723536418533476,0.5329134952589186,0.3059019351753616,0.9274990502444209,0.11805788219978734,-0.37650795757704575
0.05685830185334818,-0.0048748626970970205,0.02082385333368866,-0.12401277764092478,1.4233825969593363,0.2174355430392616,0.9276166993978039,0.11763440674814007,-0.3764917278462628
0.05155107991764168,0.005312711464335385,0.05312938393874171,0.13919320375124755,1.0002529309019397,-0.22800900956426773,0.9277368507616011,0.11721052411264604,-0.37647699331207934
0.030191567938256406,-0.0072941773078648315,0.07481575033008976,0.9547933569713156,-0.01602404233940026,-0.00809519872473885,0.9278570021253985,0.11678664147715187,-0.3764622587778959
0.00594954845557878,-0.02205765199531945,0.08175796813202484,0.6613076919232579,-0.04528305424145805,0.24501709989354836,0.927977153489196,0.11636275884165762,-0.3764475242437125
0.0032641918490961966,0.014850052184908492,0.03629287585536422,-0.9830175993836731,1.088732535300387,-1.0857422529224472,0.9280942354162239,0.11593710366631238,-0.3764311215373716
0.012166991200850496,0.0355507104200858,-0.021411526523523395,-0.2874140629330244,0.4107335440353681,-0.6565107619553512,0.9282097921572794,0.11551056772582352,-0.3764138899256111
-0.0014765852550497147,0.0036797405216216503,-0.0728873559898218,-0.6584335634113188,1.3551023067347807,-0.7888805175345581,0.9283253488983352,0.11508403178533458,-0.37639665831385055
0.002814121431242966,0.026280818251975015,-0.08334024135511724,-0.5035650268544232,0.2514503073723391,-1.0360714144526995,0.9284409056393907,0.11465749584484573,-0.37637942670209
-0.0019322625572801271,0.02072493491020044,-0.05059429868534254,0.8223526054836232,0.1903359250131192,-0.1043725441019383,0.9285504906907545,0.11422804249734307,-0.37635893744952176
-0.009072837319872448,0.0060383712201907466,0.013430800144697726,0.6540646524976492,1.4454289886898084,0.29118350690766626,0.9286582258165073,0.11379768538788512,-0.3763374390364859
-0.004784578763018544,0.014745372339744383,0.06943466704678847,-0.7629250372943976,1.7198344012936553,-0.4162333134962779,0.9287659609422599,0.11336732827842708,-0.37631594062345025
0.006981108644313975,0.029324254659191626,0.07032068130319735,-0.11879225363877309,-0.5348944531164825,-0.5447316057385976,0.9288736960680126,0.112936971168969,-0.3762944422104145
-0.0028800477315611495,0.017844545583741957,0.034182285108602696,-1.569560706199629,0.9090586318992099,-0.8964781944739251,0.9289841105348919,0.11250754720935169,-0.3762744440524265
-0.007170045958235853,0.02804875592561088,-0.02329002306730826,-0.10351947818280971,0.20278105833930746,-0.40788620828906197,0.9290949650867871,0.11207827652072254,-0.376254692313142
-0.022293554194475262,0.008081305577681178,-0.06682839288214723,1.575282435079832,0.3213657264796241,0.8200629011690737,0.9292058196386823,0.11164900583209338,-0.3762349405738576
-0.028255388782146708,-0.0037964240350686594,-0.07391151110161596,0.4399570957494521,0.6461892862245211,0.25303936344329614,0.9293166741905774,0.11121973514346434,-0.3762151888345731
-0.023422153135175386,0.00372278003985115,-0.056731234971493676,-0.6068804287991517,0.7043504759163717,-0.8934932933049922,0.9294361372440667,0.11079064679277363,-0.3762004623875309
-0.017011654293517524,0.019781262357386666,-0.03197824926962782,0.22860775239120773,0.531498491006693,-0.7364140956427647,0.9295560120085016,0.11036156716259303,-0.37618597628055267
-0.018779648954515588,0.023460316607653915,0.0019856019968334244,1.243148167507018,0.5895893881160994,0.6760031710946492,0.9296758867729366,0.10993248753241239,-0.3761714901735743
-0.028880856937513105,-0.005409843127523855,0.07384023051536022,-0.06554462690967303,1.2704574333233773,-0.13778785228480395,0.9297955883599007,0.10950298034006382,-0.3761569364789232
-0.009167061382569732,0.0007560687113715072,0.04489333330393878,-0.3394164005122488,0.4545794501139402,-0.24432280233794934,0.9299119851434644,0.10906531383634437,-0.3761410929861849
-0.030972580316894878,-0.03252760919765924,-0.003667337964917543,1.5715927575662578,-0.6518173117562366,0.5170378820403183,0.9300283819270281,0.10862764733262502,-0.37612524949344667
-0.024402467662061146,0.0016776648331576901,-0.05690392801274384,0.1353124282677327,-0.10576428026854048,-0.2398284314559298,0.9301447787105916,0.10818998082890541,-0.3761094060007085
-0.033441698211693884,0.006839526037826429,-0.06937210231667192,0.5009364941555445,0.22646858917879759,0.08560638044655455,0.9302606157173219,0.10775186754516472,-0.3760932694155154
-0.04820050558257304,-0.02029146820191355,-0.031859415510428535,1.6171353072690249,0.5843432120374111,0.7780893985123036,0.9303731580375486,0.10731112464187037,-0.3760754077718738
-0.02777706252709844,-0.001761196631560567,0.01989558072475792,-0.6760094025717425,1.6704322192318966,-0.46736316046760606,0.9304857003577752,0.10687038173857602,-0.3760575461282324
-0.018142098597452742,0.03961785973038769,0.03903371091315707,-0.833190012008156,-0.11558484372225543,-0.9281633676938075,0.9305982426780022,0.10642963883528156,-0.37603968448459096
-0.04346452512539739,-0.004515448860997003,0.07222133429367127,1.884714373751207,0.3250863511557924,0.12882974495213162,0.9307090912256466,0.10598826859511162,-0.37602087240524273
-0.027415945960254012,0.0006914103921366217,0.08868468540412348,-0.13241178986197522,1.2590809829525695,0.1574925557917055,0.9308145956287637,0.10554491899893736,-0.37599906153737156
-0.017734449507119228,0.0172161033064851,0.026830370572794523,0.7686747607229523,0.21996118510987997,0.38000792029760433,0.930920100031881,0.105101569402763,-0.3759772506695005
-0.030440777730392343,0.002856209170777021,-0.03459375099329851,0.7674021707120647,0.14160260876577993,0.1101706705632548,0.9310256044349983,0.1046582198065887,-0.3759554398016295
-0.05061918135281667,-0.016052253730904652,-0.056293008582389524,-0.31170521278427377,0.9301991315182138,-0.4356275154091538,0.931129862419412,0.10421442518384691,-0.3759329403046404
-0.056545677680128054,-0.007453373440452201,-0.03848727441213073,0.1322657401379328,0.6684940463323741,-0.22929374495235777,0.931231658342189,0.10376975149628057,-0.3759090805526037
-0.050349892696493675,-0.008282263596175066,0.024155710932296817,1.7053910028693482,-0.37039008551724145,1.0949015866100318,0.9313334542649663,0.10332507780871411,-0.37588522080056674
-0.01979896601221878,0.03390754447758012,0.055051475246167714,-1.4986369918174511,0.7023720982653491,-1.1274167715198224,0.9314352501877435,0.10288040412114766,-0.37586136104853
-0.03377484900227242,0.0016231257343291066,0.04834983155237863,0.8028058870347916,-0.2757156529357988,-0.0087469086080052,0.9315366150797024,0.10243467672901171,-0.37583732335812964
-0.03311450320818283,-0.010810971267587649,0.02189999396254393,0.7577608917853407,0.8318159731108236,0.34100456004250823,0.9316374121714488,0.10198756128374077,-0.3758130512681544
0.0018650683198771917,0.011111454938898096,-0.023704478684234448,-0.5824657685548659,0.7294251747047669,-0.21221271094588268,0.9317382092631952,0.10154044583846972,-0.37578877917817916
0.019236443161533032,0.018804929410311106,-0.0644215219002239,-0.2098192678004669,-0.29511012514594726,-0.43198800318816133,0.9318390063549415,0.10109333039319876,-0.375764507088204
-0.0025763593154090924,-0.0059583468360255454,-0.07418760814186533,1.4732721974495084,0.038773894175341134,0.01727111902231293,0.931938658962097,0.10064406269606802,-0.3757397437336167
0.0070353401192382575,-0.0070424324602519905,-0.049928748162454795,-0.29137177598306824,2.088852187172727,-0.27630466312433377,0.932035829260615,0.10019728020890128,-0.3757140172986885
0.04126535805547042,0.02398376361848874,-0.008266771308717148,-1.0099854412326792,0.7098101866207241,-0.26035392348565445,0.9321205894696124,0.09978817343490205,-0.3756838376352099
0.009160227229117239,-0.01973360710202009,0.0237302953937307,1.6186829164718952,-0.1414081244314644,0.27671213602551603,0.9321236142614241,0.09962720670279845,-0.3756243280871413
0.01382575459213783,-0.030115676030818255,0.0595597563719489,0.5503220855257938,0.7451552219346375,0.0265607757704025,0.9321193235494154,0.0994784812961389,-0.3755618490967056
0.0239652132433896,-0.003960416483530665,0.039829026969184965,0.7626177909031953,0.8610377158990993,0.31453192242291017,0.9321135803188099,0.09932811846971315,-0.37549863997874605
0.01897078868788466,0.007023673978745168,-0.0020519135334759082,1.216102298299649,0.39988327154271386,0.7440070743889482,0.9321078370882041,0.09917775564328735,-0.37543543086078646
0.009820912673008735,-0.004211469421888676,-0.031021193586614246,0.08892626854391777,0.3338617355817297,0.2387150393196471,0.9321020938575983,0.09902739281686156,-0.3753722217428268
0.015007955487142555,0.016153402004250757,-0.06254451851753381,-0.9155559138151834,0.5266088005661662,-1.1801312933050436,0.9320937933156217,0.09887351097555798,-0.37530779923485647
-0.011632945531350823,0.017029093778958594,-0.07824721208820476,1.0817598183847885,-0.24498917690468078,-0.1287237481402279,0.9320844875876726,0.09871824593765503,-0.37524289978746017
-0.012433053427205038,0.009510747765886247,-0.025048980825283368,0.6898652449521152,1.2526897270498534,0.4240545015941244,0.9320751818597237,0.0985629808997521,-0.3751780003400637
-0.008255254651753646,0.02402059709953177,0.02725788867820226,1.349056538363412,-0.20010516352375346,0.3982704771519714,0.9320658761317747,0.0984077158618491,-0.3751131008926673
-0.016594759784804288,0.031569307266206215,0.058682938969869515,0.9704263761954733,0.2910251085272764,0.08153595430390936,0.932059965515409,0.09825249768898336,-0.37505016769394256
-0.038340184842079766,0.03106402861062728,0.03440094679897521,1.027601284803259,0.5401878266995113,0.3056268443144585,0.9320548343889479,0.09809729027594763,-0.37498768592986176
-0.06146543733793811,0.027010092608926856,-0.026947314785668194,1.6148273285441184,-0.0704294297512693,0.7390724075451747,0.9320497032624866,0.09794208286291185,-0.374925204165781
-0.07099059705664125,0.0261182824314585,-0.06461523324479167,0.5262972119232977,0.8413231024909973,0.12101714771510785,0.9320445721360255,0.09778687544987602,-0.37486272240170027
-0.0625567528178511,0.06291004124622679,-0.08679446985285148,-2.085401627311694,0.07932156468020034,-1.1172928204039305,0.9320448659723698,0.09763347635777553,-0.37480330570669496
-0.08553902644845891,0.06947837816833151,-0.06980033338498247,1.1391568115833968,0.1993853425760469,-0.05652508395324851,0.9320457047821467,0.09748025892348569,-0.3747441969181721
-0.10962373953060778,0.04250718271742546,-0.04234011749608077,0.9586679206162958,1.35453500533918,0.379152680127552,0.9320465435919234,0.09732704148919591,-0.37468508812964924
-0.10553467066769547,0.022209880113816326,0.013671864455346051,-0.3319429592984867,0.8189052881025726,-0.06638836450577479,0.9320473834112646,0.09717383406659585,-0.3746259790967056
-0.08677987660541966,0.030562531595855622,0.054052237813463536,-0.1718452442082804,0.2533769252551431,-0.19248548034006063,0.9320484655260362,0.09702302944952182,-0.37456681140276304
-0.06658349858628917,0.03719380633262156,0.06054629736153106,0.842525059086053,0.45473459760410423,0.015625411264579725,0.9320495476408076,0.0968722248324477,-0.37450764370882034
-0.0453213585682271,0.013657951145588106,0.03186231571568629,0.6867842309245268,0.5473364748623328,0.0006522029754609804,0.9320506297555792,0.09672142021537372,-0.3744484760148778
-0.021057404166524574,0.033563547736024615,-0.08244716624898465,0.9829728368756729,0.4610739615488241,1.244939520722621,0.9320514991604676,0.09657114339426145,-0.3743891435600425
0.001269888607122547,-0.017076453994723847,-0.0895352085630083,1.4740551780021796,0.07997801868057282,0.41524366631234244,0.9320504453134963,0.09642563872830323,-0.37432832139213595
-0.00230732166121102,-9.420758236087323e-05,-0.03130075195120718,0.8123305844846421,0.34385480665116114,0.7667064665249406,0.9320493914665249,0.09628013406234504,-0.3742674992242295
0.008568546660786965,-0.025502440657812292,0.032141298144529,1.4252741621679437,0.9740540732697072,0.507800393198707,0.9320483376195536,0.09613462939638683,-0.3742066770563231
0.019614681309989924,-0.037843048660996914,0.062296230391073834,0.2735355401696491,0.6610651153758279,-0.3278419245484816,0.93204757696068,0.09598979256996101,-0.3741459722635493
0.007986438350055015,-0.017338915151542227,0.0639509797321999,-0.9322091260999824,0.04051964498698249,-0.43376253985129054,0.9320480264824655,0.09584771235777548,-0.37408575195536664
-0.020860369573113526,-0.002577325281616525,0.05154747506057178,0.6538809582359519,0.4266211441730112,0.4199424643995293,0.9320484760042509,0.09570563214558986,-0.37402553164718383
-0.017235775972371078,-0.028047891192346935,0.004928135156212456,1.2275562587669906,1.0255980349272933,-0.5223161540913477,0.932048925526036,0.09556355193340413,-0.37396531133900107
-0.025672221524760563,-0.016073000108395748,-0.026908377713070065,-0.8157212492029031,-0.6026856052424587,-0.200829650371956,0.9320509662274177,0.09542200791675531,-0.3739059822104144
-0.07233340912975852,-0.023762320875345987,-0.0677085082067503,0.28451284633376983,0.48390672764844794,-0.6517057874601786,0.9320568939532412,0.09528177374920299,-0.37384883010626985
-0.07930717981402853,-0.004516470263871626,-0.047929338299756624,-0.2534863907118655,0.3470819962354211,-0.7976692736450577,0.9320628216790648,0.0951415395816507,-0.3737916780021254
-0.09510790834580157,0.017580020881891218,-0.023653876101642598,-0.04174222867165511,0.8763471143327153,0.10556979277360945,0.9320687494048885,0.09500130541409851,-0.3737345258979809
-0.10782019921870238,0.020230443356003148,0.005468082500171221,0.8347883589798302,1.2057683142472837,0.5397698065886551,0.9320778911158343,0.09486150817853344,-0.3736792268756642
-0.09607083453198689,0.01767151063549042,0.053782540922419714,0.7712460153561227,0.16564993884893256,-0.46891357810834045,0.9320921475557917,0.09472240627559339,-0.37362687684378315
-0.1012834236266735,0.05196977978016983,0.07897837420281772,-0.2964976445164702,-0.21570518202255176,-0.8286163411264731,0.9321064039957491,0.0945833043726532,-0.37357452681190223
-0.12597669971594255,0.07202380378257342,0.0387274823337941,-0.4622058520616502,1.1781395039499467,0.46362546546238015,0.9321206604357066,0.09444420246971308,-0.3735221767800212
-0.1137421516181735,0.05121161488523057,0.029135862497721886,0.7758566518596037,0.46815430776499967,-0.2360889999999234,0.9321373675451647,0.0943071715550833,-0.37347109769394266
-0.11902840966280556,0.05251565119553669,-0.01179455254026799,0.6002662561530268,-0.1510035042648352,-0.35677214133900037,0.9321567154622741,0.0941723723088913,-0.3734213881615303
-0.12484187870403846,0.046532069114345036,-0.041177671653058995,0.6257127896918606,0.5323113261072225,-0.6134653448459559,0.9321760633793836,0.0940375730626992,-0.373371678629118
-0.1239471770690438,0.03154373018065973,-0.03623912141011009,0.6870357482465791,0.9204802912506502,-0.6533435658873934,0.932195411296493,0.09390277381650723,-0.3733219690967057
-0.12415056956429345,0.017977519996811603,-0.008490915095159554,0.3038686792614198,0.14554328904012698,0.18742636556857128,0.9322124253134962,0.09377020772865742,-0.37327072184909676
-0.13061582939426006,0.0006444797416572737,0.015764329581459645,0.10496634292776606,0.08836406804135888,1.3579310637617041,0.9322277266843783,0.09363928036131777,-0.37321834620616373
-0.11809248051009644,-0.004846405614027316,0.0598480975317733,0.3782072625345204,1.5187346151187102,-0.9749180010625516,0.9322430280552604,0.09350835299397807,-0.3731659705632307
-0.10412399419766166,-0.02031970202178579,0.044908992665278404,0.16498264732199114,-0.049352865858931484,-0.6075483910733119,0.9322583294261424,0.09337742562663831,-0.37311359492029766
-0.08847425503938182,-0.02084587527311335,0.03312943436395613,0.45793444373012615,0.054692191441899574,0.5609727151967618,0.932268044293305,0.0932470770520723,-0.37305789319872473
-0.09818110711530165,-0.019651069973007404,0.01432077289648067,0.1944345078640078,0.4625382092420379,0.3708094516472382,0.9322750348777896,0.0931170107283032,-0.3730005695005314
-0.10917980688129633,-0.016349305570669225,-0.007916472577525651,0.22688815921363598,0.05792183668091835,-0.4465363336875896,0.9322820254622741,0.09298694440453423,-0.372943245802338
-0.11154624218597484,-0.013966056347929114,-0.022078054454577983,0.6954376964718036,-0.30381546964189005,-0.3550518469711079,0.9322890160467587,0.09285687808076515,-0.37288592210414445
-0.12581636108884192,-0.01860772069360317,-0.01942793717305752,0.3358916896280899,0.9760982393483432,0.7983881636557122,0.9322966377151964,0.09272800727771874,-0.37282888150903304
-0.1183614430229539,-0.001631177069159568,-0.002651076114817641,-0.586196179234907,0.9984743473185896,0.11299646333683988,0.9323044504144526,0.09259949836202613,-0.3727719266099893
-0.1085577478051021,-0.006307131504994049,0.004760518877231929,0.651975378958407,0.1334004865046632,-0.6819568852283862,0.9323122631137089,0.09247098944633371,-0.37271497171094586
-0.11486538080159378,0.009617221312858158,0.029537648556093032,0.05109641339003512,1.0157778318605342,-0.19415853241234515,0.9323200758129649,0.09234248053064117,-0.37265801681190225
-0.09330297267183595,0.010235551470775194,0.022091711983198085,-0.04781342833153851,0.7680345025151201,-0.2133953007439171,0.932332654165781,0.09221483411866813,-0.3726037851434644
-0.0827434322680111,-0.0005998001083940682,-0.007061190819681484,-0.11160376975553016,0.8302883148423836,-0.26701219341129523,0.932345988607864,0.09208732454622748,-0.3725499855260361
-0.08386977356238076,-0.008338028830180684,-0.032822917384729526,-0.5227442813177436,1.229111760049737,-0.29888526992560216,0.9323593230499467,0.09195981497378675,-0.3724961859086079
-0.06330090815154168,-0.011051422369821096,-0.03883007160868884,-0.34106555600406097,0.22306069560751782,-0.62441610414443,0.9323726574920297,0.09183230540134604,-0.37244238629117954
-0.07258518768777938,-0.032689759592349904,-0.015840409336885075,1.9235030401702686,-0.9059578276446977,0.5463370042508906,0.9323879803506908,0.0917048196408077,-0.37238976253985123
-0.06796286872784271,-0.018583487579171075,0.03245257010075074,-0.6709409906482497,0.48124825849673025,-0.4826587662061659,0.9324033892879915,0.09157733491108747,-0.3723371896918173
-0.06623727486737502,-0.03685591355579387,0.040360872203552105,0.6762511096707509,0.17354645655193449,-0.313506943676904,0.9324187982252923,0.0914498501813673,-0.3722846168437833
-0.06291625005972404,-0.041467803504038565,0.009477203530889256,0.08088238958568339,0.7421310557715202,-0.4986914686503372,0.9324341550797024,0.09132252679808714,-0.3722320007545165
-0.05192548269309222,-0.03216983634357047,-0.02458089648509824,-0.4493344975557843,0.6842962208374772,-0.5642168820403786,0.9324485984803401,0.09119803318313852,-0.3721786262805527
-0.04437024194920385,-0.02470047724899082,-0.04093974011846692,0.48095902773662236,-0.11153741136658514,0.011026866100014132,0.9324630418809778,0.09107353956818981,-0.3721252518065888
-0.047307234155686474,-0.028200393667693738,-0.04248030943309853,1.3470765592987461,-0.11668347478852602,0.6959673549416152,0.9324774852816153,0.09094904595324131,-0.372071877332625
-0.03081834878331511,-0.03047374044399536,-0.03919689952775069,-0.5217434938150958,1.1204141073794436,-0.23964110520723914,0.9324913173326248,0.09082538665072618,-0.3720180812646121
-0.011643084652176275,-0.016127189588521138,-0.01432631482523102,-0.7258583807439138,0.19450386487138777,-0.6881340595112118,0.9325016680871414,0.0907064782940134,-0.3719618844527099
-0.01664473332890498,-0.031802515312963894,0.03621157737276505,1.1748733069074313,0.4711486571350251,-0.020348369819382484,0.9325120188416579,0.09058756993730072,-0.37190568764080767
-0.008755350764080235,-0.040797951577045924,0.07012428661997584,0.6628168023718837,0.563787733288075,0.39666310414453854,0.9325223695961742,0.09046866158058801,-0.37184949082890545
-0.005556746722317551,-0.03335761929277157,0.06584531569063716,-0.276582540743953,0.21345335007864596,-0.08834738682267052,0.9325319240701382,0.09035118884874241,-0.371792712794899
-0.00856679122029762,-0.023626544873326254,0.0390386667039235,-0.19604888475030197,0.0075938846373256,-0.5453514346440134,0.9325390222210415,0.09023814465462277,-0.3717341418384697
-0.009509657860786936,-0.03399713806939664,0.0043243678690343835,0.26421154022311466,0.3338181367513731,-0.25928974814029004,0.9325461203719447,0.09012510046050305,-0.37167557088204045
-0.01746553977364646,-0.07582038521041314,-0.05728071393960728,-0.6299174797343544,0.4276601272612177,-0.48291350371946606,0.932553218522848,0.09001205626638324,-0.37161699992561104
-0.00541688272051041,-0.08666264374431426,-0.0698924920440547,-0.38466284774708415,-0.430333577839798,-0.3248755515409183,0.9325593964612116,0.0898982952476089,-0.3715579505632307
0.001965362044421229,-0.06781304189649173,-0.0742813286627821,1.1526959177153053,0.8513531997373018,0.3341303421892068,0.9325637900850159,0.08978314428834566,-0.3714979735600425
0.02061215318225055,-0.05930903898905464,-0.041004312772545536,0.2529484294900881,1.3451785623833277,0.25069554516475456,0.9325681837088204,0.08966799332908248,-0.37143799655685444
0.027161696963336937,-0.06545271051934094,0.007760868129122116,-0.400465624601489,0.4616235198962679,-0.11989691498405541,0.932572577332625,0.08955284236981931,-0.37137801955366634
0.03284237597874751,-0.07470021775186003,0.04873510394952882,0.21232518697140973,-0.06909072990249894,-0.2288992316684162,0.9325765592136025,0.08943826628834572,-0.3713177513177471
0.047900724701381084,-0.07419358733740819,0.07740565796015068,0.9367526058661795,0.6216507818292638,0.12549244314553398,0.9325800077895856,0.08932443481048527,-0.3712571058660999
0.055003868673219956,-0.06314857081052072,0.10260747985919723,0.09807867849096764,0.7002716327857061,0.5577329883103097,0.9325834563655685,0.0892106033326249,-0.37119646041445276
0.08285637201009818,-0.0655136011167484,0.07336666568944376,-0.6107440493518184,0.3054750418186134,-0.37149539638690854,0.9325869049415516,0.08909677185476446,-0.3711358149628055
0.08535305918969173,-0.06055395179805565,0.02272739161786549,0.36231173772573766,-0.8464642121876308,0.0380968799149457,0.9325902406163655,0.08898419643641522,-0.3710750062805526
0.09453965844580246,-0.0704741379659938,-0.018488755419882836,0.8481204173220018,0.136979771127914,0.34902835175345714,0.9325934766206163,0.08887272988310313,-0.3710140534962806
0.09498633679702378,-0.0860159648480357,-0.04958588744527378,-0.173332597130904,1.2007454596083131,0.0697234612114137,0.9325967126248671,0.088761263329791,-0.37095310071200854
0.0950560098522843,-0.09569970721572782,-0.06840211128799085,-0.49551479799159637,0.6903618433596972,-0.1500471317747234,0.932599948629118,0.08864979677647894,-0.37089214792773645
0.10220582466790665,-0.0914083446014873,-0.06834093714133843,0.7342132772263725,-0.35242833215581654,0.025020308182785556,0.9326043480233794,0.08853554258023377,-0.3708321130180659
0.10884866203772674,-0.07127765357491707,-0.04367146672794456,1.0475756738573483,0.7329555841460272,0.05443455897981053,0.9326094408289054,0.08841962687495564,-0.37077262518597237
0.11661447893464356,-0.043731622905421264,-0.005912891499470704,-1.0836549223165688,1.2992463822539715,0.05728598937300866,0.9326145336344316,0.08830371116967765,-0.37071313735387895
0.1092200950876724,-0.03550165892029726,0.016107464079703263,-0.19999336325182338,0.45481898484624705,-0.4322313145589991,0.9326196264399575,0.0881877954643996,-0.3706536495217853
0.09759227720244258,-0.045842924476059234,0.04838741026646085,0.8108261670181991,-0.26661155533483166,0.08384787778968317,0.9326269122741764,0.0880695425008856,-0.3705956169287993
0.08590264114665294,-0.04386071141120133,0.06274872282874638,0.7405710065250006,-0.16432991310311573,0.4266834633368717,0.9326350425504781,0.0879503895586255,-0.37053814468650376
0.07984913917853348,-0.03647744247364487,0.06231520379128584,-0.34860199094588074,0.527925874410254,-0.07268121360260871,0.9326431728267801,0.0878312366163655,-0.37048067244420824
0.07654317723166947,-0.031195813404464458,0.04892119889679925,-0.6948758068015292,0.5363084744529094,-0.5687376004251803,0.9326513031030819,0.08771208367410556,-0.37042320020191294
0.06765734778214688,-0.022245846962805828,0.011649432473716479,1.0713192941551513,-0.7246223904782408,0.21945725398510696,0.932657641328374,0.08759022548848736,-0.3703648926461211
0.059725109719128956,-0.012094332038683236,-0.0539104832804276,1.1608052971305656,0.4595164802125716,0.7436152603612562,0.9326635792986184,0.0874677630860787,-0.37030639852284813
0.06526285219266675,-0.0275126088718368,-0.06392663627307413,-1.138886533899858,0.8353664137084336,-0.2163655164717344,0.9326695172688629,0.08734530068366991,-0.37024790439957495
0.06557624954048884,-0.045199241933474736,-0.07365504451746628,-0.07712910695007968,0.5018768768320794,-0.5961131434643967,0.9326754552391072,0.08722283828126098,-0.3701894102763018
0.058865146724760196,-0.0596737023855483,-0.06366019857270633,0.8989992885016433,0.3792185329209777,-0.029711766206091283,0.9326772036238045,0.08709938272263551,-0.37012851742826786
0.05060449571817273,-0.0762769537967036,-0.016017701934689973,0.6266183727099895,0.31718282190079816,0.4722387534537642,0.9326687641284335,0.08711227732435944,-0.3701440237494042
0.054715160330286866,-0.06890423204129667,0.044625981798962475,-0.29531400922422796,0.4301653491268028,0.0860404877789609,0.9326384702692172,0.08742982338434302,-0.3703306237761248
0.07561003169054334,-0.025626277024444002,0.07110320378314984,-0.4703044367161307,0.6359185690193295,-0.7420685377257534,0.9325852309245484,0.08806761498831053,-0.37069706613177483
0.08997243200935272,-0.046377359768331246,0.054381777972373216,0.9134973857067008,-0.6484768076225196,0.04546497555785578,0.9325349606659583,0.08870987774636922,-0.37106493334396035
0.07842961962274164,-0.050219125209351796,0.013066627887353459,0.8425829186503713,0.5900725264048611,0.7911750541976694,0.9324846904073679,0.08935214050442804,-0.371432800556146
0.10706587163230954,-0.041996480363442126,-0.015299573015943202,-0.6048232449523473,0.34759137077175745,-0.09000890382583293,0.9324344201487779,0.08999440326248692,-0.37180066776833165
0.10560050816610102,-0.04100422426142383,-0.045089218888414426,-0.00031513761965906717,0.047145884016950364,-0.5268283772582247,0.9323852848529932,0.09063748666347865,-0.3721691399220688
0.10077559276153038,-0.039710011285865994,-0.056411927177470664,0.7280757577045714,0.3748747692241785,-0.17554352603611356,0.9323459556358484,0.09128766041941212,-0.37254283877081124
0.09690350375982776,-0.04291963085863082,-0.04422795868442372,0.38504710456949026,0.7667078475822634,0.3981061594049198,0.9323066264187035,0.0919378341753456,-0.3729165376195538
0.08297554398087133,-0.05226559895309311,-0.01721710555574899,-0.3047716711052303,0.5590991459453758,0.25854372369828127,0.9322672972015587,0.09258800793127886,-0.3732902364682961
0.08491574841721576,-0.04344767126992584,0.020230759923651684,0.10329504330500912,0.41132321346922257,-1.1312546227417322,0.9322290544881331,0.09323779350442811,-0.3736646009918528
0.08615264381615312,-0.051014169166844585,0.04180473594842338,0.5049368659405403,-0.36896689035653685,-0.24054670775758957,0.9321951804250797,0.09388601825929885,-0.37404164208289065
0.09102081077311348,-0.04433155261742866,0.04913186460697476,0.43509938837407536,0.5289092220239626,0.3786973071200599,0.9321613063620262,0.09453424301416942,-0.37441868317392857
0.08562214594845864,-0.029200705594048002,0.034470351317870594,-0.19671399398516187,0.8324938700580176,0.02824556429327174,0.9321274322989727,0.09518246776904023,-0.37479572426496643
0.07493664459457855,-0.017432895867799062,0.017150055733649874,0.1974878543041113,-0.1742987802610427,-0.35856238575985344,0.9320943987672687,0.09583097773113733,-0.375173245982997
0.06797468916896919,-0.016867010783209124,0.003265750635356832,0.6665910581296692,-0.46356061403382415,-0.1986716737513472,0.9320633777754161,0.09648017058377623,-0.3755519184980518
0.06027216846705448,-0.021029494700105802,-0.012914805888225144,-0.025544193942664634,0.8880999194830752,0.2863558437832143,0.9320323567835636,0.09712936343641534,-0.3759305910131068
0.03397605032093429,-0.012124989415518126,-0.034386079044900354,-0.6180962368758364,0.9331041123309317,0.2730109776834091,0.932001335791711,0.09777855628905421,-0.3763092635281617
0.0420538213730073,0.01256173312964887,-0.03585667944470555,0.9465707780020977,0.059365007215781945,-0.5825091285865938,0.9319699302089975,0.09842716316507275,-0.3766877522387533
0.042776706464930946,0.025880634182785203,-0.020604221511654433,0.2873253502124785,-0.15815789947753123,-0.2156272688628782,0.93193792319164,0.09907485367339722,-0.37706595351045
0.04985794785919147,0.024056636114772108,-0.01912477862748959,-0.09431788326246236,0.6799648336586358,0.285425964930873,0.9319059161742826,0.09972254418172166,-0.37744415478214677
0.06424791473485644,0.016680112916046798,-0.01653447870187886,-0.18806470165781086,1.3094741612453358,-0.09653429968118488,0.931873909156925,0.10037023469004613,-0.3778223560538436
0.09857961916844263,0.01906981482465598,-0.00888461580070903,0.2831414619554582,0.43190989195714097,-0.4226036110520308,0.9318414657208642,0.10101762206765871,-0.37820032979100265
0.14141252109192243,0.03959126237406735,0.005227930537226336,0.8313660621254573,-0.7399568993286675,0.02946467056319335,0.9318085597555791,0.10166468817853358,-0.3785780623804465
0.1532614827284804,0.06760752099256104,0.023668782322562983,0.08971750803399783,0.8264375905758389,0.3753226089266697,0.9317756537902939,0.10231175428940853,-0.37895579496989035
0.15863085157917162,0.059459139632305244,-0.009750890610490042,-0.9595334228906474,1.088830763795812,-0.06250075876731209,0.9317427478250089,0.10295882040028367,-0.3793335275593343
0.1546170566710949,0.042980576823593124,-0.017018487978180192,0.7000579596385562,0.0625739075791017,-0.1521528629117892,0.9317086352709882,0.10360499771200854,-0.37971062933049954
0.1368042924415511,0.03957609035600425,-0.023682779935672808,0.6958165827205007,-0.3037763872137528,0.14569747927737353,0.9316736522493801,0.10425053381863286,-0.3800872760113357
0.11730694339851011,0.04562977512965039,-0.028508690498903665,-0.012450438140373388,0.21922271852489225,0.27553414133899956,0.9316386692277718,0.1048960699252571,-0.3804639226921716
0.09970602619925707,0.05137616593623796,-0.018978299061072585,-0.25908033394901514,0.9684895100232008,-0.24001047396380493,0.9316036862061636,0.1055416060318811,-0.38084056937300764
0.08060679905632226,0.05833484606376259,-0.0057387904562940465,0.2666657936280807,0.6979989813302832,-0.5795615047821041,0.9315652907509742,0.10618552720864345,-0.3812153210272761
0.060215529623804706,0.07195258495217655,-0.010587994985395867,0.8591239710732914,-0.8384561440888524,0.4617239468650336,0.9315252623521078,0.10682867559688292,-0.3815891658590155
0.06180130329543031,0.057033620117216445,0.015109809767195307,0.583571319213615,0.5592222692382182,0.4425200191285885,0.9314852339532411,0.1074718239851224,-0.3819630106907546
0.03518130576514221,0.05670099101030816,0.0358821879004339,-0.9715154617429002,1.0594994564650235,-0.7793337980871993,0.9314452055543747,0.10811497237336193,-0.38233685552249397
0.001650880948985578,0.04203934112900916,0.043251796055214564,0.23911879657835633,-0.03543982497976032,-0.3226469659935134,0.9314009254445625,0.10875726784980547,-0.3827082691108752
-0.02346100190010561,0.04021768984272036,0.037535363933530276,1.020920825292233,-0.07902410020767965,0.39167313602548326,0.9313553881083954,0.1093993111211479,-0.38307896378320955
-0.034543347192348695,0.05350535244272174,0.02831871043592172,0.13472284760880537,0.2685127007487742,0.1647110637618887,0.9313098507722282,0.1100413543924905,-0.38344965845554396
-0.039390986953240205,0.07076891568597131,0.011997522479546434,-0.8218141403933201,0.3545023557434421,-0.6181507608926484,0.9312643134360608,0.11068339766383292,-0.3838203531278783
-0.05237585591849047,0.07833197320329444,-0.017575018659837138,0.2492076606057187,0.3924691794204041,-0.5791226631243553,0.9312157976833155,0.11132464646865062,-0.38418935980871427
-0.07723713249128572,0.07499295200318694,-0.03171007613339746,1.2224199106694416,0.01809412804915557,0.3991733613177413,0.9311668259050655,0.11196577363266047,-0.3845581080410912
-0.07513781219373028,0.05912201893156377,-0.0183932110107062,0.4110338896281357,0.36393585125774003,0.30850757704570597,0.9311178541268155,0.11260690079667032,-0.38492685627346795
-0.07626076479734323,0.05055938769287996,-0.020377559909350598,-0.7040489873538709,1.1505861419269048,-0.7682489319872374,0.9310688823485653,0.1132480279606803,-0.385295604505845
-0.06868670564856436,0.05095161947651461,-0.005745513716293058,-0.13075047401688955,0.24287905478540836,-0.5436696599361639,0.9310184214311017,0.113888959613532,-0.38566348736096356
-0.052433099449204726,0.05657753214186972,0.01997730155249671,0.9827421636662323,-0.0021677517820152515,0.19288956004245428,0.9309679027453064,0.11452988368189881,-0.3860313366454128
-0.03729130105026564,0.06347373822667379,0.038231570281089686,0.68908729351752,0.5309812364756261,0.2044100605738528,0.9309173840595112,0.11517080775026589,-0.38639918592986183
-0.025408855120188145,0.07300563724495435,0.03532854683581621,-1.0289216257172644,0.28969828238490763,-0.6065039638682261,0.9308667369783918,0.11581145341055639,-0.38676698046404545
0.005307134262804841,0.09130302086663483,0.015019033549953424,-0.38831382497355693,0.0566820036180064,-0.5799164229543639,0.9308140080588025,0.116447584882749,-0.3871338872617782
0.014388601796280731,0.04271071707666219,-0.011504384629640296,1.309416047502689,0.35854020168431566,0.23219875770458387,0.9307612791392136,0.11708371635494183,-0.38750079405951127
0.031078527754093425,0.02947130126889375,-0.01704719020883172,0.6814314239106309,0.05277720330027813,0.4314403995749334,0.9307085502196245,0.11771984782713447,-0.3878677008572441
0.03156036946046794,0.03810359918384606,-0.029360844298690108,-0.35295829079695945,0.7294243786311094,-0.4395616386821768,0.93065543753808,0.11835579834927401,-0.38823439493446693
0.044813094705633216,0.040956547538788315,-0.0342809339851221,-0.40421589323058216,0.592355778546478,-0.5404285265674567,0.9306002089798087,0.11899075120085043,-0.3885999161742827
0.06822384733687784,0.03673742896918161,-0.01607748189159971,0.6395534517217588,0.018589006222073545,0.15894196599369614,0.9305449804215373,0.11962570405242678,-0.38896543741409856
0.08062470636216801,0.03387258154941595,0.015515839980871159,1.280171929755676,0.3491399407519547,0.377255399574965,0.930489751863266,0.12026065690400303,-0.38933095865391426
0.07985951608661084,0.02441624364293249,0.02230527001806692,-0.6290528800212732,1.0544485214221475,-0.472316521785336,0.9304341375451647,0.12089514607863996,-0.38969628860786404
0.09809755724282937,0.01193053780871242,0.045355851473967035,-1.056144446440016,-0.22134073047947392,-0.47913910095643075,0.9303773595182429,0.1215282364945097,-0.3900610415161177
0.10403024467141322,0.021312858695004922,0.03594455700212582,0.8720889053134224,0.03875132754480487,0.2560326546227145,0.9303205814913211,0.1221613269103792,-0.3904257944243713
0.11142739331498452,0.028223443390010945,0.015543932642931718,0.7172138483315106,0.3877094998087212,0.07970379171091757,0.9302638034643995,0.1227944173262489,-0.39079054733262497
0.11487285685366623,0.03207361377693917,0.0034813999732126203,-0.34781039634417976,0.29031584123308746,-0.5185598660998156,0.9302068243322706,0.12342700092171463,-0.3911552190931634
0.11928329130180636,0.025049218346291622,-0.008919984045825197,-0.5805483086503938,0.20949173141446276,-0.480774587672709,0.9301494623733617,0.1240586197265322,-0.39151973637973797
0.12825461066461252,0.009699019485334559,-0.02766983870515002,0.44135279145597256,0.377211755516825,0.2611682008501699,0.9300921004144527,0.12469023853134993,-0.39188425366631263
0.13600945398023145,0.0064260778664194905,-0.03277087061052783,1.2296315497344628,0.22822220388021616,0.2713926811903331,0.9300347384555439,0.1253218573361673,-0.39224877095288707
0.15905481476663105,-0.0013641092706694314,-0.010592621280026311,-0.13155752571731005,0.9195591406496743,-0.8313478607863871,0.9299767051257528,0.12595392199433225,-0.3926128579312788
0.14082829627566248,0.02299775360882259,-0.011105108238580992,-0.901568848140338,-0.173735899796753,-0.45108611583418146,0.9299178167481403,0.12658655448459089,-0.39297639687566416
0.13562019850733273,0.03907825284240052,-0.020737076011162165,0.7866709451645113,0.24044832808850017,0.5561450233792815,0.9298589283705277,0.12721918697484946,-0.3933399358200495
0.13984082799043573,0.04699745586025507,-0.00984477421477628,1.0835032325185932,0.8122522997145066,0.17114847077576556,0.9298000399929154,0.127851819465108,-0.393703474764435
0.13549628091285693,0.0409776851110503,0.00045445823102535643,-0.1222885544103487,0.31174448860914794,-0.5433944463336893,0.929740109744952,0.1284848914601488,-0.3940663721360256
0.12608400265568467,0.02152914249468815,0.00025183421253395814,-0.6865756838896035,-0.3342132599561675,-0.27741982996819026,0.9296792749273821,0.12911834504073674,-0.3944287124831739
0.13632895251753469,0.0027738002472901253,0.012497076868751837,0.7433583681615312,0.9366063941990985,0.4872388299681134,0.9296184401098122,0.12975179862132483,-0.3947910528303223
0.14552161795473,0.003275790759723753,0.015945754732726653,0.7998170036556916,1.0889828280992186,0.1898672571731872,0.9295576052922423,0.13038525220191294,-0.39515339317747084
0.1882427739589771,-0.026237219917957716,0.023748782299512706,0.21061287315625443,-0.6802178438237967,-0.5754246546226938,0.9294943313673397,0.1310202351512575,-0.39551418283386464
0.15015077911306948,-0.02208362712752357,0.0025187190646775172,-0.2724754371732337,-0.03135176493899955,-0.05107438575980616,0.9294296292809069,0.13165611358625584,-0.3958740645200142
0.14388464859192593,-0.02556453599851365,-0.014106854499961394,0.11227156633378899,0.7289067770167791,0.2184547800212524,0.9293649271944739,0.1322919920212541,-0.39623394620616376
0.147543504426887,-0.03298079976896903,-0.02553176590112013,0.7000542128586442,0.6799348317245041,-0.16276000850155725,0.9293002251080411,0.13292787045625215,-0.3965938278923132
0.13300547899659868,-0.034257034106907454,-0.035002157123254045,0.46410261713065193,-0.010341839901491314,-0.4684835260361062,0.9292327483138505,0.13356246902940144,-0.3969521808855827
0.11715822707098641,-0.02905189953347255,-0.03560914233121619,-0.5395267095535389,-0.35225598586294893,0.06458635175348171,0.9291642250584484,0.13419658491179598,-0.397309957343252
0.10334230057757782,-0.010143212225504506,-0.019223142113780955,0.3963009377364464,1.4893338271017398,0.269342007438917,0.9290957018030465,0.13483070079419057,-0.397667733800921
0.08287258895047706,-0.017706995668650794,0.003264861213357939,0.5104012821572859,1.2446404020220148,-0.3299219883103408,0.9290271785476443,0.13546481667658522,-0.3980255102585903
0.08711614207736351,-0.023948686961210743,0.033223187943460096,0.3973349965037374,-0.8180730145558025,-0.11289164824658826,0.9289555411583421,0.13609624767056316,-0.3983816433793836
0.09733301237066924,-0.026305119529861816,0.04312963949999867,0.16455025352816788,-0.028914965671967465,0.146933803400632,0.9288832274672334,0.13672709558271345,-0.398737419613886
0.10415621638469734,-0.029004947683315928,0.0396104357129932,-0.19947257421894707,1.0935793865066048,-0.19480267056328948,0.9288109137761247,0.13735794349486363,-0.3990931958483883
0.09750082326620854,-0.03340138112646077,0.032304264804401045,0.08093190246529969,0.5108300632336468,-0.47256204357074516,0.928738600085016,0.13798879140701376,-0.39944897208289054
0.07558533390170048,-0.03448956103294379,0.01847373949133157,1.1468228743039426,-0.7551128813435481,0.16953558129648982,0.9286643746617074,0.13861807470492382,-0.3998037478285512
0.061260050231455955,-0.023894467312433207,-0.016702185292555936,0.1540924356216093,-0.016135674403681383,0.40510996811894806,0.92858997623096,0.13924721640878507,-0.40015843303223536
0.062007799480765076,-0.01904210144814069,-0.02671125875192651,-0.7001088425929093,0.9480365294544393,-0.4891658926672946,0.9285155778002125,0.139876358112646,-0.4005131182359192
0.08142035429468655,-0.012019404457385743,-0.0423954290183695,0.43092260922423276,0.7903017752009142,-0.6876136408076512,0.9284412407403472,0.14050547456996104,-0.4008678414417287
0.07973909368012652,-0.017880415804145643,-0.052797872875435914,0.7448001969606681,-0.09119433079315764,0.3004021997875963,0.9283717724371237,0.1411325881346086,-0.4012255794828198
0.08870264456471644,-0.022011834146652587,-0.03660073362438507,0.3856630596323483,0.16033193590113,0.38925331030825916,0.9283023041339002,0.14175970169925606,-0.40158331752391074
0.10789468226928814,-0.023609269746014988,-0.005511536964888983,0.18916736137088738,0.6465354263153201,-0.1924739001062683,0.9282328358306765,0.14238681526390365,-0.40194105556500176
0.11563356655196615,-0.030245971025505407,0.011417884369224574,0.5058299431987461,0.14448814751626407,-0.01133826248665315,0.928163613159759,0.1430136990559689,-0.4022989557952533
0.1164003641498409,-0.035218351108395766,0.0040321158822253155,0.562831095058572,0.8101510666235492,0.43342800318818675,0.9280964216790648,0.14363868280552605,-0.40265819720510093
0.11118615899744938,-0.02828655373432499,-0.023324018104064415,-1.3599087290648784,0.2936117511080525,-0.9481149489904741,0.9280292301983705,0.1442636665550832,-0.4030174386149486
0.09839982052762856,-0.05105976419447708,-0.029896116318706034,0.2422171533477402,0.18614433558204305,-0.22326249415504051,0.9279620387176761,0.14488865030464054,-0.40337668002479626
0.07721121755228602,-0.07955316232305906,-0.036054963456463016,1.0055463153028517,0.5599750927556177,0.45386582465459213,0.9278940411583421,0.14551317363124336,-0.4037354803825717
0.06633181556078632,-0.08343643403613119,-0.0295994718911067,0.5002149901593591,0.5068243379104348,0.18836778320931735,0.9278228850867871,0.14613589285157633,-0.4040925525363088
0.051403258940165564,-0.0631672316131737,-0.013663353933613207,-0.2248734272688872,0.252870192193502,-0.4156232486716558,0.9277517290152322,0.14675861207190946,-0.4044496246900461
0.020365210095431317,-0.04201204179383641,0.0010451302268941918,-0.0008303775770992505,0.2671739703550291,-0.37963566631246337,0.927680572943677,0.1473813312922423,-0.4048066968437831
-0.00043713035451596735,-0.041006586232731145,0.01108174716511557,1.1910856174282307,0.26718039296930246,0.2989118703506719,0.9276087290081474,0.14800374346050305,-0.4051633917817924
0.00865603118550368,-0.04132558510340063,0.008961596087301816,0.5012638368757456,0.9335601451477215,-0.04330409139209479,0.927535270503011,0.1486254349093163,-0.4055192013106623
-0.007694186404919847,-0.03407404849702465,-0.024973924068335904,-0.7829109831030481,-0.670008411664057,-0.17531539213602265,0.9275310052732886,0.14872895842631736,-0.4053890606380919
-0.026884306676940722,-0.031676482651859635,-0.04133075084906634,0.02507275929871433,-0.2143934515790123,-0.11891621041444544,0.9275780751470067,0.1484480485685441,-0.40489838921006016
-0.019463562954837848,-0.03375233646089226,-0.030138694230101327,0.6187513320935114,0.9531990168586193,-0.15387714558978338,0.9276368342897627,0.1480641325005314,-0.4043106298441375
0.0013115754798085069,-0.030180213719128747,-0.008509291659641972,0.4671337820828957,1.1366313619175519,-0.33959447715196234,0.9276925570669501,0.1476791818650372,-0.40372115292242294
0.013079838356004295,-0.008418348281292965,0.006396639563313232,0.05520351150899948,0.2574279079809229,-0.4260739213602296,0.9277482798441374,0.147294231229543,-0.40313167600070826
0.013731856698193302,0.03214144018097688,0.01122748542678055,-0.18406293282687347,-0.09484437582524283,-0.09527789904359452,0.9278040026213248,0.1469092805940489,-0.40254219907899397
0.014925540183846972,0.04141312917109458,-0.009683082906114358,0.8308926153134967,-0.05588394480504795,0.16219966737513403,0.9278618320935175,0.1465238572061637,-0.4019540125079701
0.037884713477154164,0.052469175390011606,-0.022179377180560005,0.3695722090966578,0.7607031613023629,-0.4651285387885835,0.9279218575274532,0.1461379410340063,-0.40136717096351393
0.046153824529117586,0.06485652254303835,-0.03838054865834144,-0.06036830493089218,-0.37806027837880685,-0.3755563166844009,0.9279818829613886,0.14575202486184907,-0.40078032941905767
0.030789758936386486,0.061363013119553486,-0.041586143590418685,0.07098924427205672,-0.13669016724146638,0.06672542720510855,0.9280419083953242,0.14536610868969177,-0.4001934878746014
0.025632720369289878,0.05679958931455935,-0.025606208415770923,0.2637807775982923,0.4806576319303072,0.16131033475022427,0.9281076202798442,0.144980068,-0.39960997728657444
0.03830479303219969,0.05466182622316785,-0.0018668570183513172,0.3038257189797904,0.42719531050668114,-0.32925694473959055,0.9281773651080412,0.14459393899999998,-0.39902882907899395
0.04026248756992574,0.03928366727736407,0.009512124337362962,0.4724147365823483,0.41362075087224176,-0.7616625855472616,0.9282471099362382,0.14420780999999996,-0.3984476808714133
0.04494044501944795,0.022300283774705776,0.007281642686841631,0.056348186040333315,-0.08149843399496656,0.32740436450597343,0.928316854764435,0.14382168099999998,-0.3978665326638327
0.04498762348724761,0.015914772736450894,-0.017699413670233043,0.29799525277788275,0.5644144567595538,0.1846904272051102,0.928388143737159,0.14343401587247606,-0.3972864109812255
0.0534596792957496,0.020907096019128893,-0.05662378370133922,-0.039063854558997524,0.12423834181378049,-0.3904519001062958,0.9284601577045696,0.14304562951434635,-0.39670677126461196
0.049657999761422614,0.015305924531241914,-0.06455931721739878,0.6810640344528803,-0.1572591223520173,-0.09403468544091886,0.9285321716719801,0.14265724315621667,-0.3961271315479984
0.05036661287938316,-0.0002491832245476106,-0.04839856115829521,0.8726390811902587,0.41706860646835975,0.22028838894793346,0.9286041856393907,0.14226885679808715,-0.39554749183138505
0.07066328836057575,-0.0077633152655677915,-0.02201005282247304,0.10412641466522046,0.8148520059051386,0.056238564293293436,0.9286749098831031,0.14187966719447395,-0.39496714862911797
0.0993015172978753,0.00017833299054395742,0.0041186426263932815,-0.22836790520730868,-0.10618054345719337,-0.08099581402766809,0.9287452616932341,0.14149024563761953,-0.3943866022812611
0.0937613787039315,-0.017236964942613668,0.004156786770718653,0.4447968768969155,-0.004038735750498671,0.22910895111583862,0.9288156135033652,0.14110082408076513,-0.3938060559334041
0.11034819759787573,-0.03899099220669635,-0.0022923380297440754,0.5422781130286991,0.4181329448351069,0.1272699723698132,0.9288859653134964,0.14071140252391065,-0.39322550958554725
0.1190613746329429,-0.0408176934369821,-0.0299291509525378,-0.07363914650364145,0.4069426846526578,-0.7939476737512159,0.9289546746156572,0.14032164063761954,-0.3926440460219625
0.09288469424548412,-0.032857564826355094,-0.05207175065096132,-0.2355580621466537,0.10282469743476172,-0.21148236769396078,0.9290231414523555,0.13993182851222102,-0.3920624470598653
0.05692853803474783,-0.028082245077470803,-0.05036944974507417,0.28288333171101526,0.36676804592794315,0.38722705951115977,0.9290916082890541,0.13954201638682243,-0.3914808480977682
0.038327355525185666,-0.018370800902712363,-0.027628673932347237,0.5343227678959317,0.6643544605188045,-0.13052193836331227,0.9291600751257527,0.13915220426142402,-0.3908992491356713
0.034086661350903345,0.004409967535759816,-0.00016259510956291606,-0.013145278119023024,0.12102431537563932,-0.9663600148777913,0.9292275267658519,0.13876228318809772,-0.390317046007793
0.0030156444157259776,0.01328822131222101,0.019479950904485958,0.3489983344526564,-0.14797555227456763,0.18691353134965638,0.9292949435494156,0.13837235837407003,-0.38973482213602545
-0.018725768729860082,0.01294676886801278,0.007537765425167493,-0.24109995608921891,1.4662730173319563,0.4885072614239938,0.9293623603329791,0.13798243356004242,-0.3891525982642579
0.000814859185122487,0.016351092321785377,-0.0176213357648444,-0.04788520330074064,0.2892657198829223,-0.17149296121148616,0.9294297646829613,0.13759248679596162,-0.3885703700885582
-0.0025867487266751773,0.0067403721166828644,-0.0359338811753664,0.9131313333157469,-0.14814867681137173,0.0061544006376763605,0.9294969817003189,0.1372022093177469,-0.38798807706694993
-0.021090597387671182,-0.00639879351562086,-0.03636999462913815,0.8369325449522504,0.07817072306146311,0.29792190860785617,0.9295641987176764,0.13681193183953227,-0.38740578404534176
-0.034820772259086114,-0.016589132182784468,-0.029686274677581104,-0.004162335791723731,0.45325744590953343,-0.06023377470778257,0.9296314157350336,0.1364216543613176,-0.3868234910237335
-0.041888458677792416,-0.023777052192349307,-0.027274598397250858,-0.32099462608922746,0.45823378253003716,-0.5562377959616036,0.9296981869287991,0.13603092423485638,-0.38624096620616355
-0.06542273824208208,-0.032500532076193425,-0.02017707956161774,0.07545135329430946,-0.3099369895952973,0.5271931530286995,0.9297625764860078,0.135637776013815,-0.3856572031101664
-0.08011824716875719,-0.07072706005706836,-0.020008277343807515,1.1284456505845235,0.4383278317650268,0.420504704569602,0.9298269660432165,0.1352446277927735,-0.3850734400141692
-0.061489385910517946,-0.07195171611657786,-0.017257249921915532,-0.4805341488844035,0.2994694865152369,-0.8889283878854108,0.9298913556004251,0.13485147957173216,-0.38448967691817193
-0.06381862467778916,-0.05892117817821537,-0.02067823893360538,-0.36759581301809685,-0.06423495795868167,-0.4254058320935634,0.929957086379738,0.1344593451434644,-0.38390663207934805
-0.06953825316620629,-0.05368667981477164,-0.02312003994104454,0.4305305134856957,0.9044769361968639,0.48278279064828666,0.9300267748636203,0.13407020223485647,-0.3833257066879205
-0.05341806716875083,-0.04852194135462062,-0.022595619555284427,0.7164862021253365,1.234830350636605,0.39712711689673874,0.9300964633475027,0.13368105932624857,-0.3827447812964929
-0.019677792001063146,-0.03134031985409208,-0.02102903851171405,0.32307270750266504,0.0050083930843842816,-0.41764113390011737,0.9301661518313851,0.13329191641764077,-0.38216385590506535
-0.009621953632095406,-0.010671766464612037,-0.019989798376751165,0.061675919428261755,-0.004663892856318602,-0.057007634962761955,0.9302365419518244,0.13290384024654617,-0.38158325722989717
-0.0396760329979776,-0.009442914259511291,-0.019425811129142344,-0.0344938724739534,-0.19368098233559353,0.6380478230604982,0.9303082434643996,0.13251775785866107,-0.3810032692029754
-0.024894717255898265,-0.02020241871753435,-0.013003789078131956,0.07012816858873348,1.0276055748376145,-0.17366597715195198,0.9303799449769748,0.13213167547077578,-0.38042328117605373
-0.012624763256641013,-0.03294201685196699,-0.020200150749832255,0.48706337925614823,-0.3826539292751719,-0.07988338044630616,0.9304516464895503,0.13174559308289047,-0.37984329314913196
-0.02150923431774511,-0.0543245488052047,-0.017273919678631646,0.7182952120084947,-0.31148676289894733,0.2524647747077271,0.9305250615940489,0.13136160339213604,-0.3792641602125398
-0.03529583776886288,-0.0611677739309246,-0.00542513675162134,0.2764647391073365,0.4014462125847137,0.09541919872476257,0.9306006226921715,0.13098023446227416,-0.3786860981367338
-0.04186684861434707,-0.04596863210095503,-0.006216217217664699,-0.37909116106268065,0.414635330714348,-0.5062390913921675,0.930676183790294,0.13059886553241226,-0.37810803606092797
-0.04877655895823533,-0.036046423444843934,-0.03303973360692627,-0.08769207795968272,0.46918838129890145,-0.6651898310309114,0.9307517448884166,0.13021749660255044,-0.3775299739851221
-0.055379020859723765,-0.060347667078108604,-0.031076290196719224,0.6980292781509105,-0.18083689415280585,0.4573023156216891,0.9308282094934468,0.12983709818278424,-0.37695236504427915
-0.06527645858129756,-0.07114985363889584,-0.022782166841344098,1.0310981448459415,0.7683523252096803,0.16270275132834122,0.9309054455543748,0.12945752842933045,-0.376375143010981
-0.07542434528650296,-0.051162042523168735,-0.018341527201997453,-0.29176214744940343,0.33204152162833683,-0.39744960042503763,0.9309826816153028,0.12907795867587674,-0.3757979209776833
-0.09510280073417697,-0.04244896827311371,-0.00468857258596577,-0.2061553586928574,0.10607536018301422,-0.32803768544101075,0.9310599176762309,0.1286983889224229,-0.3752206989443853
-0.09666780585557672,-0.041887168558979615,0.005201704474274423,0.6809765660999807,0.57139703044878,0.17524026036138451,0.9311369374884875,0.12831945165568534,-0.37464329643287275
-0.07887817987247664,-0.04114148975366629,0.0033515605483100696,0.957419193623844,0.8259077969843166,0.2837519936238522,0.9312138329224229,0.12794087817215724,-0.3740657901168969
-0.07600044619553771,-0.038521911871837754,-0.007712556797164453,0.1467904197023952,-0.14283646435898914,-0.41574527948990614,0.9312907283563585,0.12756230468862903,-0.3734882838009209
-0.1059081260467607,-0.018913506643254627,-0.038637493096179684,-1.2197316133898088,-0.8559744175426722,-0.43617229968111815,0.9313676237902939,0.1271837312051008,-0.37291077748494494
-0.12105877578108329,-0.040600582647501694,-0.04281669971679533,0.3629867808713432,0.2293964276218598,0.12694985759827482,0.9314441657279491,0.12680542780021253,-0.37233306168969177
-0.10467918452709778,-0.050633895863230985,-0.03301539355101384,0.7792653969181821,1.322444618269843,-0.003817645058461494,0.9315205771130005,0.1264272241402762,-0.37175526852993257
-0.08758536329436561,-0.048607307068330635,-0.018244778539322503,0.5358382965142834,0.3169430569723136,-0.24092217640810887,0.9315969884980518,0.1260490204803399,-0.3711774753701734
-0.08691685080765106,-0.037133211827311864,-0.006002702023650204,0.05786383870352274,-0.34848039011071114,-0.23266560998938068,0.931673399883103,0.1256708168204038,-0.37059968221041434
-0.09404416549415505,-0.0229087150321991,-0.00010259795914404119,-0.0904868235918945,0.18109465325387494,-0.052917161530281476,0.9317497055295785,0.12529246068544092,-0.3700218234927381
-0.08144006423167463,-0.01194046523071309,-0.003931516191819713,0.2931672296280532,0.6764134427320293,0.005694313496293901,0.9318259888593694,0.1249140723698193,-0.3694439509387176
-0.026965647888204453,-0.00265723657353875,-0.0248825277136072,0.33129999215727,0.8152708415206188,-0.10566424973432831,0.9319022721891606,0.1245356840541976,-0.36886607838469704
-0.0045330494333671,-0.004741358509989527,-0.0365614046849154,0.8426634248884542,-1.3749055980119955,0.045572616365578966,0.9319785555189515,0.1241572957385759,-0.36828820583067634
0.026305851475023432,-0.005257947084484561,-0.029506895213077013,0.24262834098838426,-0.013366230413746183,0.08598112964930671,0.9320542537690399,0.1237789668746014,-0.3677099935529578
0.059424931710945615,0.013227725145270841,-0.008652201342725516,0.026534393889479292,0.5863396914780697,0.010815165781085767,0.9321299019447395,0.12340064309883089,-0.3671317521997872
0.08243428535600551,0.02986231778926753,0.0007068098774656133,-0.019379545938370452,0.7036686427001857,-0.33837199149845176,0.9322055501204392,0.12302231932306046,-0.36655351084661686
0.08109539458873759,0.029650813179278614,0.001688759992449305,0.28328452016995564,0.24256045585650823,-0.3908762571732787,0.932281179550124,0.12264400570244416,-0.3659752577187389
0.05510349059404869,0.016305987483421828,0.0008239840715145795,0.7681490328203974,-0.4802667802434919,0.1950196365568555,0.9323556982784273,0.12226629377470769,-0.36539630693942604
0.030837453002125766,0.009493849596920172,-0.027870114595649073,-0.07601337511161291,0.8284559002240228,0.34952841232724907,0.9324302170067305,0.12188858184697116,-0.36481735616011324
0.03453738839001036,0.02954706728448314,-0.0407129916944779,-0.3718599029755366,0.20223867673847676,-0.27630633793831727,0.9325047357350336,0.12151086991923477,-0.3642384053808005
0.04177166774176424,0.030228459069819313,-0.042506601295966624,0.49161509287993477,0.3114113234972026,-0.08906549840594558,0.932579614272051,0.12113320702763007,-0.36365966262486704
0.050290825480341056,0.01490742552847808,-0.02360913996121346,0.8851438739638899,-0.005646264621878371,0.2851258767269318,0.9326573446262841,0.12075593279277345,-0.3630825686468294
0.0813968524505817,0.00812220515717306,0.004216349876188932,0.441683317194527,0.4065824828807709,0.11145550000003546,0.9327350749805171,0.12037865855791705,-0.3625054746687919
0.1121296811264615,0.016735256911477703,0.01687707529595654,-0.40866710643998355,0.3935225528489035,-0.24118748299681236,0.9328128053347502,0.12000138432306046,-0.3619283806907544
0.11861585580233804,0.02263057171487468,0.0018077144160383027,-0.5988932540912035,-0.44649387021150155,-0.05938047502647059,0.9328913470598654,0.11962427066206147,-0.36135174739284437
0.11960098768331548,-0.0012697407166835152,-0.024104590744028348,0.7952747873538603,0.39113548898073836,0.5968905876727106,0.9329729882217501,0.11924777039319875,-0.3607768738930216
0.12276583672688644,-0.019368549273114568,-0.02515798325332949,1.1951908968119207,0.14670400120175728,0.1261549128586381,0.9330546293836345,0.11887127012433574,-0.3602020003931986
0.11673467080765051,-0.012587675947926601,-0.023529787631252835,0.09707065014861183,0.409659682041312,-0.2648724697131257,0.9331362705455191,0.11849476985547286,-0.3596271268933757
0.08952890779171205,-0.006934648425717486,0.0021994087300635772,-0.1810377020510092,-0.05033627177376674,-0.012041273113723605,0.9332172018774354,0.11811891254516474,-0.3590517879312787
0.07530284948777882,-0.012991653265250497,0.01615235697554832,0.6458628767482202,0.7689470850700977,0.5580610765143845,0.9332964996280553,0.11774453492029753,-0.3584753777683315
0.07621279786397395,-0.016938251393199513,0.02051762076513294,0.9591156379172165,1.0108438535930029,0.4500304048885333,0.9333757973786752,0.11737015729543043,-0.35789896760538426
0.06745439667906569,-0.010558968923485772,0.01773361053625665,0.2426615581083983,-0.2692965091918042,-0.2491514702444224,0.933455095129295,0.11699577967056324,-0.35732255744243696
0.02552794846450269,-0.0038262386348552942,-0.00794769739113497,0.08681329887352203,-0.5917176276409433,-0.093082049946835,0.9335329472688629,0.11662113414346433,-0.3567453290860785
-0.017565590385011556,0.012386301355970644,-0.02609421834347298,-0.14647153874599153,0.21594693843613189,0.33142027258231543,0.9336086159334042,0.11624608397236982,-0.35616686491675525
-0.020814697132093506,0.0075013219171095,-0.03192012279594718,0.9339454801275153,1.3265689491478585,0.03443154835281881,0.9336842845979455,0.11587103380127521,-0.35558840074743164
-0.01352532119394181,0.009811033096705985,-0.017845768150901706,0.47173049683308443,0.410319912548345,-0.1556735557917257,0.9337599532624868,0.11549598363018052,-0.35500993657810814
-0.02949471238628856,0.017493345437831258,0.010651225478211715,0.2832968878639591,-0.17922116813162114,-0.04433015940491103,0.9338347341693234,0.11512099099893731,-0.3544309425363088
-0.04711709811424019,0.022866412228480345,0.03121677332093521,0.025039415494151285,0.47686190498205394,0.16020714240170086,0.9339086049380092,0.1147460573581296,-0.3538514052639034
-0.04438683508660828,0.02826836732731286,0.03341709866099832,-0.23130139371937464,1.1228515072986445,0.12672157066946,0.933982475706695,0.11437112371732192,-0.3532718679914983
-0.026071561461000512,0.03988758440063818,0.023561217794263532,0.4523900285547024,0.05110417137921557,-0.1984223453772671,0.9340563464753808,0.11399619007651432,-0.3526923307190931
-0.004263475775132447,0.03234488592029741,-0.004881882882678518,0.8111415506588802,-0.40840135695312696,-0.06356782784271786,0.9341295230889125,0.1136213278129648,-0.35211238751682594
-0.03258730585738895,0.04478770212005449,-0.020229505893413026,0.35543523500526275,-0.3712594977402097,0.22544398724764214,0.9342022157492029,0.11324651531243352,-0.35153216130711973
-0.02680357328862989,0.050927558091073084,-0.013965776619056855,-0.009088305611030911,0.7966721686131862,0.07871692773646366,0.9342749084094935,0.1128717028119022,-0.350951935097414
-0.020271110408714023,0.05447868919096716,-0.01685164662752907,0.10932135873539861,0.2910691231714989,-0.13123078746015437,0.934347601069784,0.11249689031137078,-0.3503717088877079
-0.016614797686078178,0.040915427620612496,-0.009471089478676881,0.4935353740170554,-0.20773500327121924,-0.22007650265674528,0.9344196747608926,0.11212217302337928,-0.34979111795961726
-0.010150922833688125,0.020921738832518584,0.0075688754803300935,0.5419539917332937,0.011257706427984213,0.08730867587668634,0.9344878642659984,0.11206156686533889,-0.3494048908610574
0.0026336684927744484,0.020218049127948768,0.012840073839522952,0.01741829082571781,0.10597990918466255,0.6740334601487543,0.9345487365178888,0.11263948681721601,-0.34941416388947927
0.02109461029585926,0.015554582395750562,0.018071695128573914,0.02320288123270489,0.9728416127550524,0.11403906588730806,0.9346069461636557,0.11344975400106305,-0.3495673517215729
0.0488389962788513,0.025507013660360966,-0.003687717060582815,-0.16916655550477533,-0.773725062058675,-0.21867553560041308,0.9346653236308893,0.11425958524867179,-0.34972066342189156
0.0799011524000018,0.014364722916045918,-0.008674917047463109,0.6167980947928273,-0.18322038616108544,-0.07649215090328276,0.9347237484094935,0.1150692935993626,-0.349874010042508
0.11469079834112231,0.016281097117639906,-0.01723589135924216,0.4051484334963608,0.2689325539015127,0.2500851434643572,0.9347821731880979,0.11587900195005327,-0.35002735666312434
0.15075501959128504,0.020879822814877748,-0.015208383193956633,0.07387469500106313,0.5576882831045081,0.20617985334751232,0.9348405979667023,0.11668871030074403,-0.35018070328374074
0.1747323168176411,0.024853846968969702,-0.011217816528708251,0.049115216539848794,0.5144777358445122,-0.062340175345379834,0.9349047361140632,0.11749479712008531,-0.3503376600000001
0.17699006423910785,0.02417250577662368,-0.010963282932537071,0.31049538801261706,-0.013836657447975438,0.001602681190174593,0.9349696865887354,0.11830036902975571,-0.35049513
0.17290274285377247,-0.004558262141126398,0.02818265841178116,1.4939580219447517,-0.01687881859581279,0.43719966843783453,0.9350346370634078,0.11910594093942638,-0.35065260000000004
0.1851149886216801,-0.011120834281403306,0.027803675103554984,0.22195241694994783,0.9838391073550413,0.21224570031879253,0.9350995875380802,0.11991151284909693,-0.3508100699999999
0.1774322627891613,0.0025992916347488053,0.02802539890488429,-0.6482070286396718,0.06687216624908518,0.002822362380465293,0.9351670694899044,0.12071618954091412,-0.3509690792773645
0.15404749105494145,-0.00847206701275246,0.007617741401058385,0.054341685462278466,-0.06488379254834419,0.19860497874601712,0.9352346271696776,0.12152083945271008,-0.3511281346014878
0.13160188191572622,-0.026625580750904824,-0.012503889436447068,0.6497172449521875,0.05699089600001104,0.36704394155154496,0.9353021848494509,0.12232548936450616,-0.35128718992561114
0.11553706961409234,-0.03514933414346462,-0.017391506172579504,0.4163391424655161,0.46934651241190806,0.0020808267800926927,0.935369808671626,0.123130102583422,-0.35144628843783215
0.10079204151540883,-0.02687192916843738,-0.010845628588223435,-0.1886055837832141,0.9322496685851347,-0.5428202794898933,0.935438362621325,0.12393419980871438,-0.3516059942826781
0.08138644101700039,-0.001983903954878164,-0.009646645285416937,-0.29982383974475346,-0.02681491933512886,0.14874595961751425,0.9355069165710237,0.12473829703400673,-0.3517657001275239
0.055555905129650945,-0.005958281663442928,0.0010507042345092661,1.5295301719446242,0.03610552169604259,0.9421694420828395,0.9355754705207227,0.12554239425929875,-0.3519254059723698
0.06771523997555837,-0.013927675026567714,0.011735983694049197,0.7245598586609692,0.553193720402433,0.35353284059508994,0.9356443933333334,0.12634611230180687,-0.35208535054197665
0.08705873374495468,-0.017665260663124623,0.017703947285866647,0.08407105580758817,0.22668765322947765,0.045482460148754456,0.9357152266666667,0.12714786637194503,-0.35224653158342195
0.09188636404463366,-0.03219387842932936,0.006304799123274219,-0.33939437990965254,0.0542657116847444,0.019539004250793468,0.93578606,0.12794962044208308,-0.35240771262486725
0.0980077255749212,-0.05873011959830101,-0.004564051885759687,-0.06792967212535311,0.20146553453916755,0.2815047183847188,0.9358568933333333,0.12875137451222124,-0.3525688936663125
0.12010536751328701,-0.08974737345377656,-0.0034691371639751552,0.7895537394793147,0.5458449845707872,0.5223671636556322,0.9359283605030111,0.1295523335855476,-0.3527305056110521
0.14100141897980892,-0.1140445491944746,-0.008319071624866997,0.8880565300956909,1.0537739948994658,0.14264814984060337,0.9360016576195536,0.13035099742614262,-0.35289336161530294
0.13576515202975528,-0.09730715508182691,-0.012716985131774949,-0.39643859487786015,-0.2979111207014679,-0.026033641870359503,0.9360749547360964,0.13114966126673777,-0.3530562176195537
0.11783583839522,-0.08663701797460273,0.007904348910333415,0.10337973175338516,0.09339082467580877,0.02600504250796476,0.936148251852639,0.1319483251073328,-0.3532190736238045
0.12693256793744911,-0.07550785346531379,0.02751179502537513,0.5385787122210317,0.8764741945377125,0.23800142826779513,0.9362223465781084,0.13274606252922447,-0.3533824661849097
0.11762703873251695,-0.05796590222390929,0.030791910185445477,0.5587330629117824,0.814360606546194,0.2118990053134837,0.9362979051505491,0.1335420997003191,-0.35354684348565363
0.0928479179228506,-0.036949732951755666,0.012740800445944556,-0.11233237772569832,0.2274735551116498,0.09511340807651791,0.9363734637229897,0.13433813687141355,-0.35371122078639744
0.06745354096556883,-0.024931857498830957,-0.016683817116355564,-0.5055233503507075,-0.2091954099681095,0.12801926780021056,0.9364490222954305,0.13513417404250813,-0.35387559808714136
0.044609142393835226,-0.029683495270350285,-0.034983525088193024,0.754879336142413,-0.12353682021241351,0.27197063336874727,0.9365243168933759,0.1359302415132841,-0.3540398181509034
0.030468279981935374,-0.024895416895855935,-0.019044926984448526,0.8948053555897855,1.3426994164504589,0.1711957874601584,0.9365992864116188,0.136726346297556,-0.3542038445802338
0.03133737626216791,0.007306828591604721,0.01878507109339814,-0.24542472120085168,0.6473617019978614,-0.06407652709883216,0.9366742559298619,0.13752245108182803,-0.35436787100956435
0.020341504824547094,0.04209140303602883,0.031722147013299035,-0.1468431339957142,0.35191186575979905,-0.1798143485653636,0.9367492254481048,0.13831855586610017,-0.35453189743889496
0.004593826639746275,0.05297414972603628,0.036256503842203504,0.6112214773410518,0.0028460812327721977,0.349347472901103,0.9368245959015232,0.13911394202975574,-0.3546962078639746
-0.0032702510193942428,0.03841793960063723,0.022516576551023713,0.9768333783740668,0.021381254325200445,0.6520132008501562,0.936900303018066,0.1399087247715199,-0.35486075675876744
-0.002952218522369994,0.01583180526482327,-0.0048076293129525475,0.22784337104125618,0.40686499096815987,0.2266797757703749,0.9369760101346086,0.1407035075132841,-0.35502530565356016
-0.005407373460998524,0.0029499800044641344,-0.021264911640261945,-1.0616495614347095,0.5220158818080484,-0.37009321147717067,0.9370517172511512,0.1414982902550481,-0.3551898545483528
-0.011723661211902346,-0.008768393937301687,-0.017157007475325625,-0.05973601977680883,0.1355999487580876,-0.08121580446333176,0.9371281379064825,0.14229191758767293,-0.3553549091392138
-0.0159183926759835,-0.04314569185866514,0.031722777588008684,0.8340090882997881,0.5752661411066936,0.1144960340064003,0.9372049616648956,0.1430848921891608,-0.3555202494155155
-0.01437125061679078,-0.05218611410520699,0.05621872318916844,0.56392846984062,0.39826396348710225,0.8644750573857163,0.9372817854233085,0.14387786679064848,-0.35568558969181735
-0.025074664975664858,-0.039610945267799395,0.05552207456430287,0.19259721493303691,0.2988008053149294,0.3363766918171702,0.9373586091817216,0.14467084139213637,-0.35585092996811907
-0.037936899558343444,-0.02386465735175184,0.02358421895303579,-0.23016181124767665,-0.027324312315694748,-0.5198585982997592,0.9374357809210061,0.1454631604729015,-0.3560165260573859
-0.050559083328904735,-0.017971803664505705,-0.011063913137076177,-0.15497517098835334,-0.300796493897681,-0.6247866578108692,0.9375130784838823,0.1462552425292245,-0.3561822146439958
-0.06941976594048999,-0.018537836528479682,-0.014158581212061252,0.5849426195961404,0.1360274327014405,0.13340728374074473,0.9375903760467588,0.14704732458554762,-0.35634790323060583
-0.08939427553517942,-0.005956661083317754,-0.0067918219582394045,-0.025334262945806096,1.0442972476727421,0.8829294133900909,0.9376676736096352,0.14783940664187054,-0.35651359181721576
-0.055609135096706536,0.011736275025929386,0.02256325324261346,0.006317703345376423,0.6583721881615483,0.20470720297557676,0.9377465843499824,0.1486293394952181,-0.3566803898618492
-0.035840289462591796,0.010555319034643785,0.0341070895130718,0.48872091080981267,0.35378451685439866,-0.3379730255048159,0.9378258257917111,0.14941883176195572,-0.3568474153453774
-0.010009124359514213,0.013312046944951599,0.045855543092134673,0.16171357970251493,-0.530002390265549,-0.4102926259298716,0.9379050672334397,0.15020832402869308,-0.35701444082890543
-0.0013110244315195614,0.021894589345589646,0.03299400690988355,-0.06561756504250964,-0.5169184204406607,-0.14530906482465866,0.9379843086751682,0.1509978162954305,-0.3571814663124335
0.0004868445183223427,0.019128663447607032,0.0056963002884151456,0.18489987507442404,0.6975461158942337,0.2667320425080053,0.9380663062167907,0.15178357751859722,-0.3573503876514347
0.014798308163974136,-0.004486490848882077,-0.005880660791711878,0.5435236296493022,1.5816252852300747,0.48679974601492404,0.9381485262238753,0.15256903758129645,-0.3575194620191285
0.01589012310233796,-0.026988109451647174,0.00462708220021253,0.5849271916471841,-0.01289891326105304,0.014746447396387197,0.9382307462309599,0.15335449764399572,-0.3576885363868225
-0.019196760982256145,-0.04964952765568752,0.02139259906525127,0.19105619568540488,0.12230873995931218,-0.22731664930926776,0.9383129999787461,0.1541399234558981,-0.3578576328055261
-0.04169488464367524,-0.04578439675451701,0.027782173636025077,-0.5557502061423392,-0.5435389475851174,-0.2186740924548385,0.9383968462876373,0.15492373263018056,-0.35802777003188113
-0.06187991423910757,-0.0546355469503721,0.034306011479808794,0.28380559798088834,0.16599063602839917,0.008769442082893875,0.9384806925965284,0.15570754180446333,-0.35819790725823597
-0.05890123742295223,-0.059027631400637444,0.03890567185015971,0.5776423392135527,1.0339350334570625,-0.03666835069078367,0.9385645389054198,0.1564913509787461,-0.358368044484591
-0.04778080964080766,-0.05030542044803527,0.03340743962210529,0.09422667676942739,0.7957520520763305,-0.16250209989373587,0.9386485357775418,0.1572750849606801,-0.3585382787141339
-0.04906165759192354,-0.03565265430573843,0.018453981253984862,-0.02053489876724493,-0.24501586035698156,-0.1663693347502715,0.9387336780056676,0.15805824694367698,-0.3587092508607864
-0.04878671331986964,-0.03062629450265711,0.010050604863124738,0.803710265781053,-0.20438333867364267,-0.36346896493088465,0.9388188202337939,0.15884140892667384,-0.35888022300743894
-0.024705485625931167,-0.03369954882646105,0.01373335005316397,0.5399363911796105,-0.001819423562094045,-0.030193130712024896,0.93890396246192,0.15962457090967055,-0.3590511951540914
-0.005706885856003541,-0.017772659515621014,0.015028104836922145,-0.10100452986187447,0.8880766798981016,0.11842172688629837,0.9389889968366986,0.16040862216790652,-0.35922203885228493
0.016887141572266645,-0.004489291497554123,0.012851682466426297,-0.22711497353878488,0.8350709891233234,-0.14351219234861468,0.9390736294048885,0.16119598641232746,-0.35939240401700334
0.032261841834749845,0.010756333619765551,0.0163786763431169,0.305762678692845,0.22284608449041482,-0.2574788629117979,0.9391582619730783,0.16198335065674807,-0.35956276918172164
0.03454849080658834,0.01256587756886211,0.03397590314484971,0.675950593804453,-0.20400349578591923,-0.053420803400618055,0.9392428945412682,0.16277071490116898,-0.35973313434644
0.028081841311371498,0.009827712635809505,0.05144424490421289,0.3224908268544967,-0.0961271953821672,0.25311439744950803,0.9393278912114771,0.1635598749628055,-0.3599035750053135
0.023613956472901286,0.03410078785897994,0.03942210196367944,-0.19562649221043715,0.29073930302384154,0.27449869819342787,0.9394137095713779,0.16435308774707752,-0.36007418603613184
0.020211202899787187,0.02931543579457993,0.024962537454601468,0.6052516682572245,0.8511028981145367,-0.2745238533475387,0.9394995279312788,0.16514630053134977,-0.36024479706695
0.02580554555897932,0.02861593418735394,-0.004391940748280545,0.14961154519665276,0.4548720417819712,-0.6699142693942175,0.9395853462911796,0.16593951331562162,-0.36041540809776834
-0.0038855629253979115,0.043645411248671336,-0.02094804225495069,0.03458781885866137,-0.11003187607141299,-0.281217142933059,0.9396712378391783,0.16673496637725826,-0.3605859078002125
-0.03181650736822707,0.04286355668862828,-0.019873247468340998,0.4722649160808184,0.3623440760437747,0.25402350478218594,0.9397572380375487,0.16753374521147726,-0.3607562422316684
-0.039312097065675636,0.029831809500532755,0.008605994101371627,0.7548600760892813,0.6781479488818836,0.3583076014878106,0.9398432382359192,0.16833252404569604,-0.36092657666312444
-0.03310408634505845,0.01793499884909672,0.053857225824056505,0.37046667961743046,0.5113512251733705,-0.15543060042507761,0.9399292384342898,0.16913130287991499,-0.36109691109458025
-0.03596468987247808,0.01161399308926592,0.07913104306412161,-0.36702597383634783,0.7932227419855572,-0.803440411264555,0.9400167765710237,0.1699310799713072,-0.36126806422954305
-0.05780844461636375,0.00250346356854485,0.043762964825120654,-0.4062193431243326,0.0043741557377290465,-0.16963951222109408,0.9401058654622743,0.1707318636386823,-0.361440042890542
-0.07709957719319892,-0.03424981890223205,0.006138577672149859,0.7749733133262608,-0.10624179745433132,0.20467645589798522,0.9401949543535246,0.17153264730605747,-0.36161202155154093
-0.09692142403252071,-0.05241069269288141,-0.0269626853808831,1.0106996112646174,0.3455149992347506,0.5232747986185213,0.9402840432447751,0.1723334309734326,-0.36178400021253987
-0.10268150725047828,-0.040170929591925225,-0.022267035900175494,0.15697839951124737,0.4096138370462425,0.1630675483528634,0.9403742566843782,0.1731347179521786,-0.36195660801275237
-0.10876264220903323,-0.020935419086503402,-0.004145684726851936,-0.15081418153027243,0.31189647345469035,-0.682976622741787,0.9404652407934821,0.17393634985759837,-0.3621296469713072
-0.11175217956482292,-0.013622369931350135,0.020536844994194517,0.3087694568331749,0.23291968429417262,-1.0435262911795,0.940556224902586,0.17473798176301825,-0.3623026859298619
-0.09830928802816193,-0.013954595573858551,0.052321522579738065,0.4099718336238132,0.0579107784281023,-0.26307440382575287,0.9406472090116897,0.1755396136684378,-0.3624757248884166
-0.09130598102306034,0.0026850822029757457,0.030192936264113315,0.25202055696492215,-0.06912817327216175,0.352102291179623,0.9407375333545873,0.17634123375451655,-0.36264838633368757
-0.08458770904388865,0.007860708612115436,-0.010735081362984435,0.010619319642901998,0.8588506594590412,1.0972793283741655,0.9408275596103437,0.17714284850053158,-0.3628208772157281
-0.07972208700329454,-0.0017236727192343447,-0.029560023803897276,0.4851493014154901,0.3171594549212491,0.018723760892726204,0.9409175858661001,0.17794446324654623,-0.3629933680977684
-0.09037981405617508,-0.005730442485015976,-0.02535020537213611,0.29889592565353507,0.2489987552400367,-0.8444268607864291,0.9410076121218562,0.1787460779925612,-0.36316585897980885
-0.09973921827895901,-0.0010382211013802009,0.0033863694480695383,-0.09776982269929886,0.17639445718468966,-0.6004178894791359,0.9410958327346794,0.1795473808182786,-0.36333730142401705
-0.09858763911020216,-0.0034715184994680032,0.03692692445327468,0.014871552189136661,0.2239492797182207,0.13310534750264758,0.9411835565568544,0.18034859782465468,-0.3635084554091392
-0.08875794293591828,-0.021521087719447784,0.04976131544796118,0.7211183187141603,0.659768319628954,0.44150928799151856,0.9412712803790294,0.1811498148310309,-0.36367960939426147
-0.07502630405175217,-0.02712377515409196,0.0389098400665628,1.0760395148672492,0.34525106427725116,0.7018293379384701,0.9413590042012044,0.18195103183740693,-0.3638507633793836
-0.08670080564580213,-0.02192431887353888,0.004356346435316245,0.2865103668331699,0.0624932274228149,-0.2602552635494,0.9414475075345377,0.1827510437555792,-0.36402248960680145
-0.10630586583708974,-0.011051856190264811,-0.03652632693408174,-0.9350902668970134,-0.45573650949965383,-0.699062056323088,0.9415361174991144,0.18355089082678017,-0.36419429411264614
-0.10196833387109587,-0.01945260773627904,-0.025303258920797815,0.03297397375115607,-0.058721076481618485,-0.27905435175352267,0.9416247274636912,0.18435073789798087,-0.36436609861849095
-0.09348709332252925,-0.03223942281721568,0.002903251210979923,0.8631123053134957,0.6442182112123626,0.35672080871413137,0.9417133374282678,0.18515058496918183,-0.3645379031243358
-0.08467253612072131,-0.02708587892157029,0.028046171291989924,0.5896579318171418,0.6978703494290924,0.5134690074388555,0.9418091821962452,0.1859443874707759,-0.36471441012752404
-0.06790565485632506,0.0022777589555763086,0.03714335373740748,-0.018195307948998696,0.12306328696792607,-0.00392147927730413,0.9419052116826072,0.18673803564293304,-0.36489103719447397
-0.046436108613602554,0.034077971191285986,0.004863335566337016,0.09658423309245724,0.23365518713162156,-0.6714312901168977,0.9420012411689692,0.1875316838150904,-0.36506766426142406
-0.04741658425611059,0.04725934028905558,-0.022298695273411065,0.3814256740064049,-0.8113193483626501,-0.8460845717322165,0.9420974672121858,0.18832499939426164,-0.365244432964931
-0.06343034134516357,0.047413286683315646,-0.03279271458647468,0.3816576568969198,-0.008073052294579528,-0.22176868650376846,0.9421962831810131,0.18911393257173228,-0.36542306793836343
-0.07094829870818287,0.05130842327098843,-0.02429076631246795,-0.15759176128588098,0.6402565525089003,0.8301963198725009,0.9421640446169953,0.18873267715683775,-0.36554548220695093
-0.060501827780018905,0.04461701807970078,0.0035809111153166586,0.2347901270883304,0.7060087709148104,0.5862852082889205,0.9420876776053844,0.18795739793482097,-0.365648965940489
-0.04365923306695082,0.03653305455047817,0.03321880818080562,0.6668305570457211,0.4187207452294176,-0.419775860786352,0.9420091997272406,0.18716012008855826,-0.3657516173007439
-0.036411947776408285,0.0352505369638681,0.04687919575013538,0.2847486712901081,-0.018813294281784552,-0.7979134867162347,0.9419323495005314,0.18636154353878848,-0.3658553345377258
-0.044784634387887844,0.030490129059509492,0.03697806176391772,0.03972261074811902,-0.5519663633571246,-0.15297141232727895,0.9418554992738222,0.18556296698901859,-0.3659590517747079
-0.06566570978458992,0.01729654261955426,-0.022592713460159234,-0.12822085592560345,0.3700324743685506,0.10036749309244364,0.941778649047113,0.18476439043924894,-0.36606276901168977
-0.07056761061285885,0.006085549010626469,-0.04281026095266419,0.6421210054516855,0.5877764520944445,0.45400278958556406,0.9417001444845908,0.1839662848161529,-0.36616548065887367
-0.05764550463049709,0.0028060303198723033,-0.03540024144484324,0.7578829110520631,0.7050782397565114,0.14703587141332264,0.9416169657669146,0.1831695097477859,-0.36626535111583436
-0.04799510606971322,0.013591582013814515,-0.005954624228218366,-0.1773739448458621,-0.16391715682156457,-0.4028435844845717,0.9415337870492384,0.18237273467941897,-0.36636522157279505
-0.043116862225610765,0.023373021561105253,0.026868780723062875,-0.469400282561045,-0.48299637883005636,-0.511617281615278,0.9414506083315621,0.18157595961105197,-0.36646509202975575
-0.035426257645378864,0.022908366328905874,0.04293541122315986,0.26121039182782907,0.19969869789676067,-0.10878155366635056,0.9413666153099539,0.18077774465958202,-0.36656459691817234
-0.02379588539989365,0.0206576001530286,0.03227578820022245,0.46120211987246346,0.37286900572885767,0.21393391498405379,0.941281154647538,0.17997693456996097,-0.36666344293305003
-0.027911775155473204,0.025713169119022668,0.003126266514040675,1.112494326567529,0.8687857556757687,0.4749983783209544,0.9411956939851223,0.17917612448033984,-0.3667622889479278
-0.03241339387948948,0.028812118855472593,-0.02399000537897421,-0.08098928831018748,0.12447493975444748,-0.06208726036126322,0.9411102333227064,0.1783753143907191,-0.3668611349628055
-0.04331179581647176,0.044658380835281494,-0.04139918948425122,-0.03321650202975768,-0.5159309533852215,-0.5356839399574884,0.9410248803861141,0.1775702888622033,-0.36696036323060577
-0.05749963020797154,0.0465482157598294,-0.016649208955170337,0.32838442407017104,-0.10399406260369631,-0.5000789766205926,0.9409396579064825,0.17676015839851206,-0.367060054410202
-0.059842009039001956,0.0444496723400636,0.024621398829434454,0.4397109617959755,0.23275214820352325,-0.0524509043571193,0.9408544354268509,0.1759500279348211,-0.3671597455897981
-0.04812520785015931,0.045080421717321975,0.04960906051616969,0.1596818796918139,0.4483449067153852,0.360158973432517,0.9407692129472194,0.1751398974711299,-0.3672594367693944
-0.0324378853285842,0.04165124422529177,0.04325557215832735,-0.2008208228373718,1.1527860591902384,0.29623002444203195,0.9406813897449522,0.17432954887778934,-0.36735762138150907
-0.008893296391286071,0.03682568551328415,0.00335555182081972,0.16285360948984356,-0.20921159086279736,-0.21388326461206653,0.9405914189762663,0.17351902016223864,-0.36745456193411274
-0.006593293303081772,0.03154252365993612,-0.016968004918956777,0.9956712750584646,-0.2444824684398063,-0.872636625929875,0.9405014482075806,0.17270849144668782,-0.36755150248671636
-0.015052940302870311,0.03565602575186026,-0.01605499866848795,0.1834518305418542,-0.2416789890657052,-0.30382397024433594,0.9404114774388947,0.1718979627311369,-0.3676484430393199
-0.023656526484590407,0.0438564573421886,-0.00666016016524505,-0.04527170952179484,0.46671850836284434,0.37333962061632775,0.9403219925894437,0.17108767598689334,-0.36774565537725823
-0.022580938759829666,0.050734916160467707,0.006270970112303061,0.1579936971200929,0.8072610008602403,0.38377691392134317,0.9402327773467942,0.17027752349769743,-0.367843018512221
-0.017454192122210662,0.05598468969819431,0.017000486642583502,0.4202300493624172,0.36410260774682024,-0.1614363522848734,0.9401435621041445,0.16946737100850143,-0.3679403816471839
-0.018700663631455977,0.06523016598193329,0.01816388913234073,0.46438276015944835,-0.25669076323006595,-0.630899209351746,0.9400543468614948,0.1686572185193056,-0.3680377447821467
-0.01665264727948914,0.08217284674707807,0.005208214808605805,-0.40600896160466593,-0.36083443443091573,-0.7464131094579969,0.9399702824583777,0.16784547689302154,-0.36813828202975557
-0.00023566356801042222,0.09306549505632455,-0.007168411941161856,-0.18606452270985285,-0.2321127205740035,-0.14943257226346596,0.9398880411052072,0.16703317281934094,-0.3682399426992562
0.028311298882039343,0.077578033207227,-0.021378471827173583,0.7201609799999658,1.2705138848134323,0.5854097428267551,0.9398057997520368,0.1662208687456606,-0.36834160336875676
0.07230425114134187,0.07203613142614237,-0.0028089189973039344,0.6190509039319567,0.765754996991945,0.25416479489899935,0.9397235583988663,0.16540856467198004,-0.3684432640382573
0.10017738671519535,0.06693425255154187,0.01579763984060321,0.1946698744155545,0.00021585754431758465,-0.3884640743888852,0.9396355070563231,0.16460201376939426,-0.36854106490967065
0.10789248914505842,0.057651261958023566,0.018582771980506587,-0.14199261320403134,-0.1960143341677539,-0.5414402996812004,0.939546299496989,0.1637966077764788,-0.36863809766206174
0.10817383180021199,0.04417573592773446,0.010186114323639533,-0.1870561137087591,-0.06847404247802653,-0.11589316790646187,0.9394570919376549,0.16299120178356338,-0.3687351304144528
0.10298797176089079,0.01604821938363632,-0.00423138618646505,0.631017246546202,0.5826867738020707,0.18410712221037961,0.9393678843783209,0.16218579579064826,-0.3688321631668438
0.12236325403294351,-0.0026779089373005875,0.004251266446248805,0.8834705749202955,1.2290433260433438,0.5299652720510064,0.939273392228126,0.16138023649698893,-0.3689260918172157
0.10453447318809597,0.017855641228482353,0.01380341661640467,0.09371594934105176,0.11650527142049996,-0.06274539532418011,0.9391784990152321,0.1605746655688981,-0.3690197848884165
0.06981144424017346,0.032665719892666464,0.005993149396615427,-0.399154623262455,-0.2767908256676079,-0.5178281307119743,0.939083605802338,0.15976909464080766,-0.3691134779596174
0.04471663127630174,0.03582560023485652,0.004478359807746886,-0.05843130788522477,-0.19810701811215786,-0.28667041020190887,0.9389886277860432,0.15896348541091027,-0.3692071242295431
0.03233375634750183,0.026591743866098038,0.0011340007833701145,0.5000034814240357,0.22235555236538698,0.16414615727950732,0.9388903283032235,0.1581563760269215,-0.3692989374495219
0.03276091140063573,0.013966721883740589,-0.012821205866942369,0.3642975525186757,0.6225216711106397,0.22742507120086763,0.9387920288204039,0.15734926664293303,-0.36939075066950067
0.054520178939426005,0.017012979490967167,-0.0188934165577683,-0.510189510371934,0.18045126919668011,-0.017721700318812594,0.9386937293375841,0.15654215725894427,-0.36948256388947937
0.04646522056960595,0.023838911225292934,-0.032628613682034395,0.10364536104151267,-0.05339102230176738,-0.2573052391073585,0.938595583329791,0.15573497258590135,-0.36957447387885245
0.058058030516471,0.006413728990436898,-0.014293511880303365,0.5649730816896639,-0.051731699146588664,-0.30084561742826565,0.9384985592773645,0.1549272375239106,-0.3696670912858663
0.07268829906163703,0.005598029236131907,0.012422722368776956,0.5130369256641811,0.2256725672700211,0.08617345802339393,0.938401535224938,0.15411950246191986,-0.36975970869287994
0.07647295169500579,0.018029425707755183,0.02134900692402711,0.10237122274184107,0.60449243651899,0.015104723698252442,0.9383045111725115,0.1533117673999292,-0.3698523260998937
0.0686845162646093,0.029793093283741932,-0.0036022103117843546,-0.31412377513289425,0.18774653180107184,-0.22138640807651733,0.9382084315196598,0.15250408909032914,-0.3699454994261424
0.05067346556322932,0.03043623101530245,-0.042104567768319105,-0.17755604862907065,-0.5722401591971524,-0.21129009989372705,0.9381157843960326,0.1516966170538432,-0.37004069330499473
0.02150880274070461,0.020843244664931614,-0.048590191669366324,0.7160157802763548,0.023393111854539204,-0.08797865993630616,0.9380231372724053,0.15088914501735745,-0.370135887183847
-0.003342022204043983,0.014954780201911641,-0.038976042581950664,0.3033344323484713,-0.24816620551115542,0.4331018905420958,0.9379304901487777,0.15008167298087113,-0.3702310810626994
-0.00476316563772591,0.01807643936450608,-0.002308754659600662,-0.02010642636558657,0.733813421363566,-0.10945934962808757,0.9378383778285512,0.14927476842578802,-0.3703265515090331
0.0002942004989365376,0.042456151173216605,0.01696051395274218,-0.5978690926141663,0.604275114009322,-0.5415425185971898,0.9377474492065179,0.14846911989620964,-0.3704226340913923
0.008314307848036124,0.04693214476514132,0.020733344319374597,0.10523687970278894,0.1025862716074413,-0.2821015462272687,0.9376565205844845,0.14766347136663097,-0.37051871667375147
0.019885083510096647,0.039162162002124946,0.0020753451822844745,0.6961768979808509,-0.05721890548061051,0.20932811477154445,0.9375655919624513,0.14685782283705265,-0.3706147992561107
0.028905934721573046,0.03593508606376157,-0.02432020695692597,0.24974230467595468,0.07204465972448713,0.3658528788523121,0.9374750944987602,0.14605214879206513,-0.37071114115834236
0.026091598944738385,0.038294661512219844,-0.03414236230018317,-0.37652536286927407,0.04966981599983339,0.04416145058433685,0.9373852261742827,0.1452464375154089,-0.37080786145589795
0.02113143111795897,0.033558989814025705,-0.060371877265106885,-0.3207041317108752,0.6432523530300666,-0.5441991370881691,0.937295357849805,0.14444072623875298,-0.37090458175345375
0.01325427666525044,0.010011329176410191,-0.0292898565849847,0.5406079824228769,-0.0901767631228361,-0.1312101785335127,0.9372054895253277,0.14363501496209694,-0.3710013020510096
0.003014544231665587,-0.02221358599894634,0.003946422883677431,0.8045578011265011,0.30515679660095907,0.40324368969196556,0.937115181434644,0.14282980620191257,-0.3710977227417641
-0.0024186980631246136,-0.04460149551328535,0.027923924946369555,0.3046128351965226,0.30102379823732484,0.3863444920297283,0.9370244372121855,0.1420250958051716,-0.37119384630180663
-0.004788724505207084,-0.04974912105632351,0.01669484254467047,-0.3304167151540551,-0.010666332262090596,-0.3072375632305224,0.9369336929897272,0.14122038540843065,-0.3712899698618491
-0.005380414859298852,-0.047252432950052214,-0.02295537610367166,-0.4129376223891039,-0.1673841620028547,-0.7889185270989785,0.9368429487672689,0.14041567501168975,-0.3713860934218916
-0.00046456489904228484,-0.04925362602901174,-0.0570081291084496,0.2961840969820475,0.055790375718812214,-0.18514965993616883,0.9367515801877435,0.1396110108296137,-0.3714818543039321
0.012119643418703037,-0.04861648206620613,-0.06885089382543852,1.280539960706768,0.5706805236252236,0.43235296493093855,0.9366597910343607,0.13880637777824997,-0.3715773708820405
0.020504598784695405,-0.047744002591285764,-0.05200846774449798,0.1394916876038823,0.7997032462606783,0.2043530286929336,0.9365680018809777,0.13800174472688634,-0.37167288746014887
0.026347944763018667,-0.018649600953662374,-0.015022802766862318,-0.5484884242753139,-0.013986236842466495,-0.2574033368757238,0.9364762127275947,0.13719711167552226,-0.37176840403825717
0.015037882675027545,0.00216667827481329,0.0051540913290956045,-0.08014401738580679,-0.056281795777542276,-0.457107209351749,0.9363759156252214,0.13640129998653908,-0.37185819363443146
0.007006009681084108,0.007081145175452752,0.003468290977179914,0.4550758455259879,-0.07446890756953888,-0.2148592624868293,0.9362718485334751,0.13560939716471834,-0.37194544552603614
0.001233211829965981,0.00022612365571572055,-0.023638894913641392,0.4920165926992226,0.2142253941982025,0.07306416790647496,0.9361677814417286,0.13481749434289736,-0.37203269741764083
-0.009510962980871614,-0.007313509238044891,-0.06571694746304521,0.14765560385762397,0.9781714680127976,-0.015037009564286663,0.9360637143499824,0.1340255915210768,-0.3721199493092455
-0.004540195495428652,-0.0013852711615286635,-0.07986392354941717,-0.42360174827863667,0.04266058496924507,-0.17104580127526248,0.9359561299362381,0.13323829150478217,-0.3722047459404889
-0.012305477688056479,-0.009117120566419836,-0.07199012099893615,0.5741033822211876,-0.22185126591288962,-0.05851863868223539,0.9358476013992206,0.13245222697839143,-0.37228888352816164
-0.009178058339001153,-0.03352893536981868,-0.03886489574920388,0.5665863061317777,0.40620465481292506,0.0641576865037159,0.9357390728622033,0.1316661624520013,-0.3723730211158342
0.005208597083949643,-0.051002336631240534,0.005177365613168221,0.8314796464823861,0.5239001006786992,-0.06011897768327401,0.935630544325186,0.1308800979256111,-0.372457158703507
0.013898730716259558,-0.05882072714768372,0.013257178863786455,0.2838010744737647,0.30719167190073526,-0.26544609776836303,0.9355225590400282,0.13009793553205776,-0.3725413257173222
0.013826409382571762,-0.05780498689783218,-0.021056078469629053,-0.2918977776514393,-0.026719679427585866,-0.27739161849097016,0.9354146451682607,0.12931628609493429,-0.3726254965993625
0.01744587845164318,-0.05623454467661793,-0.07076218397182668,0.12674764921350384,0.0964763025062252,0.04022318916037548,0.9353067312964931,0.12853463665781079,-0.3727096674814029
0.040746673273120454,-0.068971754124016,-0.10250303122156314,0.6186450838894871,1.4715324569162136,0.4532778150902441,0.9351988174247254,0.12775298722068684,-0.37279383836344315
0.07987803150903297,-0.06239816495639745,-0.07463615962420174,0.664149928416578,0.4476634484774753,-0.048910072263549154,0.9350913951151257,0.12697106140524245,-0.37287830518597237
0.09862252589797793,-0.049096107124338144,-0.03906958161318366,-0.015108594197536185,0.21541823100672955,-0.5024355069074691,0.9349839832199788,0.12618912973432522,-0.3729627782784272
0.10528021157810903,-0.022780969277390862,0.006767138167250115,-0.12261227867692395,-0.2586102639562102,-0.2835628331561395,0.9348765713248317,0.12540719806340736,-0.373047251370882
0.10257854670031871,0.001511335212391339,0.012223893452838766,0.005220029771521778,0.151669335831369,-0.05584767906482391,0.9347687938823945,0.12462520212043907,-0.3731315140488842
0.10148586309245389,0.018596541714769543,-0.02200275392042879,0.12422340146651364,0.5762484365965551,-0.21991105738567995,0.9346564877151965,0.12384240991817208,-0.37321316992561104
0.09676021093516898,0.026761143502655804,-0.07000671928309428,0.25089123494160454,0.2849371248430208,-0.47367422210407106,0.9345441815479985,0.12305961771590482,-0.373294825802338
0.0636696914718374,0.02224274883421872,-0.10870979140343762,0.42300506207224964,0.14423310223942354,-0.02601719234853661,0.9344318753808005,0.12227682551363778,-0.373376481679065
0.02298924912327903,0.01664062165398617,-0.08901043643400092,-0.10485655567473717,-0.15155350456180083,1.0234656344313038,0.9343182180871413,0.12149397161530284,-0.3734573384697132
0.0005671832830985157,0.010685585303930625,-0.03545223550651807,0.33693928154101616,0.7397275977975476,0.1731198618488996,0.9341979699326957,0.12071081676053813,-0.37353429727949
-0.017894384869926304,0.010406159824973445,0.015844947026013786,0.0032664790966842605,0.5253354459053498,-0.3401759149840746,0.9340777217782501,0.11992766190577378,-0.37361125608926676
-0.03633291030286678,0.012296868678745864,0.028607391620588368,0.542987618586456,-0.4020439305032801,-0.4507526264612203,0.9339574736238045,0.11914450705100949,-0.3736882148990436
-0.05444517168013138,0.00844466133039046,-0.009173547095826733,0.7375311630178676,-0.5081458647755984,-0.20170573538778136,0.9338345321643642,0.1183615635118665,-0.37376356724760895
-0.060946221561104304,0.003132667003719879,-0.06998676165187298,-0.06293828650375141,0.31818050153659805,0.07087191817215022,0.9337041420332979,0.11757920439249,-0.37383447672688636
-0.0486324192667356,0.012958474909137197,-0.1037514814559374,-0.5067464748215282,0.5574770530243659,-0.10881472476084397,0.9335737519022316,0.1167968452731136,-0.37390538620616365
-0.06437305718374449,0.02981760260255447,-0.09939556733467196,0.009762578026689783,0.6166176406970355,-0.5038776673752263,0.9334433617711655,0.11601448615373683,-0.37397629568544105
-0.06232204595079691,0.033086106418703715,-0.042678272932794234,1.1506228606302555,-0.25336121052511,0.42279256535606535,0.9333111253170387,0.11523357330534872,-0.37404599770456964
-0.06202122655398509,0.029894367904888898,0.015754137099848582,0.8704203654623361,0.5864347305587825,0.18811749840600456,0.9331756206588735,0.11445522052284789,-0.3741135623804464
-0.06549771941264738,0.054298427829977965,0.03436260506652782,0.11979847560021617,0.1886891289433062,-0.2534629585548327,0.9330401160007085,0.11367686774034677,-0.3741811270563232
-0.0755298301066962,0.07925481250478306,-0.0024368602452496985,-0.4436293478958784,-0.5161207145846101,-0.5515338469713207,0.9329046113425433,0.11289851495784599,-0.37424869173219993
-0.07886238461232906,0.086694397752391,-0.07263000061940406,-0.4313192748459652,-0.47944865492892613,-0.45427565037200246,0.9327804323366264,0.11222040784661709,-0.37427056948714926
-0.05732262753410384,0.08480196527417347,-0.12477313676603694,0.31774939088241244,0.24912302235107697,0.10439455154097921,0.9326965033475026,0.11198635609953993,-0.3740829789585544
-0.02329770165780666,0.07317507475207033,-0.10621177039018083,1.6841026102442889,1.9279793178063909,0.3362904558979398,0.932707353081828,0.11290213481650757,-0.3733462434856533
0.023213790840272586,0.05197778276482637,-0.05705169749295174,0.23356098867174313,0.5127557879447848,-0.12717673857594392,0.9327182028161529,0.11381791353347526,-0.3726095080127523
0.04454189692646585,0.04062846780307915,0.01848158053674356,0.21852484944745904,-0.8170280444042574,-0.04144032837402101,0.932729558544102,0.11473584752887045,-0.3718728969181719
0.05004816215674815,0.024557336333685564,0.05409817135988257,0.07231251712005271,-0.10264295367047521,0.03849019447396884,0.9327413251540915,0.11565553167516865,-0.371136386822529
0.06189802128416434,0.009400064663125186,0.023321731534261803,-0.07315965049946865,0.3958247810584118,-0.20340301381505554,0.9327530917640807,0.11657521582146672,-0.3703998767268862
0.07265475936323244,-0.008060753369812806,-0.04995499483145835,0.1742486869073851,0.23301434460770493,-0.49301695642934007,0.9327648583740702,0.11749489996776487,-0.3696633666312434
0.06247868445802107,-0.03045921119872582,-0.11144484531960126,0.6940242547290069,0.42800637586810925,-0.2655660021252917,0.9327719996918171,0.11841747119164049,-0.3689238973432515
0.043730456859723654,-0.03830174990223165,-0.11711300083824878,0.6393358101594225,0.013499938924775117,0.5912373299681413,0.9327766208182784,0.11934161550265693,-0.36818281567481387
0.04454527203804445,-0.03764702492348556,-0.07179833232883916,0.3192943688204764,1.0679554563748537,0.1792482582360133,0.9327812419447394,0.12026575981367346,-0.3674417340063762
0.03678178488501479,0.0017374622235975853,0.0010285929244646034,-0.39072896527108697,0.4779069240352889,-0.36807826992568415,0.9327858630712008,0.12118990412469047,-0.366700652337938
0.015091180850925652,0.018142395423485433,0.046559631578444866,0.3965720471837889,-0.19132695715480402,-0.5584677385759811,0.932783272837407,0.12211420137513314,-0.36595530967056317
-0.005012093404757918,0.012874578462277365,0.048841044293034805,0.6913720068013931,-0.03903714790950763,-0.2829984665250862,0.9327781848140277,0.12303855159900826,-0.36520849112646125
-0.013719649762168037,-0.0010548935802355709,-0.005702619197735091,0.33559112569605903,0.3181662171490681,-0.03482755047823893,0.9327730967906482,0.12396290182288389,-0.36446167258235895
-0.01834207356875616,-0.014357824017002753,-0.09356322746162282,0.0742365254835543,0.10684391495675713,-0.11854723379384247,0.932768008767269,0.12488725204675902,-0.36371485403825693
-0.03495363103538498,-0.02886676788735317,-0.1278495694915091,-0.6803458246548144,-0.01828844160646297,0.06163151009563528,0.9327661578958555,0.12580736241728666,-0.36297028947927734
-0.05022830797513509,-0.03291323117375187,-0.09863849015227442,0.27297629840609927,-0.08932912491148298,0.09840172263550073,0.9327649320191285,0.1267266542022675,-0.3622261600956425
-0.03837673420573881,-0.039966659753453676,-0.0026336581374782923,0.6342865903294318,1.0303586748323974,-0.18705912008501002,0.9327637061424017,0.12764594598724782,-0.36148203071200824
-0.026263235164720598,-0.022458403062704278,0.048205550316957786,0.1711751856536945,0.05182731908461688,-0.7585968650370702,0.9327624802656748,0.12856523777222817,-0.360737901328374
-0.024257430354198233,-0.0022982638629089336,0.04001768306786563,0.048703783358178016,-0.3693834804685936,-0.664645913921257,0.932765637226355,0.12948231829259693,-0.3599965384165777
-0.025561095098299687,0.01915205291445262,-0.011051263211515835,-0.052132399256108464,-0.02858462988348985,0.00454964930924362,0.9327691058554729,0.13039924156748173,-0.3592553722316682
-0.016534031820727848,0.04167837596227255,-0.07488577882468496,-0.2879944791712352,0.26474903291169655,0.32024874388962843,0.9327725744845909,0.1313161648423665,-0.3585142060467587
0.011828901720194329,0.05145658899096958,-0.1177830198831406,0.4327497861211529,0.7176881304674347,-0.43352055047820315,0.9327761138575983,0.13223305467941948,-0.3577730845696065
0.02860338950106286,0.06510338139426156,-0.1102047168888242,0.46131157400637646,-0.16921450047791134,-0.3728745026567477,0.9327820180977684,0.13314882673751363,-0.3570334576089264
0.031485809371625595,0.06726252811902199,-0.03887534940980008,0.6256140838894514,0.07097791217956351,-0.10336349840599546,0.9327879223379383,0.13406459879560767,-0.3562938306482464
0.04216139379458277,0.06959513057492084,0.03783832420350246,0.11999904529210759,0.5873690466327888,0.03655409883105065,0.9327938265781084,0.13498037085370226,-0.3555542036875661
0.045441003834962745,0.07195404378002129,0.052912290142898506,-0.5876759773751489,0.14786878213743546,-0.37906364080766686,0.9327992328374071,0.13589620645058478,-0.3548142786397447
0.03302026195823948,0.06445976512115052,0.004178535936747205,-0.4622797617111125,-0.24669625818140833,-0.5179158384697953,0.9328011366312433,0.1368124889369467,-0.3540722570456959
0.009736896843459865,0.038354040427196125,-0.06826820229813285,0.6645617227420026,0.07132429543185903,0.194894807651659,0.9328030404250796,0.1377287714233091,-0.3533302354516469
-0.01025014781115862,-0.0018920144771527635,-0.1145572896696826,1.495430508820361,0.25075412731281654,0.9436661147714727,0.932804944218916,0.13864505390967094,-0.3525882138575981
-0.01813497875695961,-0.02393549044526791,-0.0964604529133263,0.283548337407179,0.586758594156542,-0.4148355855471042,0.9328082651009564,0.13956094281048548,-0.35184705851222087
-0.03364231207173565,-0.020616300706694183,-0.014398055112362003,-0.4619304529119572,-0.06338804988181826,-0.3104306695004997,0.9328166126354942,0.14047543559652897,-0.35110897589798046
-0.04763992348937366,-0.03984919034962925,0.03536388879709382,0.09289443233797956,0.2622250510960409,0.059139855472921,0.9328249601700318,0.14138992838257203,-0.35037089328374044
-0.030418179800748065,-0.045614998904357607,0.04194343042504232,0.22383086040385738,0.7438295137102297,-0.11791138469707008,0.9328333077045696,0.1423044211686151,-0.34963281066950036
-0.006030222094895647,-0.044882667374070845,0.0022354233665764158,0.484296830818465,0.2594488597035397,-0.3420588565355853,0.9328403694580233,0.14321912095572148,-0.34889395594048844
-0.0034693300341140016,-0.04581145272316664,-0.06193228141555772,0.7919857734856103,-0.5699858613375397,-0.127058914984028,0.9328446397130712,0.14413427015302915,-0.3481534249096702
-0.022864050981189616,-0.04099453563496415,-0.10658644660152794,0.13463974379388155,-0.12222378918033568,0.22929676195542292,0.932848909968119,0.14504941935033672,-0.34741289387885216
-0.02825374420040802,-0.02874972759329735,-0.09516471668015324,-0.27220549193408355,0.3110039091407838,-0.2805073708821979,0.9328531802231669,0.1459645685476446,-0.3466723628480338
-0.0020926073123147455,0.002320497214348743,-0.04151216048462578,-0.15376511414451832,0.8659046869302741,-0.9232075090329914,0.9328585509458024,0.14687940696280566,-0.34593250829968103
0.019205019329785467,0.021519367769498872,0.025255077419720544,0.2956117847077077,0.0579171971960116,-0.34673951540921877,0.9328655001168968,0.14779379960963507,-0.34519362405951126
0.04236312810064395,0.02162448895483326,0.034022799274132424,0.8544890343253364,0.6452448885033808,0.2809137460150186,0.9328724492879915,0.14870819225646498,-0.34445473981934105
0.0692149362534563,0.014848822655684936,-0.0016891037120518207,0.5005807699255047,0.6333616181522248,0.30585691285862104,0.932879398459086,0.14962258490329444,-0.34371585557917106
0.08384578170510192,0.010060324076302057,-0.05134293869291477,-0.25375705346440713,-0.32844186006229664,-0.12172323591920353,0.9328843251009564,0.15053706817499113,-0.34297577856535616
0.07234908301030496,0.0034239643074329687,-0.08968324447400246,-0.09042317439944726,-0.4811780808060133,-0.36842864930916974,0.9328872789479277,0.15145163984307508,-0.3422345381083951
0.0614002487382588,-0.017858590994155744,-0.08609227968015892,0.3750005166844122,0.26793017290304294,-0.10270808714135526,0.9328902327948989,0.15236621151115853,-0.3414932976514346
0.07743545364597121,-0.02378258581880935,-0.01098847379080872,0.7140025172157036,0.9306164283340304,-0.2690057013814968,0.9328931866418704,0.15328078317924196,-0.34075205719447393
0.075386415039289,-0.015524803767802733,0.014191929339788283,-0.1347213550688261,0.37722482631551174,-0.39105222104141646,0.9328993825717321,0.1541938731044986,-0.34001285074388976
0.06363288246120984,-0.007837842109988629,0.012270618325561127,-0.022828202252857477,-0.24305931972050934,0.0670591424017779,0.9329077249840596,0.15510598201381523,-0.3392749909458022
0.06399489282465388,-0.0032121322359194397,-0.009720400976098508,0.3357199201062594,0.4356621999401088,0.2034498682253112,0.9329160673963868,0.15601809092313138,-0.3385371311477152
0.07870044882252507,0.00491184750902905,-0.04458429706392093,0.33128148072270386,0.8043219502916714,-0.17286849096695,0.9329244098087142,0.15693019983244752,-0.3377992713496282
0.08850444949627821,0.019489880268863898,-0.07435781012490067,0.24076131379391424,-0.45973895924959157,-0.4005094899042856,0.9329365371307121,0.15784218198299693,-0.3370636414346439
0.07008119826780092,0.026820282879914815,-0.067729279173122,0.7662743710521123,0.02565703586013326,0.14225817109457672,0.9329503090860787,0.1587541090538434,-0.3363289804569607
0.05459738546227755,0.030026863090328624,-0.02389516510166057,-0.10157438282659104,0.8785901165727031,0.18666471200849166,0.9329640810414452,0.15966603612468994,-0.3355943194792774
0.04893047069075388,0.031076895074389134,0.010979492954944822,-0.04358344881294282,0.48301782836913093,-0.37688730074397725,0.9329778529968119,0.16057796319553685,-0.3348596585015939
0.04447706315302884,0.02481286645972397,0.03720860915818305,0.4415365076065689,0.2121052996766947,0.1704910616365254,0.9329934294048883,0.1614922161633015,-0.3341258845270988
0.034890336052075005,0.009444260181300523,0.013697707992682691,0.8011619336875286,0.17228081706317394,0.44313669819345947,0.9330094781827842,0.16240707800460494,-0.3333923427523912
0.022639076172155662,0.0002248930704580772,-0.039304322012778836,0.22835737575958204,0.17730506222824766,-0.2922757396388995,0.9330255269606801,0.16332193984590876,-0.33265880097768324
0.00878042402986234,0.011135215247077146,-0.07181403968752793,-0.8383898187566541,0.030550821250926875,-1.0785961827842954,0.9330415757385759,0.16423680168721222,-0.33192525920297555
-0.01348523322815986,0.02794298155048345,-0.06106110819860701,-0.19648979001082942,-0.174082617951588,-0.02893736344319109,0.9330554549521786,0.16515416375805872,-0.3311902414877791
-0.02191921893230749,0.000952016095638452,-0.01816499028868367,0.8577830978747749,1.1280173448335222,0.21214331137092124,0.9330690604357067,0.16607184127842745,-0.33045503755579164
0.0004651791700317036,-0.007321896788522796,0.01883132387235234,0.40886733908608275,0.8629395495304415,-0.3087810520722609,0.9330826659192348,0.16698951879879567,-0.32971983362380447
-0.008749182702653166,-0.0027229409593000267,0.02793026705243343,0.3890071728480085,-0.10486529922599824,-0.18752961105213117,0.933096271402763,0.16790719631916393,-0.32898462969181735
-0.022378694678003894,0.004423938943890587,0.000664548654237834,0.056466084346326495,-0.21510717843974667,0.26655020722644807,0.9331077134112646,0.16882826185653585,-0.32824789445270974
-0.031650938645058496,0.016111407395643026,-0.03682523310810425,-0.16686821530286763,0.19838578578972874,0.032540750265667384,0.9331191189054197,0.1697493845756288,-0.32751113336875665
-0.03839147352890495,0.027216114126142887,-0.0619068748668825,0.16882123103074514,0.430555019583536,-0.7392423209352224,0.9331305243995749,0.17067050729472183,-0.32677437228480344
-0.041839113938577865,0.02417351939925536,-0.07316340233311175,0.5568106476089294,0.5801929116770133,-0.3614521147713141,0.9331424360892667,0.17159169214240194,-0.326037905589798
-0.051721897254197846,0.019962271447715126,-0.030712627877895474,0.5713059462274179,0.17067361093319422,0.7200442189160672,0.9331602622741764,0.17251360291356727,-0.32530487859723684
-0.04553832079936343,0.025860467577682265,0.015764202036053394,0.27942583698198076,0.8446064528243423,-0.13922746333673075,0.9331780884590861,0.1734355136847325,-0.32457185160467594
-0.044207728214877805,0.038782924388951,0.013379753617621306,-0.5571417145379232,-0.4149431308748362,-0.5723214681190836,0.9331959146439956,0.17435742445589825,-0.3238388246121146
-0.0641677874539861,0.02451509984803306,-0.008984986357664667,0.08515974102024049,-0.39410431342526864,-0.20589156588732926,0.9332147504357067,0.17527953728232387,-0.323106374282678
-0.07271045400701615,-0.001432074688094938,-0.026841340447725702,0.6819177404889074,0.7737225680835174,-0.04030893730067753,0.933238369840595,0.17620260746581642,-0.32237665623804473
-0.06609856204346769,-0.01640961531955372,-0.03454590576493822,0.2533695379914244,1.0990132739072698,-0.2725224675876081,0.9332619892454836,0.17712567764930953,-0.3216469381934111
-0.08530134054250989,-0.01921629572646174,-0.03855137952687584,0.0008742358554839277,-0.3905205573668122,0.07285494261426528,0.9332856086503719,0.1780487478328021,-0.3209172201487779
-0.12805793962975007,-0.031920342188521335,-0.026501987610727102,0.2495354170987993,0.08672401402559582,0.6311517598298977,0.9333093323591923,0.17897152223521084,-0.320187582922423
-0.12604758361232682,-0.039434067027950645,0.005800444306663958,0.31827289699257644,0.4109444200409623,-0.0943833751330061,0.933333338490967,0.17989349575345406,-0.3194581645270986
-0.10604732774622606,-0.04344747073358149,0.007301205733788692,0.24074372913920744,0.3838610321563922,-0.489765939426162,0.9333573446227418,0.18081546927169684,-0.3187287461317746
-0.09353618768246626,-0.043018817758023645,-0.0079193329697156,0.1904016179808739,-0.18727850678190244,0.023235269925503843,0.9333813507545163,0.18173744278993972,-0.31799932773645057
-0.06730287029350661,-0.0384205243606786,-0.02938155376747138,0.2699043371626363,-0.05165307333859287,0.4241204357066639,0.9334032686397449,0.18265972790860813,-0.31726866929861824
-0.02159054515430065,-0.027308969354940232,-0.048150563401161674,0.0828983663442523,0.5577758755240448,-0.04228689054205503,0.9334215558235919,0.18358255478710608,-0.31653585487778946
0.02010085421891413,-0.01206005731774672,-0.053455903979481745,-0.4401209163019203,0.26415778594915107,-0.8206241381509809,0.9334398430074389,0.18450538166560393,-0.31580304045696067
0.03897345353666826,-0.015428112917859269,-0.030374117625947765,0.6544317061423733,-0.18929735300885106,-0.07690607545157668,0.9334581301912859,0.18542820854410236,-0.31507022603613155
0.05884634608023547,-0.038123811121681,0.00023423294040217176,0.5430114546014785,0.6635529811681284,0.19658097980873634,0.9334751552072262,0.1863506018030465,-0.3143366979596173
0.0727560823479265,-0.029264201442084067,0.0031946636974894025,-0.09854002541970153,0.40651759988294855,0.011116419234880937,0.9334907020085016,0.1872724872192703,-0.31360233407013816
0.0718583597192329,-0.030011876356006086,-0.01639312736729509,-0.1639104364930324,0.13328133511844037,-0.07419332837407211,0.9335062488097767,0.18819437263549454,-0.31286797018065865
0.056931099235279545,-0.03559381859298666,-0.03343325959981501,0.41428091260369826,-0.019086925809961824,0.33923954622749264,0.933521795611052,0.18911625805171817,-0.3121336062911794
0.046468764058235294,-0.04574011619978593,-0.030075920772052653,0.8625711515834438,0.18589182916133015,0.4415436121148506,0.9335379661317746,0.19003831150194833,-0.31139959840595105
0.04618023391903024,-0.05929584971169224,-0.010742325974033223,0.43051079744976145,0.6096927691186779,-0.36383520722637286,0.9335546346971306,0.19096049912858648,-0.31066587479277374
0.01515256861891296,-0.049924888721573066,-0.003472266317710533,-0.45457216493084723,-0.08263114165831772,-0.2531517332623867,0.9335713032624866,0.1918826867552251,-0.309932151179596
-0.012896402048032227,-0.052955189583421734,-0.0038421153312715004,0.2550978952178087,0.19932373815034796,0.6688159181721005,0.9335879718278427,0.19280487438186322,-0.30919842756641863
-0.008758124988524784,-0.0526745132212542,-0.01140276410559227,0.36853177275238214,0.8349980642607268,0.1514143368758294,0.9336069762061636,0.19372758539744944,-0.30846603703506914
-0.004330198455047457,-0.04788414098958479,-0.02801880126994746,0.38367721517534614,-0.35000217074500123,-0.34884716684383577,0.9336272303188098,0.1946505764427916,-0.307734359744952
-0.021975922339211924,-0.03697179342879995,-0.035204053540946766,0.4142709302869263,-0.448707841085991,-0.1340874580234157,0.9336474844314558,0.19557356748813323,-0.3070026824548352
-0.04583460649224021,-0.02009705158151323,-0.019530025807084142,-0.016099058235665875,0.6064901426546161,0.033777083953383524,0.9336677385441019,0.19649655853347497,-0.3062710051647184
-0.05037172586524827,-0.0044860079133888725,0.007040453686475952,-0.6697703801805392,0.9648040014219401,-0.48229348459087795,0.9336880194367694,0.19741909833545898,-0.30553937378320917
-0.03990811062189182,0.0022076485238048463,0.007269917011206522,0.18780056730072503,0.2509881365761386,-0.5178362008501924,0.9337083094048884,0.19834148521608225,-0.3048077579596173
-0.03416560830520842,-0.00785827407491814,0.02029055199660725,0.6961714675131776,0.14930068492897225,0.38147641338982297,0.9337285993730073,0.19926387209670557,-0.30407614213602563
-0.029768536863123703,-0.017354465140596593,-0.0016617835175346768,0.9046641172370087,0.22212233811706183,0.5217012221041557,0.9337488893411264,0.2001862589773293,-0.30334452631243347
-0.002966536843996571,-0.02706528915961719,-0.03211454582313236,-0.0037580697555487097,0.22002097278229926,-0.25339610839529847,0.9338099136860707,0.20055238134293701,-0.3029283326532058
0.01911485304781875,-0.02948157222157324,-0.050937176770661265,-0.3213350830181301,-0.15493906088427845,-0.3707003336876671,0.9339463061955366,0.20002101886822538,-0.30302575149840594
0.04085365434431971,-0.04043024215940974,-0.043776598181954916,0.31450595077593757,0.15905930853100894,0.058215010095691966,0.9341245931845554,0.19899901894084276,-0.3034042899468651
0.081709857769181,-0.06041039345058454,-0.01127673895662634,0.8211568686333793,1.1170961878935344,0.17277906801275833,0.9343028801735741,0.1979770190134608,-0.3037828283953241
0.13872297190308266,-0.055038977266101026,0.02757696977868107,-0.0010027869840781248,0.4289771772459223,-0.15958882571738364,0.9344809414027628,0.19695346158342197,-0.30416135483528167
0.13406439592008418,-0.048340311379063756,0.04770991488893948,0.10070630827631945,-1.1387906484719588,0.1779986875664772,0.9346589876478923,0.1959298007793125,-0.3045398804782148
0.1393300500539851,-0.063664569494474,0.0118829615885424,0.21150972172157295,0.37328804865902826,0.24573506057385686,0.9348370338930215,0.19490613997520356,-0.30491840612114773
0.13919668223251888,-0.058044811556112526,-0.029858341992051705,0.29442563343250583,0.32146882204912564,-0.6561464527096863,0.9350152006907544,0.1938824930967057,-0.3052970019022315
0.11341242341210725,-0.05319116020116884,-0.05504131985444212,0.22323671366628273,0.1465373125378847,-0.48318890223148614,0.9351968785830677,0.19285925180162916,-0.30567764045696066
0.06754617747800136,-0.04543692194399552,-0.05360955934009264,0.041998412221038436,0.40619643544968126,0.5544019500531512,0.9353785564753807,0.19183601050655316,-0.3060582790116898
0.02441753763156556,-0.031384485101276734,-0.030264907082924522,0.09512379958544373,0.787687569615091,0.8962377322000137,0.9355602343676939,0.19081276921147716,-0.30643891756641867
0.0016115238494094465,-0.024118436066632207,0.0015679177881618512,0.6069951027523105,0.7295261741200469,-0.30631512008496387,0.9357425269890187,0.18978974877081087,-0.3068198977470777
-0.02884089226641954,-0.029494544971732334,0.04151995283099032,0.20246846640806537,-0.07674201555072177,-0.045846827842712656,0.9359289839036485,0.18876822444066582,-0.3072031921679064
-0.07332298915961097,-0.029877755542720506,0.0331036297890888,0.41229679443142353,-0.22466347746353924,0.3726869617427653,0.9361154408182784,0.1877467001105207,-0.30758648658873533
-0.07979612917024395,-0.02545805504144405,-0.00537113901471965,-0.07747368686517553,0.4082524508044132,-0.21807335706712294,0.9363018977329083,0.18672517578037512,-0.3079697810095644
-0.06991557607778903,-0.02336949463230602,-0.052624701823098856,-0.09854671008819132,0.1890238848849762,-0.24047226992559523,0.9364884458908962,0.1857035232504426,-0.3083531425717323
-0.06903689121360089,-0.040966476397976175,-0.07715585549020496,0.5317906211358996,0.06817345948639328,0.2430602242294686,0.9366753100212539,0.18468142676939422,-0.30873673664187035
-0.06694658111157639,-0.06149033004452423,-0.05702372684847991,0.8225700495215453,0.5808644825365223,0.4216724240168652,0.9368621741516119,0.18365933028834533,-0.3091203307120087
-0.04017582954729004,-0.04529545438256972,-0.0015101277146611408,-0.16827944824657937,0.730278218349336,-0.20171418809780306,0.9370490382819695,0.182637233807297,-0.3095039247821467
-0.038462738911477265,-0.00803489844378346,0.02833295619881692,-0.7789164309778099,-0.5803597133722583,-0.8650733219979632,0.9372340907438894,0.18161553140913916,-0.30988642890541973
-0.03753305517077555,-0.005910081136662617,0.027529570282668087,0.289614350637874,0.19769646037934743,-0.10890948565337943,0.9374152845873185,0.18059466835635807,-0.31026661158342206
-0.019808814137830713,-0.0018266097492027024,0.010868259127837376,0.7775018935706948,0.8095490660115068,-0.07106994686504287,0.9375964784307474,0.17957380530357755,-0.3106467942614242
-0.0126182098307121,0.011238784143781475,-0.028074469039340515,0.2968033891605606,0.563161587382417,-0.16520422741763063,0.9377776722741764,0.17855294225079696,-0.3110269769394261
-0.02619144269150514,0.02214558918788656,-0.05457493664886648,-0.09389632805949605,-0.1893239960397581,0.2949617428270237,0.9379576472015587,0.17753217345943995,-0.31140643485653574
-0.04796828644601588,0.017830265349094945,-0.054175714057606135,0.2569263782147341,-0.21879672936567449,0.6374734133899498,0.9381359034573149,0.17651153757669125,-0.3117848708607864
-0.05481578123879011,0.0005251388187035091,-0.03385877922904708,0.7807168115835034,0.8510936967766591,-0.0734333347502254,0.9383141597130712,0.17549090169394252,-0.31216330686503724
-0.038991400165467226,0.0015412858933047942,0.013631671852248716,-0.06455225322740014,0.3232121639598207,-0.488393204038136,0.9384924159688275,0.17447026581119324,-0.31254174286928826
-0.057759169028375794,0.001315235995961673,0.016250452411529816,0.001758725592992283,-0.6396461983786802,-0.024568075451604443,0.9386711741586964,0.17345099796032562,-0.3129203801700319
-0.049868666558661935,-0.007710805827735584,-0.0011692271190978946,0.1487842595334624,0.57378308261991,0.20151822954302467,0.9388504138788523,0.1724330425302868,-0.3132992105844846
-0.019492102978330463,-0.01235757546471775,-0.03953887251018532,-0.004780581094509906,0.4179391345968624,-0.16954496493077365,0.9390296535990081,0.171415087100248,-0.31367804099893726
-0.008151461197875685,-0.03448393133294768,-0.05986291660470502,-0.20367227204039656,0.3637115287518677,-0.08792175345370445,0.939208893319164,0.1703971316702087,-0.31405687141339017
-0.005391416220192844,-0.04224313299075719,-0.0538977735122512,-0.4523678230499181,0.6625021179654189,-0.1720479861848272,0.939392980053135,0.1693751954516471,-0.3144388328374071
0.013229060301593442,-0.017473274998186992,-0.028623644874645228,-0.4057480399047555,0.47296340667959164,-0.6735809840599725,0.9395802206659583,0.16835066899397813,-0.31482283156216784
0.014967591326991414,-0.0413176489794871,0.027372640230002306,1.057889775770282,0.177646299761394,0.9984626121145297,0.9397674612787814,0.16732614253630856,-0.315206830286929
0.005230000984803926,-0.018280854515091614,0.012145688129532609,-0.4251227832092719,0.375096315595549,-1.061739108395214,0.9399547018916046,0.16630161607863964,-0.3155908290116898
-0.012458820417105275,-0.007235506075029085,-0.0021802191841162315,-0.5997640341338922,-0.3047101149678505,-0.47818768225311814,0.940141689273822,0.1652781628877081,-0.31597459426142394
-0.029836052219980924,-0.024512323988845116,-0.004375051084594692,0.8699131071203459,0.506803955690319,0.46836975398525027,0.9403285687708112,0.16425516694651052,-0.31635826004250805
-0.04567724810520666,-0.03440864800595122,-0.03122088560345592,0.7556735178534147,0.826011866465171,0.17897910680132512,0.9405154482678002,0.16323217100531334,-0.3167419258235921
-0.062284077011685354,-0.02522267659713463,-0.05704061799310852,-0.39008165896908364,-0.0934549358306566,-0.308046075451756,0.9407023277647892,0.1622091750641162,-0.3171255916046759
-0.08168814236897158,-0.019297247720726985,-0.049204638152507724,-0.5868856892347749,-0.6771346467555321,-0.1941239341127936,0.9408888726390365,0.16118644702515017,-0.31750906558979825
-0.0963926952063763,-0.04450434269288079,-0.03072643782765868,-0.090387509861844,1.2571480665279258,-1.0163782529224559,0.9410753321147716,0.16016378735706682,-0.3178924906269927
-0.09274421412539924,-0.013514554293311248,-0.0004059716293939688,-0.27187190061632927,-0.6121626167874151,0.16717835919211232,0.9412617915905065,0.15914112768898328,-0.3182759156641871
-0.10531926327524126,-0.019055024992562387,0.0012341260281517373,0.632595104293459,0.830563262298189,0.7246453315622485,0.9414482510662416,0.1581184680208994,-0.31865934070138174
-0.08839347799064864,-0.023260112599999952,0.01490211140700382,0.39772822623805365,0.7154653999593095,-0.4563894452709629,0.9416345254729012,0.15709640422954288,-0.3190426172263551
-0.08651857599277112,-0.011646292209143136,0.02416151212963888,0.2535045270031611,-0.2173125588293884,-0.9029900712009145,0.9418207774991143,0.15607441249769752,-0.319425875791711
-0.10475671019341534,0.0031559530806597904,0.006940061925636384,0.1221274560891869,-0.25369420292073996,-0.05810199893705281,0.9420070295253277,0.1550524207658516,-0.31980913435706715
-0.11207506509245492,0.008035431430499463,-0.03255323944696719,-0.08604797910733361,0.6730925902564815,0.674303628055263,0.942193281551541,0.15403042903400616,-0.3201923929224231
-0.08234237392050976,0.00998075184070188,-0.06244365893465248,0.3655617002655892,0.6029681680844393,-0.3061868490966617,0.9423846805490612,0.15300673665178885,-0.3205787776089267
-0.0842857541543043,0.006856146562167386,-0.0875709499339398,0.8576298053667211,-0.05792569251126187,-0.5603933517534987,0.9425761444243713,0.15198302283280157,-0.32096520170031895
-0.07346736125313486,-0.0009456225150904097,-0.08509705235124972,0.219606971041438,-0.5153479672833737,0.4398685472901285,0.9427676082996812,0.15095930901381494,-0.32135162579171106
-0.05655118680786692,-0.0030309771827842042,-0.031149936870312738,-0.05155546760252319,0.2994025766416964,-0.03734718384683333,0.9429594266914629,0.1499355856730428,-0.32173825753453766
-0.04049264802571443,0.0005389160129660683,0.008658170234851657,0.8902972912457898,0.16914262694954296,0.4980820340066341,0.9431551624902587,0.14891175711654228,-0.3221271838257174
-0.025354609755578808,-0.007899073465250286,0.03326505782005543,1.098875833018036,0.14749015766099807,0.6318238416577824,0.9433508982890542,0.14788792856004232,-0.32251611011689707
-0.016183691834218243,-0.014263630715732866,0.023137874816910126,-0.0427291232198532,0.38712850771355195,-0.2552692901168534,0.9435466340878498,0.14686410000354228,-0.3229050364080766
-0.02311724033815505,0.010686259041410278,-0.05655615388347416,-0.55667502369792,-0.4363333121171132,-0.42712443039309456,0.9437425869429684,0.14584042324937962,-0.32329408150903305
-0.04304045483336948,-0.004520145081828379,-0.10791379340695759,0.7563934667375612,0.420458227350682,0.06833818065889119,0.9439395392667373,0.14481744549202952,-0.32368367368756645
-0.0069794008635543515,-0.030482947607647908,-0.06543295009564878,0.057818157385856384,-0.14009073265000987,-0.4088141439956843,0.9441364915905066,0.14379446773467938,-0.32407326586609997
-0.03494359932838316,-0.020291265682249038,-0.03318758077363842,-0.18134955518600393,-0.07959017351260242,-0.15828503825708573,0.9443334439142756,0.1427714899773287,-0.32446285804463354
-0.023666228925821757,-0.012145699418703335,0.024381775755582688,0.10039720402765445,0.41560952387031413,-0.45797762805529274,0.9445302784059512,0.14174877334431427,-0.32485236044633387
-0.014824874230815995,-0.009625561278427399,0.04480293371945093,0.10525640725829313,0.18511634131213353,-0.15307681402777895,0.9447268004640452,0.1407267490864328,-0.3252416248034007
-0.03329805516599787,-0.009164469344314948,0.009714214707746735,0.10722457017024042,-0.33261827949590556,0.5036756556853437,0.9449233225221396,0.13970472482855079,-0.32563088916046784
-0.0434188883689676,-0.010621212013815126,-0.04005514519235247,0.7270771832518234,-0.051157372971825585,0.15172409351753302,0.9451198445802338,0.13868270057066912,-0.32602015351753466
-0.018834813593197573,-0.011205499703506684,-0.10100227566418858,0.16486894871409805,-0.8948817322284744,0.13174157810832554,0.9453161018136734,0.13766142378037532,-0.32640920885228486
-0.02935664208714394,-0.01323980136131825,-0.08686623055260012,0.4924324408502403,1.216421796571408,0.7753575929863459,0.9455119067623097,0.13664142356393855,-0.3267979072051012
-0.042471355704570626,-0.017621720494155512,-0.05023063879489601,0.01001334403821097,0.8775944384199279,-0.2046964102020059,0.9457077117109459,0.13562142334750232,-0.32718660555791723
-0.047510640031030685,-0.023115156232730576,-0.002810339985127086,0.771900134431325,-0.17211661299363643,-0.3619217523911047,0.945903516659582,0.13460142313106604,-0.32757530391073336
-0.064780737719668,-0.013872800926623342,0.02148188644420873,0.2699419213597083,-0.3725511384565544,-0.5918039787461957,0.9460989359759122,0.13357936620899702,-0.3279639284697133
-0.08718267819022389,-0.005909343371023282,0.0019908206546179127,-0.5411157872899989,0.15888797739836572,-0.7421113825716645,0.9462939111264612,0.13255494040276264,-0.32835246803400653
-0.08778711122125626,-0.018796926879914792,-0.05022169168118665,0.40880941502660784,0.417088274061493,-0.34530837300736117,0.9464888862770102,0.13153051459652837,-0.3287410075982999
-0.06223747780233889,-0.019387860886282787,-0.0903287703825692,-0.09828635594075158,0.36271318638863465,-1.1980706036130382,0.9466838614275594,0.13050608879029352,-0.32912954716259324
-0.06571248890456996,0.011367243449524889,-0.08101551347502563,-1.061258634792871,-0.10300412955173421,-0.6864718161529755,0.9468785066099894,0.12948182667693908,-0.32951788013815103
-0.0633325547961745,-0.004997736804461769,-0.058048248193413005,0.77160966567466,0.662754400458875,0.5197720116896019,0.9470728927063408,0.12845769309280886,-0.32990605090329433
-0.014981741023607742,-0.026848380141333728,-0.012584126206176563,1.1498093117960329,1.5148294867499188,0.08194328692906261,0.9472672788026922,0.12743355950867863,-0.33029422166843786
-0.007990953703723725,-0.024332124179593774,0.015443345049947864,0.14090475660981194,0.25878320300909335,-0.3695211880977638,0.9474616648990437,0.1264094259245479,-0.33068239243358144
-0.03496291243698127,-0.021109536353877523,0.020877798153028662,-0.3112663922742441,-0.8282921984784477,-0.14027170882043372,0.9476555842153738,0.12538588991958885,-0.33107025425079717
-0.03719455910648853,-0.0408015573304973,0.012229516688637676,0.5723399905951138,0.026250063689812482,0.21492096174286424,0.9478492583244775,0.12436266783280192,-0.33145795377258236
-0.017737928235076576,-0.05149543959617742,-0.02564662595112151,0.5603767719978693,-0.9632615124633614,0.12415815834227395,0.9480429324335813,0.12333944574601453,-0.33184565329436794
-0.07688453446545962,-0.07619356191285756,-0.07040268444208088,0.5181701510627011,-0.005130726703726125,0.7891588289053892,0.948236606542685,0.12231622365922751,-0.3322333528161531
-0.08764160696280411,-0.06531661998937605,-0.07325691543039338,-0.12841251041430113,0.42740071436954935,-0.424593742826481,0.9484297651576337,0.12129317218561805,-0.3326207349628056
-0.08560858058150837,-0.05160322899681,-0.061235095863972314,0.17129400777904502,0.43897161113905225,-1.1945168724761697,0.948622752890542,0.1202701772688625,-0.33300801190223184
-0.10271704869202875,-0.04632137213390009,-0.030215704177578375,0.3967000805100969,0.33562440228678575,-0.19219695961749395,0.9488157406234503,0.11924718235210743,-0.3333952888416579
-0.12168456352731094,-0.044952810378321675,0.0014029037924510003,0.35916957451647863,0.4400754413515317,0.7246948023380586,0.9490087283563586,0.11822418743535237,-0.33378256578108395
-0.11600655996726483,-0.034791873031876766,0.012395809299467144,0.18383160991489947,0.5889605194599351,-0.04977142507989818,0.9492023534537727,0.11719862571732162,-0.3341704063761957
-0.09619837197576982,-0.011081929769394126,0.0028977342930925805,-0.18862305969183785,0.05221416579371483,-1.0551115951116046,0.9493960941516117,0.11617259845200115,-0.3345583492029756
-0.1295143097576982,-0.018250850693941244,-0.003676230269074197,0.8909648330816218,-1.2428182070009917,0.142424048883937,0.9495898348494509,0.11514657118668076,-0.3349462920297557
-0.06518026171731049,0.030505248342197727,-0.053491311793844976,-0.6220709948143013,-0.17125500842506766,-0.44910060255059214,0.9497835755472902,0.11412054392135984,-0.3353342348565357
-0.046369956755791746,0.03206146462061644,-0.06951691021041441,0.8093204085015803,-0.2918260980536423,0.07276503294367132,0.9499794463301454,0.11309314645412655,-0.33572352858661003
-0.035769953525188435,0.021251046417642607,-0.06560700563868403,1.0957848812966522,0.15969009478285492,0.11930651328381714,0.9501754484838824,0.11206566448104842,-0.33611290563230606
-0.01594195241487302,0.02502724322104498,-0.04283147601487109,0.034785223485429784,0.5970287084914412,-0.3143830414453479,0.9503714506376197,0.11103818250796976,-0.3365022826780024
0.004340294967375176,0.0391185151551541,-0.009197016020191118,-0.6557495434112605,0.45617545408127863,-0.5320427917109445,0.9505675780835992,0.11001053036698523,-0.33689174513283765
0.008528237611392991,0.03928292900425151,0.011987652394261462,0.04298714400616857,0.47228218194527327,-0.12346564399594051,0.9507669352851577,0.10897849167552232,-0.33728340924548367
0.0028151872554931638,0.03495585219234774,0.011755988090329393,1.3010053487887636,0.34878283340076327,1.0317143591925682,0.9509662924867164,0.10794645298405904,-0.3376750733581298
0.023001824266355365,-0.002163895747078322,0.012132476413390018,0.7050724182784147,0.6002482089045221,-0.05191838363445278,0.9511656496882749,0.10691441429259618,-0.3380667374707759
0.0350401252104129,-0.010867903049914699,-0.030353518573155238,-0.7011500828903019,-0.7904964253353852,-0.4701692465461864,0.9513655469110875,0.10588182939071895,-0.33845876001062714
0.023625570970346198,-0.0221319448096312,-0.0661826410032648,-0.2776301956426316,-0.3723663414989893,-0.04233352072247243,0.9515689711477153,0.1048456770520718,-0.33885312352816177
0.019744163184060005,-0.04154910684133975,-0.0793240188421552,0.6669977416578239,1.155195545429539,0.13329567162591616,0.9517723953843429,0.10380952471342511,-0.3392474870456962
0.03108599388826719,-0.06092392204314402,-0.07169055602746503,0.6843435947716245,1.218636689574409,-0.1736628735387864,0.9519758196209706,0.10277337237477845,-0.33964185056323065
0.02770656475022554,-0.06852930509776543,-0.04255404945860522,0.02930520155150262,-0.739201009043998,-0.21984698405955427,0.9521601819753875,0.1019178471302657,-0.3399725584093886
-0.009969114630179377,-0.05557740017534548,0.02940869887039012,-0.1383043453772208,1.420026579726962,-0.4265037821466571,0.9522510823627347,0.1019497208097771,-0.33999094390364853
0.018233045306053824,-0.05800736217959591,0.04341928024509419,0.6846909038256134,0.22932749386143084,-0.5333592162592851,0.9522638052886999,0.10272716108395333,-0.3397476865639391
0.021393667552603298,-0.0375654320290059,-0.0048325622020460104,0.36599677993611723,-0.13398627321987872,-0.2292836493091599,0.9522765282146652,0.10350460135813007,-0.33950442922422946
0.03759876157400786,-0.020400435447183035,-0.06371738845951914,0.03000977573856145,0.24523581909725692,-0.85460582040389,0.9522883567516827,0.10428071869925637,-0.33926075494509383
0.04587961847747155,-0.007644010551542244,-0.08906136564021874,0.17026951635488546,-0.1317724629433387,-0.651291162593143,0.9522983162451293,0.10505407144952197,-0.3390162093694651
0.03749073885802085,0.0033852462266759525,-0.0789406571669004,0.23739215256093812,-0.4190701507228339,-0.09263089532433888,0.9523082757385759,0.10582742419978791,-0.3387716637938363
0.026889187552602986,0.011370366626992636,-0.048041242411443544,-0.04094641725813908,0.5027861442391615,-0.7209437906482172,0.9523182352320225,0.1066007769500534,-0.3385271182182074
0.017431652588099755,0.013807465113280692,0.02725763843152147,1.1897401469715048,-0.8790643136673354,-0.33925249096704135,0.9523271568189869,0.10737343804888433,-0.3382820134396032
-0.0025964423551591478,0.044131553041027956,0.050145778493137096,-0.776969980553107,0.3173988234212951,-0.479107900106305,0.9523346397236983,0.10814514042295473,-0.3380361335281615
-0.006844891596068136,0.03406510287353744,0.018053736246774938,0.3175583063763241,0.23322790575926894,-0.1273713464399222,0.9523421226284094,0.10891684279702475,-0.3377902536167197
-0.01894331542635354,0.01513475348884348,-0.010916940115853657,1.0975916589797663,-0.20212094375109504,0.5403017433580644,0.9523496055331208,0.10968854517109475,-0.337544373705278
-0.04247904442168703,-0.004747656460685399,-0.0531174841620284,0.6461878734747022,-0.11155895881973721,-0.01310903241276229,0.9523571174282678,0.11045901387035119,-0.33729859789585537
-0.0674275031007456,-0.010689801693728589,-0.09432625150637305,-0.44975193802346924,0.20774832351804082,-0.9152391477151749,0.9523646566772938,0.11122831853772619,-0.337052920311725
-0.08360049115781008,-0.0031849317653546098,-0.10144325540540242,-0.6410806758768964,0.21799274162642185,-0.42173104357077484,0.9523721959263195,0.11199762320510122,-0.3368072427275947
-0.09236962836174707,-0.02275409601986461,-0.07243053102601277,1.4536204776833888,0.5475093712755185,0.8580559596176318,0.9523797351753454,0.11276692787247622,-0.33656156514346447
-0.07542191176195347,-0.05439227055254336,-0.02992984333241479,1.1568876944739312,1.4963660443895455,0.038968637619463564,0.952387946156571,0.11353456914346476,-0.33631641713425425
-0.08983516734112537,-0.021565656948036412,0.0027609271092041026,-0.7867516995747896,-0.3238213616890484,-0.7357315749202495,0.9523965866808359,0.11430114674601516,-0.3360716077647891
-0.088527408555581,-0.003790789641213931,0.030046093906079145,-0.1921958320301116,-0.4618935079592298,-0.5286291700320067,0.952405227205101,0.11506772434856546,-0.3358267983953241
-0.08162784081083871,-0.0026011129261323367,0.02895210873381525,0.5980396031668763,0.8326457168657764,-0.21203587566416715,0.952413867729366,0.11583430195111617,-0.33558198902585895
-0.06429271804070304,0.0020871135085007123,0.015330831697419492,0.619297313336891,1.0306760372482227,-0.19469804144526215,0.952422972546936,0.1165995567693945,-0.3353375391675522
-0.032053453354203745,0.01806125504069917,0.002270651518078884,0.26713282109468245,-0.5121600114234865,-0.2308378714134669,0.9524322712752391,0.11736425913071219,-0.3350932394580234
-0.00816334592093619,0.02955698818948268,-0.036144698179051506,-0.10476927960673692,-0.5331766584106821,0.06697436875661467,0.9524415700035422,0.11812896149203021,-0.33484893974849445
-0.016161730405206957,0.054596711866417805,-0.07980911262004939,0.3688776092348395,-0.023283608091959944,-0.12876501487778214,0.9524508687318456,0.11889366385334785,-0.3346046400389655
0.008518479375446001,0.0626454241150889,-0.07285763776567211,0.3306301900850312,1.4091888590809676,-0.926146961742651,0.9524607950690754,0.11965469695855478,-0.3343609884484591
0.018278993345696763,0.07063652703220102,-0.04905539006003352,0.00901742127518046,0.056329084070326337,-0.3581650212538392,0.9524708774955721,0.12041481750265715,-0.33411749804817564
0.002971733956961327,0.05796441653698253,-0.009646067843247856,0.3191049097768158,0.08186326934270882,0.5323636620616181,0.9524809599220687,0.12117493804675894,-0.3338740076478922
0.003802268587134335,0.04371229592401699,0.019940946407547667,0.42657192029237534,0.7199007884504707,0.3585369319875191,0.9524910423485653,0.1219350585908607,-0.333630517247609
0.02867346863793798,0.03613371440626568,0.01808918875802401,0.01181873385870072,0.4423456232006762,-0.37818281615288285,0.9524995799504075,0.1226989546588737,-0.33338582863266036
0.029568949683634195,0.012833885039851252,-0.009961279539739912,0.18251429887354226,0.32234735741958764,0.38395631137088415,0.9525079387530995,0.12346328770882044,-0.3331410013354587
0.052767440205415544,0.009999298217322514,-0.041588580599245834,-0.1613116002762393,0.5534304153366574,0.24349060467590355,0.9525162975557917,0.12422762075876724,-0.3328961740382573
0.07032521231063002,-0.021103635612864262,-0.07451753046493159,0.73631668637636,-0.6516632250460617,0.15253339001061228,0.9525246563584838,0.12499195380871436,-0.3326513467410557
0.08171636170488844,-0.016064501292986144,-0.06241446369553173,0.24868264641126225,0.6429716649647901,-0.09274551647183849,0.9525324513142046,0.1257560661455898,-0.3324062375203684
0.09206037107789408,-0.0011705515374096048,-0.041203706607331164,-0.6601344275418162,1.0856317138490146,-0.6934267492028443,0.9525402415515409,0.12652017663549406,-0.3321611259404889
0.10194599846046931,0.013558888020725277,-0.02258618908872769,-0.0767699338996859,0.44678073977860994,-0.3922644027627431,0.952548031788877,0.12728428712539866,-0.33191601436060925
0.108383972297237,0.009890445772050355,-0.0011264029803347091,1.4005366187035044,0.1647090311709253,0.5056430828905363,0.9525557577541621,0.12804848072263553,-0.3316708574778604
0.10918475743921335,-0.017466943415374088,0.024789037093475626,0.9280436673754704,0.853942960501669,0.06056157066967316,0.9525628103931987,0.12881354496811903,-0.3314252259936239
0.11078556706726916,0.03083602593096601,0.02288068083930893,-1.2344798714138236,-0.5621648035796013,-1.0394339234858734,0.9525698630322352,0.12957860921360276,-0.33117959450938717
0.06759046758161405,0.020394804411264306,-0.023210386992475376,0.9375327689692445,0.8416505101295437,0.49884926886295666,0.9525769156712717,0.1303436734590861,-0.33093396302515055
0.05832411420754551,0.026281312418702178,-0.0475667297725795,0.6971316767801253,0.5949343661338369,-0.18799902550462022,0.952584055749203,0.1311087589798086,-0.3306883815727949
0.005895496917411869,0.04298508210202347,-0.05103285604675779,0.7370914783741587,0.2880419190557758,-0.17209922316672,0.9525915873149131,0.1318739397555794,-0.3304430241268155
-0.02335355453421823,0.0456145531455892,-0.03185361477258098,0.7554397433049796,0.9359823615843688,-0.36285621732203666,0.9525991188806235,0.1326391205313497,-0.33019766668083605
-0.01998662621115557,0.04219644502234623,-0.0019918503777457187,0.17160394523923722,1.110154499054996,-0.6599468039321028,0.9526066504463336,0.13340430130712003,-0.3299523092348566
-0.042409545319559865,0.05206668343691312,0.016257759685136323,-0.36739605313463225,-0.5144937740166219,0.172988154091529,0.9526149851576337,0.13416997386716287,-0.3297073854020546
-0.06840337228023216,0.030572993456218,0.01097966014391322,1.0396469838469315,0.32580525354890444,0.7246508809775989,0.9526254056500176,0.13493692359829976,-0.32946358766914635
-0.038333522779705975,0.052550620382994205,0.0032117842412854526,0.30936652964939493,0.8340625041541917,-0.8417949394259576,0.9526358261424017,0.13570387332943676,-0.329219789936238
-0.029166113555046495,0.05652692806588776,-0.020289851524498997,0.11377755323057928,-0.6443972696187602,-0.8524796450583914,0.9526462466347857,0.1364708230605741,-0.32897599220332974
-0.027853960716578217,0.05477669206971288,-0.05990622708397532,0.19457188001063797,-0.011249632657174545,-0.21848188416572611,0.9526576972015586,0.1372381741094581,-0.32873277406659585
-0.01531017389086336,0.05073795046514384,-0.07393175483080186,0.5520453765142916,0.5701238990334929,-0.3456339011688705,0.9526708760042508,0.13800619848034001,-0.3284905283634432
0.010498778160155769,0.04610067485568401,-0.058164571942456514,0.6771387618489626,0.13289222906518952,-0.5942995972367626,0.9526840548069431,0.13877422285122235,-0.3282482826602904
0.029380466794579174,0.04126223072178519,-0.030887884023892042,0.20145780106267747,0.022733669022960375,0.05554068437830928,0.9526972336096351,0.13954224722210423,-0.32800603695713776
0.018364811763016877,0.03888707230945912,0.017259666392594266,0.03009183478837888,1.4607053887679486,-0.03996617003194558,0.952710191455898,0.14031134239107337,-0.3277635787035069
0.03160804155494499,0.026977294551750297,0.013625267554168138,1.6033133552140195,-0.3601282751218056,0.677488608926863,0.9527228990152319,0.14108165049946897,-0.3275208796847325
0.017175776207437245,-4.043488395593254e-05,-0.01239351247023251,0.9383017386821658,0.2036635832857992,0.33171275770452624,0.952735606574566,0.14185195860786418,-0.32727818066595826
0.017275554612114247,-0.0010715727020198526,-0.03637569547554088,-0.6638523814026178,-0.15861999199586194,-0.5635728374069302,0.9527483141339002,0.14262226671625927,-0.3270354816471838
-0.005339529845897395,0.010812205431664956,-0.07247971449147156,-0.39381661604722806,-0.053438018096018856,-0.62573493092472,0.9527617833510451,0.1433915914622741,-0.3267933000354233
-0.037487053065888815,0.0033255096364464866,-0.08862497517160833,0.9252529695005858,0.5046879069838955,0.2267241870351846,0.9527758406128233,0.14416015699468676,-0.3265515178923131
-0.05328616246631099,-0.01715674885951347,-0.05675684960306835,0.8416138249735583,0.4163843282273374,0.6869471296494076,0.9527898978746014,0.14492872252709885,-0.326309735749203
-0.07379469723783116,0.01225370863465194,-0.012828912918701033,-0.7473887922427607,-0.41331556329264624,-0.6042097332626994,0.9528039551363796,0.14569728805951104,-0.32606795360609286
-0.07771090951200896,-0.021208636923277093,0.0381863538613384,1.2116999325188305,0.6718783041891434,0.2956438852285874,0.9528175967339709,0.1464660276301809,-0.32582591462982646
-0.05708179728034126,-0.03341424648862857,0.04874263442562526,0.681752538661038,1.576844069109265,-0.45919958129644556,0.9528310239638682,0.1472348569564294,-0.3255837431987248
-0.04850011147927829,-0.01581612612466048,0.03495793224755262,-0.1322791653558162,-0.4652184290834635,-0.15256730712023803,0.9528444511937655,0.14800368628267793,-0.3253415717676231
-0.06659358553347938,-0.00920449327736547,-0.009577434474214372,0.1455713149841948,-0.820742334450587,0.21278380871415514,0.9528578784236628,0.14877251560892688,-0.32509940033652135
-0.07411901970860886,-0.011924823009989476,-0.05657582504143437,0.4451949212497596,0.35850873022511004,-0.21620763974490487,0.9528713191923486,0.1495405678087142,-0.32485731594048894
-0.051529204611905514,-0.007878718463444814,-0.08191217809244197,0.053721689205048134,0.7021394509161398,-0.9187031594050019,0.9528847643499824,0.15030836808289047,-0.3246152597591216
-0.039081951882892214,0.0007194720749223596,-0.09437414257703507,0.23592637289049226,-0.23273135639538522,-0.30480477895838654,0.9528982095076162,0.15107616835706714,-0.3243732035777542
-0.050620138482252615,0.014953376462805142,-0.08813654863442191,-0.10724242774706833,0.3550258792049389,0.8471228193410969,0.9529116546652497,0.1518439686312434,-0.3241311473963868
-0.022408738409145222,0.016725190468650147,-0.06799029166949494,0.6464046947926129,0.5258388834981998,0.06449443251877263,0.9529250518951469,0.1526142478586609,-0.3238888515763372
0.003367258144743519,0.03161276579702742,0.0012786399570441913,0.1687580077575752,-0.5741380770758238,-0.12076180658873348,0.9529384407084662,0.15338496241445293,-0.32364651367339703
0.024080845474601233,0.037878542912114774,0.03690897738150656,0.06396342090328991,0.46489198496438544,0.21181392348564643,0.9529518295217854,0.15415567697024452,-0.32340417577045705
0.05857654865939519,0.043017936936129555,0.0033109851590341108,0.6976599852601765,0.7441539203944958,0.2142907693943723,0.9529652183351045,0.15492639152603602,-0.323161837867517
0.0951515448292241,0.057339741509567804,-0.059200399507328985,0.9423246244418328,-0.5472065790429015,-0.16008610095640563,0.9529823675735034,0.15570059489373028,-0.3229214625575629
0.09710456574814028,0.07541331978916045,-0.07865374386585743,-0.33665831965993603,0.2952611329016817,-0.09470661742826714,0.9529997312221041,0.15647499718490976,-0.3226811991498406
0.1121707038136,0.0821779583307108,-0.09657907943674683,-0.5031658276301518,0.7083250401279657,-0.45752808395317857,0.9530170948707051,0.15724939947608918,-0.3224409357421184
0.12857735729925912,0.057006721842928314,-0.0582868016099627,0.9770036590863559,-0.2358088962164554,0.6421116663126405,0.953034496776479,0.1580239183241235,-0.32220068604321644
0.1368622920671627,0.05180234055366631,-0.027243506305032982,0.2446946823804319,0.727866331031712,-0.3711564580233979,0.9530527824229544,0.1588011296354943,-0.3219607530180659
0.1437297145328364,0.05497872596918083,0.009898099712177751,-0.38397865011684595,0.43822584954483035,-0.6725337566419185,0.9530710680694296,0.15957834094686504,-0.3217208199929154
0.14293052409914814,0.05173061840701163,0.029979065767318305,0.34396555749238134,0.343991905145638,-0.04488267906463683,0.9530893537159051,0.16035555225823614,-0.32148088696776467
0.13138286699606758,0.036007097778639155,0.007532541344854149,0.9107054117427805,0.2404996845183947,0.34653839001061115,0.9531074401700319,0.161132922537726,-0.32124082418703503
0.10341699303221143,0.015392119595856095,-0.05231800758073513,-0.491026729490025,-1.3217013186699202,-0.18728639213607323,0.9531242711087495,0.1619112947980872,-0.3209999435529579
0.025294755226675524,0.011034537480017573,-0.09008190696436638,0.3211987424017114,0.5110268037701978,0.13439210042500171,0.9531411020474672,0.16268966705844878,-0.32075906291888057
0.03375222862731169,-0.006546532318066548,-0.047688025391578764,0.374073958554731,-0.02856530628284453,-0.23900886131776033,0.9531579329861848,0.16346803931880993,-0.32051818228480344
0.0012843495773698353,-0.012370408500849658,-0.026533046722082163,0.13413110613393925,0.4360115228520523,0.6290390185970907,0.953174774636911,0.16424644794048893,-0.3202773046262841
-0.01498890102943802,-0.014010472948990674,-0.00853501764222718,0.49759798978335634,0.4399390104907572,-0.08092236397483354,0.9531916516755226,0.16502497668437863,-0.32003643679773275
-0.01866469025579181,-0.005232763910519907,0.011132856752691647,0.38614474298614415,0.3187594196725438,-0.8677621184909725,0.953208528714134,0.16580350542826797,-0.31979556896918165
-0.029128660257701493,-0.0003650084080747181,0.023005621984079447,-0.049390217268888925,0.11996770351955573,-0.4335214665251428,0.9532254057527453,0.16658203417215733,-0.3195547011406306
-0.048220107277894525,-0.009510803202547382,0.018823533048902403,0.16578044243363255,0.019181020629364973,0.5448821381507418,0.953243342281261,0.1673599565217856,-0.31931450493800917
-0.04195140975610922,0.0025945738333683615,0.011220959674679752,0.4013009759192761,1.6990633649646094,-0.1012070085015715,0.953263451434644,0.1681366353793839,-0.31907568599362385
-0.021666731233370984,-0.004176598802124723,-0.053344321590308934,1.0510202848458383,-0.43335752663969046,0.2580155100956034,0.9532835605880269,0.168913314236982,-0.3188368670492384
-0.010826035493727567,-0.001821376692347612,-0.06873053493320973,-0.34429296333729176,0.9034734363785846,-0.38908052603632726,0.9533036697414099,0.16968999309458055,-0.31859804810485287
0.015248988819343655,0.006339560051435424,-0.0634395317285751,-0.5308089276301501,0.6560944965693797,-0.5735792964930866,0.9533241767056323,0.17046450664718402,-0.3183596237194473
0.03446219974282583,-0.0070342746245454085,-0.05925067870733486,0.7059350436767575,0.26450826107526176,-0.0951495823592694,0.9533452257846262,0.17123606944102027,-0.3181217370173575
0.04310984653772824,-0.026474052391392812,-0.037812274609463604,1.270110387848705,0.3646102138489593,0.3398041147714803,0.9533662748636204,0.17200763223485688,-0.3178838503152674
0.05514709049596395,-0.027427757144101828,0.00937233052471214,-0.09445959523706363,0.41387508419965013,-0.1269894707759036,0.9533873239426142,0.1727791950286931,-0.31764596361317743
0.07628775729330556,-0.024037356272051356,0.025049434787920564,-0.87086302529233,0.4938351485460967,-1.4049448868226584,0.9534062635635847,0.1735469084601488,-0.3174071443924903
0.06881692425079512,-0.019308941748564207,0.013983099021441165,0.19124513634460538,0.30552047798279897,0.1626198793840654,0.9534232456075097,0.17431104968331593,-0.31716745979454464
0.0838653186110539,-0.04278157768810051,0.029951315807576262,1.4864921698194757,0.8685607149648499,0.680417130180702,0.9534402276514347,0.17507519090648263,-0.3169277751965993
0.06668171624442269,-0.020127363641022886,-0.017426135359058854,0.46964899628067847,-0.4437578538448547,0.1419642529224845,0.9534572096953595,0.17583933212964933,-0.31668809059865394
0.06332993257172886,-0.016980468783947694,-0.04974640202055036,0.5478159152600197,0.26420361990570657,-0.08273670988315729,0.9534350174484723,0.17625721324452578,-0.3162440910899622
0.07071233118384689,-0.02441168550308032,-0.050121332794990814,0.7406127602761324,1.3644721411070766,-0.1794781078640355,0.9533785194473963,0.17636533086928805,-0.31561711770456946
0.06802225746227453,-0.010411104051435582,-0.04288617264924159,-0.2422559268140501,0.3611305524781333,-0.37841252975562156,0.9533127723698193,0.17638545713106626,-0.31493803856181374
0.057665724238054994,0.005775530223059419,-0.03427884476464426,0.18373845647167966,-0.486429091571272,0.27286294473969797,0.9532470252922423,0.1764055833928445,-0.3142589594190579
0.012327616618485167,0.011094714353666959,-0.019736117823330533,0.8787851811903122,1.3354422761233602,0.012991392135992541,0.9531794973432518,0.17642237906163666,-0.31357909160467573
0.009383179647183852,0.002311994915834644,0.002927313842193007,0.1688482520510447,0.14519679195740648,-0.8262188416577718,0.9531112403825718,0.17643781132979106,-0.31289890094225997
-0.00390774818284443,-0.0013775583534533498,0.013131230215214456,-0.06798843091815619,0.04352631962997653,-0.4306206535602062,0.9530429834218916,0.17645324359794545,-0.31221871027984416
-0.031740717259324654,-0.0006542612280549213,0.009372019253485974,0.19511194632312745,0.3703546129563043,0.45430994048897766,0.9529747264612114,0.17646867586609988,-0.31153851961742807
-0.053909244364505615,-0.011666399947183007,-0.007887823035841814,0.7731346542188944,0.692006904199633,0.3895567194474374,0.9529048902869288,0.17648645427665596,-0.3108572321643641
-0.052246813969186526,-0.0313974968749198,-0.0320864866269579,0.8476203108610812,0.4220444552945031,-0.5491306333687458,0.9528346715196601,0.1765048010825363,-0.3101756789939781
-0.034889808232735,-0.03251656514874544,-0.04748676264011117,-0.36563353277889593,-0.800379990933008,-0.5048500074387903,0.9527644527523911,0.1765231478884166,-0.3094941258235917
-0.05999881488522803,-0.02848533024335818,-0.03036031285106264,0.04134246006906811,0.42231838337035,0.17008793517533327,0.9526942339851223,0.17654149469429692,-0.3088125726532057
0.009771809087658902,-0.030344794181721185,-0.011694046969185273,0.5553227437395405,-0.7921436717845758,0.09296274601489607,0.9526231758129649,0.17655706984980518,-0.3081307427559334
0.0011422410565307926,-0.0363825380935187,-0.003995414735599582,0.656788134750266,-0.05736086075379931,0.48876459192357125,0.9525520248034005,0.1765723384633369,-0.3074488822529222
0.013047002012327143,-0.016961498807651607,-0.01438431625143455,0.6971020021253982,0.1402715433051858,-0.06139990967055553,0.9524808737938363,0.1765876070768685,-0.3067670217499114
0.03062488595005313,-0.0027306867867150303,-0.029458347602548538,0.7207944597768362,0.2513465081927621,0.0695844272048376,0.952409722784272,0.17660287569040023,-0.30608516124690044
0.033056023270989214,-0.0013574166241198636,-0.033375718558977835,0.42806778570653764,0.6167058858970154,0.7240753198722754,0.9523370618916046,0.17662255943676947,-0.30540207141338976
0.03553728585866088,0.0159464308065888,-0.021404897438894656,-0.1902737867056265,0.3759059702966187,-0.1174966482465436,0.9522643947077577,0.17664226157952534,-0.304718976457669
0.021642623947930102,0.024393907034004993,-0.004284394845911414,0.5503509270030666,-0.1712492276841587,0.49193323485643425,0.9521917275239107,0.17666196372228124,-0.30403588150194827
0.02573357220828975,0.027181402509033475,0.023208378845913903,0.07477669655038605,1.291347824537106,-0.04680430605748853,0.9521189761742826,0.17668177490648246,-0.3033527302019125
0.01599112649946838,0.015668317567481105,-0.012044366034007364,1.3996529223294718,-0.2035437810955263,0.6015604112646322,0.952045386992561,0.1767026715487071,-0.302669018019837
0.009134855456961327,0.019271783374068284,-0.031631539096704714,0.7356133598302395,0.256081562368662,-0.08689210520700641,0.9519717978108395,0.17672356819093166,-0.30198530583776134
0.019095444374074864,0.03172820719019378,-0.04559452645965423,-0.7909231539853829,0.5078767753867538,-0.8382753783209527,0.9518982086291179,0.17674446483315626,-0.30130159365568526
0.026659725408075756,0.030078691473814128,-0.05091274286151589,-0.5505321216789627,0.03143852252834522,-0.3479581902231139,0.9518241048884164,0.17676678846794197,-0.3006174663832801
0.015098579800526632,0.006994364755366708,-0.022317836413831112,1.699918417555947,0.7363737124219532,0.7694690318810888,0.951747759957492,0.17679532744810486,-0.29993153116188453
0.04890600789447653,0.007136985303829005,0.021945405040344684,0.568216859893417,1.3743983310613543,-0.025106849096891537,0.9516714150265674,0.1768238664282678,-0.29924559594048855
0.06117219630010682,0.022722473753773283,0.019475260753250154,-0.8653056803826386,-0.650135578927671,-0.8787676567481792,0.9515950700956428,0.17685240540843067,-0.2985596607190931
0.022475329407763575,0.029279898381933494,0.02866716013717849,-0.011415234367845306,0.07014060392031383,-0.24582126567492146,0.9515173246971307,0.17688183633758414,-0.29787283376549756
0.03715349784379251,0.016848910942609586,0.036597515721000895,0.7212525544740869,0.7846382034955011,0.06674015834220803,0.9514360163443146,0.1769135364899044,-0.2971837381402761
0.04883007588947848,0.01649648202263641,0.013682982905740226,0.4485685188416011,0.5482605782226703,-0.22482333687570133,0.9513547079914983,0.1769452366422246,-0.29649464251505475
0.037354103634963894,0.030162145049414453,-0.030433336406372767,-0.1524805973751297,-0.23087358858964005,-0.19438898990447662,0.9512733996386822,0.1769769367945448,-0.2958055468898334
0.023594421645156932,0.03927200809351854,-0.06574881623052989,0.08725276858690245,-0.4317003051851753,0.43166906057362553,0.9511902606482465,0.1770098694601488,-0.29511528209351723
-0.006458460850265656,0.04215173947375007,-0.08878232018067707,1.1352545965142427,0.7511109383639681,-0.5012093368757,0.9511041041232731,0.17704483374105562,-0.2944230900921004
-0.005932531431030844,0.025009863494156882,-0.06548883837253086,-0.2977129431241934,0.9140589310313153,-1.0189637470775246,0.9510179475982998,0.17707979802196253,-0.29373089809068365
-0.0016478244693932682,0.03754935193762345,-0.026581270505225574,-0.16731813446325622,0.2384972178005268,-0.01669825823561588,0.9509317910733263,0.17711476230286938,-0.29303870608926647
-0.007833488230287768,0.031802335943994606,0.02737923371889674,0.9473623681722773,1.306761719714107,0.3903330733262589,0.950845198416578,0.17715087663903653,-0.29234616639390704
-0.007018226014177169,0.026340930508289014,0.050502179922930296,0.7748211536929971,0.7736758644013836,-0.26100881509022145,0.95075811989373,0.17718827217711655,-0.2916532393552957
-0.014365162708637382,0.03273269611084357,0.043236871697634356,0.040200199760935695,-0.6583304113693412,-0.7146602752389253,0.950671041370882,0.1772256677151966,-0.290960312316684
-0.04282175385271204,0.04367784085154079,0.02406422720241604,0.07957106357063765,-0.36492766589689557,-0.16001406801273177,0.9505839628480339,0.17726306325327676,-0.2902673852780728
-0.06449470576556718,0.04019956193762159,-0.0160576568783416,-0.11637801464408107,1.3443984686616257,0.060949473963837875,0.9504972060786397,0.17730138110272767,-0.2895745849025858
-0.08298314473857145,0.012411501030081205,-0.06564547468917298,1.0438563273323402,-0.1996987812849942,0.4824326726885264,0.9504106935600425,0.17734039910095645,-0.2888818806801275
-0.09619770225164864,0.02623311374442274,-0.0435517484789421,-0.31512584293322377,0.5237845147827609,0.0739068650371415,0.9503241810414451,0.17737941709918528,-0.288189176457669
-0.10223338631317717,0.02343870370457013,-0.002164490315194457,0.45638130244411734,0.6087043962913792,0.33789293198721815,0.950237668522848,0.1774184350974141,-0.2874964722352107
-0.0978451241029354,0.015777638834220335,0.03071077677538527,0.6948225563444531,0.28799396264461735,0.7809648947926782,0.9501518055260361,0.17745920255366632,-0.286804004357067
-0.0804758846503369,0.01296776698490992,0.04165384171130376,0.005356351073225962,0.2831834394199913,-0.015640383634719868,0.950066271349628,0.17750085567304286,-0.28611165612823214
-0.05933488814027673,0.01827777171923419,0.027421053912367613,-0.3173061446759216,0.3223515522308241,-1.2881856758767967,0.94998073717322,0.17754250879241948,-0.2854193078993977
-0.04986675752178812,0.027649592631205856,-0.0034650672094495992,0.5614183031880067,-0.5611932868344334,0.0962980074387687,0.9498952029968118,0.177584161911796,-0.2847269596705633
-0.037198991060572124,0.004321881404311436,-0.00392158993287985,0.976112479596231,1.144736867257567,0.667287752391152,0.9498124031243358,0.1776279379089621,-0.28403606805171766
-0.005140846871627074,0.016691751127650936,-0.03592742673805805,-0.6797878635493546,0.6248021604875967,-0.3380214187034696,0.949730469861849,0.1776723867307828,-0.2833456380906835
0.0042349345974488604,0.0011057011905467417,-0.02128372422624112,0.5765429521781111,1.0732626878618192,-0.01539344845922841,0.9496485365993623,0.1777168355526036,-0.2826552081296493
0.031342533974501374,0.021109972056329966,0.005353960972761324,-0.10008306811936252,1.1356624470432783,-0.31186742295443537,0.9495666033368757,0.1777612843744244,-0.2819647781686147
0.04344017237832139,0.030940202719448064,0.02137514960785415,-0.17022161115839496,0.8406147488499217,-0.19351297024444847,0.9494846832093518,0.17780418699220696,-0.2812744510981224
0.03144690958650207,0.01702437057066508,0.025478899124693664,0.9714486235391242,0.5061631325694618,0.2104570892670239,0.9494027653134963,0.17784682690541986,-0.28058414150903294
0.03366563576549971,0.03747432630998986,0.02141809723274124,-0.550001713379429,0.08175592761720521,-0.9877482794898302,0.9493208474176408,0.17788946681863263,-0.27989383191994305
0.0022527688158344955,0.04102201568703504,-0.026467170836245064,-0.8287300128480315,0.14440555407839595,-0.5293519776833193,0.9492389295217853,0.17793210673184554,-0.2792035223308535
0.0008567751809778479,0.007987874062705434,-0.021261556713983762,0.9875260712855318,0.4195673282972621,0.8802862688626547,0.9491539258448459,0.17797247368012753,-0.27851161387885215
-0.005313162405633591,-0.0031417619792785583,-0.0351655262083954,0.8946316309244582,0.6456232733345547,-0.0375447874603978,0.9490687604675876,0.17801272152107697,-0.27781962164364116
-0.018469081695536727,0.011887642652497442,-0.04002903527616295,-0.5197170959617502,0.025829722484343388,-0.594849351753453,0.9489835950903294,0.17805296936202628,-0.27712762940843055
-0.0406199263118975,0.017193494658344785,-0.021330917640554243,-0.44078189203009877,0.5029876217613745,-0.5198082911796398,0.948898344378321,0.17809322731455898,-0.2764355850371944
-0.05476364339819088,0.0033398527084995784,0.008009629402210392,0.378367286524673,1.0722654950769164,-0.28186198087137804,0.9488113093942613,0.1781336966911088,-0.27574245054906094
-0.04263650215908598,-0.0027985832837404195,0.02152517743686454,-0.7088424273538572,-0.6533278795241303,-0.07314556641869707,0.9487242744102018,0.17817416606765848,-0.27504931606092786
-0.03667052656291312,0.013026611616686504,0.01719086132659983,0.559856953156257,0.16335750921110878,0.21130329755591504,0.9486372394261424,0.17821463544420837,-0.27435618157279484
-0.027302946120051404,-0.0017558848365596207,0.000278874855408036,0.30004968556849176,1.035380483175288,-0.5832111551542525,0.9485513418703507,0.1782554780619909,-0.27366368806234476
-0.0261005067300744,0.000279380754516632,-0.02504708273177551,0.02188288918171319,0.7534852201570318,0.5494311934113085,0.9484723692454835,0.1782985930602197,-0.2729750969748493
-0.01770207695961918,-0.012149491869497738,-0.03643224479344814,0.3811105535174426,0.5108713872771503,0.27176651859738854,0.9483933966206164,0.1783417080584485,-0.27228650588735376
0.0017184287640862848,-0.023333007881509268,-0.02280586287194322,0.45428134782137236,0.4018358121655194,-0.6386860042509639,0.9483144239957492,0.17838482305667733,-0.27159791479985795
0.005439597887352416,-0.019226565883134313,0.0017956233893458929,-0.03162199045698488,0.22839572637913652,-0.6344086705631735,0.9482375381402762,0.17842814321856187,-0.27091052610343597
-0.01341504124973963,-0.00993350106269763,0.01722293542507783,-0.2459550453774073,0.2302651928720691,0.3993639553666579,0.948167388522848,0.17847212566312443,-0.2702270188097768
0.025300269154088294,-0.02184458586089051,0.030278098395985154,0.8338580584483288,1.3449860147367516,0.21526075132840816,0.9480972389054196,0.17851610810768692,-0.26954351151611733
0.011669014148777137,-0.013964782941551014,0.011043801354284802,0.2609163253984804,-0.9354360799057504,0.3657221392136112,0.9480270892879914,0.17856009055224942,-0.2688600042224581
0.016481610622740915,0.0009890075449503202,-0.02059989381720213,-0.06990875124332346,1.086319537076372,-0.2219930255047018,0.94795873010627,0.17860347303931984,-0.26817760213602543
0.016463683708819715,0.011399141130076458,-0.03969968133407839,-0.07669442456851847,0.8118943390317062,-0.46923163655687183,0.947893974176408,0.17864564811193767,-0.26749742427913525
0.005436398342219875,0.0071584931809767615,-0.043531244763370225,0.6925460539671451,-0.2794927278539446,0.1854584516472677,0.9478292182465462,0.1786878231845555,-0.26681724642224564
-0.01866869641604336,-0.005253416864398527,-0.03675303065828506,0.7862352270352483,-0.06553001146622174,0.5552730499469636,0.9477644623166843,0.17872999825717326,-0.26613706856535585
-0.040666013259826536,-0.009768833036234539,-0.023736190464911648,-0.5293474911370749,1.095461881519908,-0.3862047290119186,0.9477012749202975,0.17877150946687928,-0.2654578637902937
-0.029831204200533274,0.002241622347714278,-0.004213608542490777,-0.3546930852283394,0.1484185429867249,-1.1223357523909527,0.9476401890541977,0.17881213122918888,-0.26477996275593313
-0.0534918464959596,-0.009045629522634473,0.022473653843264035,1.376043727736294,0.4773568142937885,0.3518539181720257,0.9475791031880978,0.1788527529914984,-0.2641020617215726
-0.07257048893146084,-0.026667294255583947,0.043042614349505515,0.15672050820363737,0.8151255732103191,0.8788996089267886,0.9475180173219979,0.178893374753808,-0.2634241606872118
-0.0750752363862909,-0.019453717479275788,0.022579672565357874,-0.2837069696068092,0.09409426910918044,-0.45966902763036366,0.9474562807013815,0.17893396973609638,-0.2627458753595463
-0.08863881165727755,-0.03430018967427978,-0.003640671615132161,0.04931276410197072,0.20634181576169583,-0.43023866631254215,0.9473939501381508,0.17897454027630189,-0.2620672392879913
-0.10503228858416462,-0.041223206794907256,-0.0368616096560047,0.015260137428497855,0.761028084624714,-0.09776649946837068,0.9473316195749203,0.17901511081650728,-0.2613886032164364
-0.11207031256928945,-0.027094353378643958,-0.059380975699752495,-0.25254366979792026,0.7703368818191905,-0.7121126865036338,0.9472692890116896,0.1790556813567127,-0.26070996714488104
-0.12190184186663279,-0.05836724259766457,-0.008974928654077926,0.9036816505846363,0.7748227983547386,-0.12559465143456805,0.9472065309245484,0.17909624714665254,-0.260031084059511
-0.09790278504219482,-0.01944939938449379,0.009802768519138631,-1.447602446120592,1.1879490179083638,-1.3024051413387205,0.9471435088629119,0.1791368100035424,-0.2593520484555437
-0.09145401079564229,-0.015360637165568316,0.023057895390558112,0.04025576252943219,-0.32457652540735643,0.13168888841677173,0.9470804868012752,0.17917737286043223,-0.25867301285157607
-0.07404362141626038,-0.04008885138767102,0.015531550614786796,-0.4593481402231084,-0.3502946659176419,-0.5739035961742118,0.9470174647396387,0.17921793571732203,-0.2579939772476088
-0.04401851477439693,-0.04636095526652718,-0.016291660086585728,-0.08886523395353219,0.012405544432271457,-0.4900294133902303,0.9469548137300745,0.1792588389185264,-0.25731513356712715
-0.022294471418384032,-0.03285530365865862,-0.05583181658075522,-0.01663008480358663,0.013409050956891856,-0.2590056397450393,0.946892311572795,0.17929987865320585,-0.25663636687920627
-0.0027783406723719275,-0.023400376077045315,-0.06597210341113248,-0.44298355961750224,0.22107641146697532,-0.5886371360255218,0.9468298094155154,0.17934091838788524,-0.25595760019128566
0.04406229385047884,-0.028979836397773934,-0.018238152883785295,0.9629059872480071,1.356188832317633,-0.2076215961742367,0.9467673072582359,0.17938195812256463,-0.2552788335033651
0.04136190977166801,-0.002635601285543408,0.016330989497033186,-0.9281095111586184,-0.711426550254836,-0.42611414665252845,0.9467052775770456,0.17942395213460866,-0.2546002574636909
0.030835239200882335,-0.022181726703825178,0.01787025690319763,0.3394124822528872,-0.26683602483478186,0.1801019234856387,0.9466433593517534,0.17946617125823597,-0.25392172639744937
0.04545901210839129,-0.037178801514131214,0.028898624537684516,0.5250009456960865,1.1814933901489615,-0.3891060148776191,0.9465814411264611,0.17950839038186325,-0.2532431953312078
0.04814721152603502,-0.039786619165568006,0.012849770146241751,0.1234554361104302,0.1319337322959153,-0.36077004144519087,0.946519522901169,0.17955060950549068,-0.25256466426496604
0.03588807265143487,-0.04261208638660987,-0.020061236383402008,0.1489960339851137,-0.5786033748230552,0.24244852497342428,0.9464577367268863,0.1795932678724761,-0.251886209649309
0.026083078679063527,-0.05246929005632107,-0.05562374218488292,0.5164354897343693,0.11670129816355483,0.17201186291210746,0.9463959644845907,0.1796359725816507,-0.25120776309953946
0.03362947962061814,-0.061538774310308214,-0.08578289891602417,0.23485595234847884,-0.14767166814888158,-0.9576977481399762,0.9463341922422954,0.1796786772908254,-0.2505293165497694
0.043958183,-0.0614634095,-0.0675585100697214,-0.26888934,0.33292761165976004,0.7899189999999994,0.9462724200000001,0.179721382,-0.24985086999999995
