timestamp,timestamp_sample,vibe[0],vibe[1],vibe[2],output_tracking_error[0],output_tracking_error[1],output_tracking_error[2],control_mode_flags,filter_fault_flags,pos_horiz_accuracy,pos_vert_accuracy,mag_test_ratio,vel_test_ratio,pos_test_ratio,hgt_test_ratio,tas_test_ratio,hagl_test_ratio,beta_test_ratio,time_slip,accel_device_id,gyro_device_id,baro_device_id,mag_device_id,gps_check_fail_flags,innovation_check_flags,solution_status_flags,reset_count_vel_ne,reset_count_vel_d,reset_count_pos_ne,reset_count_pod_d,reset_count_quat,pre_flt_fail_innov_heading,pre_flt_fail_innov_vel_horiz,pre_flt_fail_innov_vel_vert,pre_flt_fail_innov_height,pre_flt_fail_mag_field_disturbed,health_flags,timeout_flags
611000,611000,3.3591038e-10,1.9644456e-05,0.0035973182,6.973788e-05,0.00042411522,5.974213e-06,512,0,0.70622146,3.5000029,0.0,nan,nan,1.1754944e-38,0.0,0.0,0.0,0.0,1310996,1310996,6620172,197644,0,0,228,1,0,1,0,1,0,0,0,0,0,0,0
623000,623000,3.3436542e-10,1.9825311e-05,0.003502499,0.000120082885,0.0010118695,1.677317e-05,512,0,0.7097526,3.5000114,0.0,nan,nan,1.1754944e-38,0.0,0.0,0.0,0.0,1310996,1310996,6620172,197644,0,0,228,1,0,1,0,1,0,0,0,0,0,0,0
807000,807000,3.8342093e-10,2.1791733e-05,0.003891789,0.00012889843,0.0009632835,0.011116674,512,0,1.3338501,1.7505233,0.0,nan,nan,0.0018631575,0.0,0.0,0.0,0.0,1310996,1310996,6620172,197644,0,0,228,1,0,1,0,1,0,0,0,0,0,0,0
1011000,1007000,4.5711845e-10,2.4314575e-05,0.0047866516,4.9755534e-05,0.00047792587,0.0044292267,512,0,1.216883,1.2400355,0.0,nan,nan,0.0015098014,0.0,0.0,0.0,0.0,1310996,1310996,6620172,197644,0,0,228,1,0,1,0,1,0,0,0,0,0,0,0
1211000,1211000,4.8453364e-10,2.6945143e-05,0.0063962983,5.567107e-06,0.0016862357,0.0031662844,512,0,0.96046877,1.0172398,0.0,nan,nan,0.0014855943,0.0,0.0,0.0,0.0,1310996,1310996,6620172,197644,0,0,228,1,0,1,0,1,0,0,0,0,0,0,0
1407000,1407000,4.750384e-10,2.7291986e-05,0.005695349,1.5148421e-05,0.0022163517,0.006032114,512,0,0.84697336,0.8905585,0.0,nan,nan,0.002273724,0.0,0.0,0.0,0.0,1310996,1310996,6620172,197644,0,0,228,1,0,1,0,1,0,0,0,0,0,0,0
1607000,1607000,4.939838e-10,2.6880483e-05,0.005037588,5.6773802e-05,0.0025939576,0.0044650068,512,0,0.7595583,0.8120631,0.0,nan,nan,0.00026954242,0.0,0.0,0.0,0.0,1310996,1310996,6620172,197644,0,0,228,1,0,1,0,1,0,0,0,0,0,0,0
1807000,1807000,5.6717914e-10,2.8572422e-05,0.004920209,0.0001410014,0.0029185065,0.0027380486,512,0,0.6981921,0.7624253,0.0,nan,nan,0.0020677212,0.0,0.0,0.0,0.0,1310996,1310996,6620172,197644,0,0,228,1,0,1,0,1,0,0,0,0,0,0,0
2007000,2007000,5.4374805e-10,2.846303e-05,0.005116204,0.00024250036,0.0031736554,0.0031150815,512,0,0.67413884,0.732388,0.0,nan,nan,0.0011358497,0.0,0.0,0.0,0.0,1310996,1310996,6620172,197644,0,0,228,1,0,1,0,1,0,0,0,0,0,0,0
2211000,2211000,6.029102e-10,2.902783e-05,0.0054215905,0.0004089985,0.0038419468,0.0033113551,512,0,0.66898453,0.7165214,0.0,nan,nan,0.00013378044,0.0,0.0,0.0,0.0,1310996,1310996,6620172,197644,0,0,228,1,0,1,0,1,0,0,0,0,0,0,0
2408000,2408000,6.0721594e-10,2.9303752e-05,0.005174622,0.00052689324,0.0044047856,0.0033990226,512,0,0.672013,0.7261806,0.0,nan,nan,0.0014534212,0.0,0.0,0.0,0.0,1310996,1310996,6620172,197644,0,0,228,1,0,1,0,1,0,0,0,0,0,0,0
2611000,2611000,5.6636856e-10,2.9682215e-05,0.006897501,0.0004565106,0.0038750626,0.0035351259,512,0,0.6799164,0.7279805,0.0,nan,nan,0.0017267356,0.0,0.0,0.0,0.0,1310996,1310996,6620172,197644,0,0,228,1,0,1,0,1,0,0,0,0,0,0,0
2820000,2820000,5.805705e-10,2.9345987e-05,0.0060724486,0.0002678265,0.0020388938,0.0017923977,512,0,0.68929476,0.73798704,0.0,nan,nan,0.00019147762,0.0,0.0,0.0,0.0,1310996,1310996,6620172,197644,0,0,228,1,0,1,0,1,0,0,0,0,0,0,0
3020000,3020000,5.584893e-10,2.8990718e-05,0.0068057515,7.619627e-05,0.0012124062,0.0010584727,512,0,0.6748256,0.74680567,0.0,nan,nan,0.0005320286,0.0,0.0,0.0,0.0,1310996,1310996,6620172,197644,0,0,228,1,0,1,0,1,0,0,0,0,0,0,0
3207000,3207000,5.8138566e-10,3.0375288e-05,0.0075856266,0.00019669661,0.0034935717,0.0034532964,512,0,0.65032315,0.7521496,0.0,nan,nan,0.0037093915,0.0,0.0,0.0,0.0,1310996,1310996,6620172,197644,0,0,228,1,0,1,0,1,0,0,0,0,0,0,0
3407000,3407000,6.8933065e-10,3.2421536e-05,0.007567257,0.00031788045,0.005209693,0.004445195,512,0,0.6393351,0.7793481,0.0,nan,nan,0.0019523614,0.0,0.0,0.0,0.0,1310996,1310996,6620172,197644,0,0,228,1,0,1,0,1,0,0,0,0,0,0,0
3612000,3612000,6.4804273e-10,3.1756368e-05,0.0075500477,0.00041222145,0.0064987224,0.005661422,512,0,0.62299824,0.7872153,0.0,nan,nan,0.00075508066,0.0,0.0,0.0,0.0,1310996,1310996,6620172,197644,0,0,228,1,0,1,0,1,0,0,0,0,0,0,0
3807000,3807000,6.2092453e-10,3.0772335e-05,0.0068001566,0.0004350376,0.007027534,0.006146213,512,0,0.604991,0.79262227,0.0,nan,nan,0.00037453705,0.0,0.0,0.0,0.0,1310996,1310996,6620172,197644,0,0,228,1,0,1,0,1,0,0,0,0,0,0,0
4011000,4011000,6.7468997e-10,3.2313685e-05,0.007842132,0.00043717277,0.0072769793,0.007117316,512,0,0.58742094,0.7960871,0.0,nan,nan,0.0033066375,0.0,0.0,0.0,0.0,1310996,1310996,6620172,197644,0,0,228,1,0,1,0,1,0,0,0,0,0,0,0
4207000,4207000,6.1636773e-10,3.166492e-05,0.007453805,0.00046077665,0.007909018,0.009659398,512,0,0.57115585,0.79724646,0.0,nan,nan,0.002030405,0.0,0.0,0.0,0.0,1310996,1310996,6620172,197644,0,0,228,1,0,1,0,1,0,0,0,0,0,0,0
4408000,4408000,6.288177e-10,3.1425552e-05,0.007410979,0.0004514784,0.0075024795,0.009119685,512,0,0.5560089,0.818036,0.0,nan,nan,0.0016214136,0.0,0.0,0.0,0.0,1310996,1310996,6620172,197644,0,0,228,1,0,1,0,1,0,0,0,0,0,0,0
4607000,4607000,6.468438e-10,3.1734304e-05,0.007784592,0.00042094744,0.006556705,0.007920547,512,0,0.54617774,0.81540895,0.0,nan,nan,0.0030111473,0.0,0.0,0.0,0.0,1310996,1310996,6620172,197644,0,0,228,1,0,1,0,1,0,0,0,0,0,0,0
4811000,4811000,6.811505e-10,3.123869e-05,0.00888698,0.00038718813,0.006071999,0.007880199,512,0,0.5351101,0.81163406,0.0,nan,nan,0.003177149,0.0,0.0,0.0,0.0,1310996,1310996,6620172,197644,0,0,228,1,0,1,0,1,0,0,0,0,0,0,0
5008000,5008000,6.9706024e-10,3.1541822e-05,0.009714201,0.00035878547,0.0050753155,0.0055651716,512,0,0.5155758,0.8026781,0.0,nan,nan,0.0008370219,0.0,0.0,0.0,0.0,1310996,1310996,6620172,197644,0,0,228,1,0,1,0,1,0,0,0,0,0,0,0
5207000,5207000,6.9768513e-10,3.2239896e-05,0.010284592,0.0003209796,0.004367663,0.0050681042,512,0,0.50787663,0.79766655,0.0,nan,nan,3.2261414e-05,0.0,0.0,0.0,0.0,1310996,1310996,6620172,197644,0,0,228,1,0,1,0,1,0,0,0,0,0,0,0
5407000,5407000,6.994101e-10,3.312481e-05,0.011634798,0.00028188658,0.0037662631,0.004088467,512,0,0.5022045,0.81745875,0.0,nan,nan,0.0016899257,0.0,0.0,0.0,0.0,1310996,1310996,6620172,197644,0,0,228,1,0,1,0,1,0,0,0,0,0,0,0
5607000,5607000,6.5314953e-10,3.2477976e-05,0.009635997,0.00021910881,0.003238593,0.0035021247,512,0,0.48938525,0.81017715,0.0,nan,nan,0.0011717512,0.0,0.0,0.0,0.0,1310996,1310996,6620172,197644,0,0,228,1,0,1,0,1,0,0,0,0,0,0,0
5807000,5807000,5.713595e-10,3.0066609e-05,0.007030484,0.00014578988,0.0026024978,0.003759351,512,0,0.47752142,0.8028085,0.0,nan,nan,0.0016791599,0.0,0.0,0.0,0.0,1310996,1310996,6620172,197644,0,0,228,1,0,1,0,1,0,0,0,0,0,0,0
6007000,6007000,6.4160943e-10,3.111209e-05,0.006950006,7.0790185e-05,0.0018004419,0.0028208953,512,0,0.4664326,0.79524195,0.0,nan,nan,0.00018430765,0.0,0.0,0.0,0.0,1310996,1310996,6620172,197644,0,0,228,1,0,1,0,1,0,0,0,0,0,0,0
6212000,6212000,6.444747e-10,3.16374e-05,0.0071153115,2.6977184e-05,0.0017914063,0.0025154888,512,0,0.4584076,0.787394,0.0,nan,nan,0.00010322391,0.0,0.0,0.0,0.0,1310996,1310996,6620172,197644,0,0,228,1,0,1,0,1,0,0,0,0,0,0,0
6408000,6408000,6.9673595e-10,3.2968564e-05,0.0083335955,1.7728978e-05,0.0023379235,0.0042073266,512,0,0.58820176,0.77990574,0.0,nan,nan,0.0008778458,0.0,0.0,0.0,0.0,1310996,1310996,6620172,197644,0,0,228,1,0,1,0,1,0,0,0,0,0,0,0
6604000,6604000,6.587901e-10,3.1582767e-05,0.008272344,2.8451343e-05,0.002734215,0.0052333265,512,0,0.56679684,0.78866994,0.0,nan,nan,0.00063780305,0.0,0.0,0.0,0.0,1310996,1310996,6620172,197644,0,0,228,1,0,1,0,1,0,0,0,0,0,0,0
6811000,6811000,7.050713e-10,3.182478e-05,0.008244559,8.842765e-05,0.0019558086,0.0025122166,531,0,0.55641663,0.78453684,0.00454108,nan,nan,0.0012670122,0.0,0.0,0.0,0.0,1310996,1310996,6620172,197644,0,0,229,1,0,1,0,2,0,0,0,0,0,0,0
7019000,7019000,6.373267e-10,3.0451656e-05,0.0065081883,0.00021434223,0.0013600826,0.0016520447,531,0,0.5348145,0.7802853,0.0023426276,nan,nan,0.0021334484,0.0,0.0,0.0,0.0,1310996,1310996,6620172,197644,0,0,229,1,0,1,0,2,0,0,0,0,0,0,0
7219000,7219000,6.830816e-10,3.1445714e-05,0.007301121,5.4314332e-05,0.0013586176,0.0020310476,531,0,0.5088101,0.77255034,0.00290449,nan,nan,0.00022078377,0.0,0.0,0.0,0.0,1310996,1310996,6620172,197644,0,0,229,1,0,1,0,2,0,0,0,0,0,0,0
7407000,7407000,6.573142e-10,3.1453135e-05,0.0073133972,2.7524606e-05,0.00088482164,0.0009006946,531,0,0.4862126,0.77980363,0.0007449387,nan,nan,0.00323251,0.0,0.0,0.0,0.0,1310996,1310996,6620172,197644,0,0,229,1,0,1,0,2,0,0,0,0,0,0,0
7608000,7608000,6.166117e-10,3.1224114e-05,0.008142802,0.00011662348,0.0007586812,0.00076159625,531,0,0.4763359,0.77139354,0.0132414745,nan,nan,0.0028888613,0.0,0.0,0.0,0.0,1310996,1310996,6620172,197644,0,0,229,1,0,1,0,2,0,0,0,0,0,0,0
7807000,7807000,6.7265266e-10,3.139562e-05,0.008589654,0.00019712595,0.000657308,0.00078633893,531,0,0.4723479,0.7630474,0.0039398205,nan,nan,0.002509886,0.0,0.0,0.0,0.0,1310996,1310996,6620172,197644,0,0,229,1,0,1,0,2,0,0,0,0,0,0,0
8007000,8007000,6.2764144e-10,3.1188203e-05,0.007700314,0.00021580227,0.0010669057,0.0020489665,531,0,0.47276393,0.75492895,0.004385072,nan,nan,0.0009073579,0.0,0.0,0.0,0.0,1310996,1310996,6620172,197644,0,0,229,1,0,1,0,2,0,0,0,0,0,0,0
8207000,8207000,6.010097e-10,3.044211e-05,0.014136574,0.0002447357,0.0014012409,0.0029776818,531,0,0.4601447,0.75536525,0.0032700987,nan,nan,0.0003763235,0.0,0.0,0.0,0.0,1310996,1310996,6620172,197644,0,0,229,1,0,1,0,2,0,0,0,0,0,0,0
8411000,8411000,6.468697e-10,3.1436695e-05,0.011537838,0.00027126467,0.00095896446,0.001930838,531,0,0.4836052,0.7400595,0.0075611384,nan,nan,0.00097064034,0.0,0.0,0.0,0.0,1310996,1310996,6620172,197644,0,0,229,1,0,1,0,2,0,0,0,0,0,0,0
8608000,8608000,6.587779e-10,3.083681e-05,0.009674039,0.00027832,0.0010235639,0.0018928035,531,0,0.4827422,0.7467623,0.002143623,nan,nan,0.0017333842,0.0,0.0,0.0,0.0,1310996,1310996,6620172,197644,0,0,229,1,0,1,0,2,0,0,0,0,0,0,0
8807000,8807000,6.44979e-10,3.0472895e-05,0.00963835,4.72076e-05,0.0012962812,0.001292343,531,0,0.4785061,0.7351105,0.0015442431,nan,nan,0.0010371744,0.0,0.0,0.0,0.0,1310996,1310996,6620172,197644,0,0,229,1,0,1,0,2,0,0,0,0,0,0,0
9016000,9016000,6.3300115e-10,3.070643e-05,0.009043033,0.00018209143,0.0020588143,0.0022654294,531,0,0.47634417,0.7254438,0.0013418393,nan,nan,0.00011518988,0.0,0.0,0.0,0.0,1310996,1310996,6620172,197644,0,0,229,1,0,1,0,2,0,0,0,0,0,0,0
9212000,9212000,6.540884e-10,3.060387e-05,0.008987357,0.00012720338,0.0030347544,0.004125818,531,0,0.4625327,0.7105263,0.000633402,nan,nan,0.0011989132,0.0,0.0,0.0,0.0,1310996,1310996,6620172,197644,0,0,229,1,0,1,0,2,0,0,0,0,0,0,0
9411000,9411000,7.779804e-10,3.3017226e-05,0.010004707,0.00014137507,0.0032863065,0.0041309507,531,0,0.45371956,0.71248674,0.002087932,nan,nan,0.0017358287,0.0,0.0,0.0,0.0,1310996,1310996,6620172,197644,0,0,229,1,0,1,0,2,0,0,0,0,0,0,0
9611000,9611000,7.6640755e-10,3.412155e-05,0.0109839495,0.00022188576,0.0033498865,0.0047791437,531,0,0.4450512,0.6997697,0.00023519737,nan,nan,0.0006711175,0.0,0.0,0.0,0.0,1310996,1310996,6620172,197644,0,0,229,1,0,1,0,2,0,0,0,0,0,0,0
9811000,9811000,7.334837e-10,3.3815006e-05,0.0103602065,9.481119e-05,0.003267567,0.0046882965,531,0,0.4351589,0.6874948,0.01339906,nan,nan,0.0005427415,0.0,0.0,0.0,0.0,1310996,1310996,6620172,197644,0,0,229,1,0,1,0,2,0,0,0,0,0,0,0
10011000,10011000,6.893492e-10,3.2899705e-05,0.009487551,0.000112481255,0.0030940387,0.0044380752,531,0,0.42484123,0.67590994,0.0046613757,nan,nan,9.710122e-05,0.0,0.0,0.0,0.0,1310996,1310996,6620172,197644,0,0,229,1,0,1,0,2,0,0,0,0,0,0,0
10211000,10211000,6.7433736e-10,3.2271142e-05,0.00945552,0.00021603197,0.0070325397,0.007435445,535,0,0.32554653,0.64538085,0.012028721,0.015386472,0.012573486,0.0003033773,0.0,0.0,0.0,0.0,1310996,1310996,6620172,197644,0,0,895,2,1,2,0,2,0,0,0,0,0,0,0
10407000,10407000,6.5605726e-10,3.1844364e-05,0.009574259,0.00038951598,0.01433253,0.010630998,535,0,0.27678552,0.60764587,0.008407245,0.017641941,0.025219532,0.00021253123,0.0,0.0,0.0,0.0,1310996,1310996,6620172,197644,0,0,895,2,1,2,0,2,0,0,0,0,0,0,0
10608000,10608000,6.5895284e-10,3.132823e-05,0.008425119,0.0003600547,0.01190964,0.016853603,535,0,0.24717617,0.57664764,0.0052502924,0.02987287,0.020190883,0.0012175917,0.0,0.0,0.0,0.0,1310996,1310996,6620172,197644,0,0,895,2,1,2,0,2,0,0,0,0,0,0,0
10808000,10808000,6.533855e-10,3.251838e-05,0.008314006,0.0005137173,0.010559956,0.0093011,535,0,0.22748265,0.55060035,0.0060909023,0.021707797,0.009783927,0.0010612856,0.0,0.0,0.0,0.0,1310996,1310996,6620172,197644,0,0,895,2,1,2,0,2,0,0,0,0,0,0,0
11007000,11007000,6.941135e-10,3.3048076e-05,0.0084522925,0.0001410956,0.00236941,0.00567774,535,0,0.21366423,0.5283604,0.0025741602,0.010965615,0.0156163275,0.0012530428,0.0,0.0,0.0,0.0,1310996,1310996,6620172,197644,0,0,895,2,1,2,0,2,0,0,0,0,0,0,0
11215000,11215000,6.4697375e-10,3.2358555e-05,0.008158975,0.00065213355,0.006479529,0.005918814,535,0,0.2038058,0.5146137,0.0036440222,0.028605783,0.01695961,0.00169116,0.0,0.0,0.0,0.0,1310996,1310996,6620172,197644,0,0,895,2,1,2,0,2,0,0,0,0,0,0,0
11407000,11407000,6.785128e-10,3.2644723e-05,0.008211837,0.00069086836,0.0118495105,0.012755298,535,0,0.1968281,0.49731624,0.0031597621,0.035334278,0.01399074,0.00070970645,0.0,0.0,0.0,0.0,1310996,1310996,6620172,197644,0,0,895,2,1,2,0,2,0,0,0,0,0,0,0
11615000,11588000,6.8532685e-10,3.2401516e-05,0.008551277,0.0006686254,0.009674528,0.012020733,535,0,0.18924299,0.4857624,0.001418638,0.011851435,0.016798658,8.65664e-05,0.0,0.0,0.0,0.0069999998,1310996,1310996,6620172,197644,0,0,895,2,1,2,0,2,0,0,0,0,0,0,0
11815000,11788000,6.8121786e-10,3.2098545e-05,0.008443002,0.00044825306,0.008712361,0.008904163,535,0,0.1853521,0.4718784,0.002177327,0.012799037,0.02448568,0.0026274007,0.0,0.0,0.0,0.0069999998,1310996,1310996,6620172,197644,0,0,895,2,1,2,0,2,0,0,0,0,0,0,0
12004000,11975000,6.397868e-10,3.1605687e-05,0.008065983,0.00082246965,0.008972412,0.008815056,535,0,0.18169352,0.4591806,0.0064367615,0.01838674,0.027025448,0.0023973978,0.0,0.0,0.0,0.0069999998,1310996,1310996,6620172,197644,0,0,895,2,1,2,0,2,0,0,0,0,0,0,0
12207000,12207000,7.1904577e-10,3.30753e-05,0.010144704,0.0009527046,0.014770131,0.014036028,535,0,0.17631206,0.44677305,0.00153038,0.022298407,0.015941313,0.002077271,0.0,0.0,0.0,0.075,1310996,1310996,6620172,197644,0,0,895,2,1,2,0,2,0,0,0,0,0,0,0
12412000,12412000,6.7472417e-10,3.0980216e-05,0.008119366,0.00047823292,0.008075864,0.0085210735,535,0,0.1764503,0.43738633,0.0010065387,0.008738077,0.018928224,0.0016495428,0.0,0.0,0.0,0.075,1310996,1310996,6620172,197644,0,0,895,2,1,2,0,2,0,0,0,0,0,0,0
12604000,12604000,6.8194317e-10,3.1091695e-05,0.007919397,0.00069747935,0.011845375,0.011680606,535,0,0.17508157,0.428241,0.0019961952,0.025227973,0.0073893196,0.0017022016,0.0,0.0,0.0,0.075,1310996,1310996,6620172,197644,0,0,895,2,1,2,0,2,0,0,0,0,0,0,0
12820000,12820000,7.05907e-10,3.3016036e-05,0.009070416,0.0002944775,0.007951202,0.009996004,535,0,0.1756084,0.4206972,0.00672953,0.015792117,0.00630197,0.0011631623,0.0,0.0,0.0,0.075,1310996,1310996,6620172,197644,0,0,895,2,1,2,0,2,0,0,0,0,0,0,0
13011000,12976000,6.6331224e-10,3.19484e-05,0.008563428,0.00047862378,0.0068902746,0.011092098,535,0,0.17168604,0.41482553,0.003910627,0.019769639,0.024933178,0.0027209457,0.0,0.0,0.0,0.075,1310996,1310996,6620172,197644,0,0,895,2,1,2,0,2,0,0,0,0,0,0,0
13211000,13176000,6.350295e-10,3.0642554e-05,0.00890939,0.00023581718,0.0007028546,0.0028469649,535,0,0.17162524,0.41093373,0.0023977158,0.011036447,0.014847886,0.0020520797,0.0,0.0,0.0,0.075,1310996,1310996,6620172,197644,0,0,895,2,1,2,0,2,0,0,0,0,0,0,0
13415000,13383000,6.4083255e-10,3.1080384e-05,0.008086886,0.0005606426,0.008314368,0.009068374,535,0,0.17250769,0.4051306,0.0014007799,0.033032846,0.009296919,0.00032479444,0.0,0.0,0.0,0.075,1310996,1310996,6620172,197644,0,0,895,2,1,2,0,2,0,0,0,0,0,0,0
13615000,13583000,6.553802e-10,3.1508036e-05,0.009439874,0.00046279162,0.0088534085,0.011054625,535,0,0.17235051,0.3994388,0.0068531963,0.030001307,0.028142722,0.0018124556,0.0,0.0,0.0,0.075,1310996,1310996,6620172,197644,0,0,895,2,1,2,0,2,0,0,0,0,0,0,0
13811000,13783000,6.427334e-10,3.0283978e-05,0.008585026,0.0007845894,0.011026838,0.010198704,535,0,0.17228696,0.39424643,0.0033089572,0.0366323,0.0025425754,0.0003703941,0.0,0.0,0.0,0.075,1310996,1310996,6620172,197644,0,0,895,2,1,2,0,2,0,0,0,0,0,0,0
14003000,13967000,5.9899197e-10,2.9221916e-05,0.006383895,0.0004270982,0.0071249004,0.007710439,535,0,0.17035794,0.3885744,0.004293585,0.0066086655,0.01114066,0.0006377739,0.0,0.0,0.0,0.075,1310996,1310996,6620172,197644,0,0,895,2,1,2,0,2,0,0,0,0,0,0,0
14211000,14183000,6.1810396e-10,3.106119e-05,0.007537195,0.00052479346,0.0061042346,0.0042925505,535,0,0.1720435,0.38509372,0.0021018551,0.026286554,0.018592713,0.0026618754,0.0,0.0,0.0,0.075,1310996,1310996,6620172,197644,0,0,895,2,1,2,0,2,0,0,0,0,0,0,0
14407000,14375000,5.8690847e-10,3.0221549e-05,0.0068601896,0.00033320792,0.0052952,0.006199307,535,0,0.17103967,0.38286346,0.0015826673,0.008537707,0.007575142,0.0017214662,0.0,0.0,0.0,0.075,1310996,1310996,6620172,197644,0,0,895,2,1,2,0,2,0,0,0,0,0,0,0
14611000,14611000,6.002543e-10,3.1211526e-05,0.013212561,0.00036195669,0.009304077,0.011469466,535,0,0.17183636,0.37955505,0.0022053097,0.0516359,0.020216629,0.000887644,0.0,0.0,0.0,0.075,1310996,1310996,6620172,197644,0,0,895,2,1,2,0,2,0,0,0,0,0,0,0
14817000,14817000,6.1467736e-10,3.271606e-05,0.01346158,0.0001786864,0.005874143,0.008437443,535,0,0.17365521,0.37488446,0.0063077947,0.033268653,0.011775669,0.0017297629,0.0,0.0,0.0,0.075,1310996,1310996,6620172,197644,0,0,895,2,1,2,0,2,0,0,0,0,0,0,0
15021000,15021000,6.6010114e-10,3.2720243e-05,0.013042064,0.0004910723,0.009001101,0.010733923,535,0,0.1743859,0.37216246,0.0032038544,0.026646607,0.020837741,0.0016574634,0.0,0.0,0.0,0.075,1310996,1310996,6620172,197644,0,0,895,2,1,2,0,2,0,0,0,0,0,0,0
15213000,15213000,6.776813e-10,3.4352277e-05,0.01357557,0.00022948146,0.005781473,0.0087708905,535,0,0.17419453,0.37121835,0.0024004255,0.01375466,0.015433041,0.0008590414,0.0,0.0,0.0,0.075,1310996,1310996,6620172,197644,0,0,895,2,1,2,0,2,0,0,0,0,0,0,0
15405000,15405000,6.8395767e-10,3.5732664e-05,0.015875142,0.00031905898,0.0071778074,0.009324595,535,0,0.17297916,0.36786464,0.008143368,0.022542793,0.026761547,0.0020821847,0.0,0.0,0.0,0.075,1310996,1310996,6620172,197644,0,0,895,2,1,2,0,2,0,0,0,0,0,0,0
15613000,15613000,8.035773e-10,3.764288e-05,0.01662094,0.0005326615,0.0071519143,0.00939919,535,0,0.17353101,0.36560374,0.0015228334,0.035605635,0.024398537,0.0011160661,0.0,0.0,0.0,0.075,1310996,1310996,6620172,197644,0,0,895,2,1,2,0,2,0,0,0,0,0,0,0
15817000,15817000,7.717745e-10,3.7516696e-05,0.01644251,0.0002945147,0.0043915636,0.0077780792,535,0,0.1732438,0.36304522,0.0054042228,0.028500274,0.021111343,0.0026429107,0.0,0.0,0.0,0.075,1310996,1310996,6620172,197644,0,0,895,2,1,2,0,2,0,0,0,0,0,0,0
16013000,16013000,7.968995e-10,3.836324e-05,0.017278168,0.0003707444,0.0069289743,0.0106904125,535,0,0.17305078,0.360641,0.0013836087,0.03860766,0.028573217,9.0199304e-05,0.0,0.0,0.0,0.075,1310996,1310996,6620172,197644,0,0,895,2,1,2,0,2,0,0,0,0,0,0,0
16209000,16209000,7.40382e-10,3.9030445e-05,0.01825046,0.0007876888,0.012237995,0.015227215,535,0,0.17110188,0.35937932,0.0021088999,0.03411033,0.0070027043,0.0022917408,0.0,0.0,0.0,0.075,1310996,1310996,6620172,197644,0,0,895,2,1,2,0,2,0,0,0,0,0,0,0
16417000,16417000,7.335995e-10,3.6819332e-05,0.017626962,0.00053583266,0.0103706075,0.012814066,535,0,0.1726888,0.35808527,0.0024924257,0.020436632,0.021295609,0.00037384927,0.0,0.0,0.0,0.075,1310996,1310996,6620172,197644,0,0,895,2,1,2,0,2,0,0,0,0,0,0,0
16613000,16613000,6.310983e-10,3.3506432e-05,0.014414129,0.0002940194,0.0070980717,0.008962863,535,0,0.17250004,0.35601977,0.0020672071,0.014884324,0.0052557234,0.0005104827,0.0,0.0,0.0,0.075,1310996,1310996,6620172,197644,0,0,895,2,1,2,0,2,0,0,0,0,0,0,0
16817000,16817000,6.5032435e-10,3.3835902e-05,0.014985915,0.0007406297,0.008720418,0.0063549858,535,0,0.17218757,0.35407546,0.007974548,0.03572499,0.01809325,0.0009930346,0.0,0.0,0.0,0.075,1310996,1310996,6620172,197644,0,0,895,2,1,2,0,2,0,0,0,0,0,0,0
17013000,17013000,6.5340183e-10,3.3423174e-05,0.01432,0.00066411565,0.011373615,0.011928577,535,0,0.1720578,0.35225055,0.0057947077,0.012167113,0.019427842,0.001692066,0.0,0.0,0.0,0.075,1310996,1310996,6620172,197644,0,0,895,2,1,2,0,2,0,0,0,0,0,0,0
17205000,17205000,6.6966016e-10,3.3359534e-05,0.014269998,0.0005431183,0.0125224255,0.015902225,535,0,0.17110871,0.35187384,0.0012693694,0.046394557,0.0131569905,0.0011646945,0.0,0.0,0.0,0.075,1310996,1310996,6620172,197644,0,0,895,2,1,2,0,2,0,0,0,0,0,0,0
17417000,17417000,7.3734296e-10,3.552877e-05,0.015945679,0.00022258262,0.0076972004,0.010802838,535,0,0.17177455,0.3506859,0.00076448324,0.033952914,0.02115738,0.0020260313,0.0,0.0,0.0,0.075,1310996,1310996,6620172,197644,0,0,895,2,1,2,0,2,0,0,0,0,0,0,0
17617000,17617000,7.620546e-10,3.4849232e-05,0.013551639,0.00020345836,0.0051686983,0.0077978065,535,0,0.17168675,0.34916803,0.001090186,0.01796336,0.011962686,0.0006448539,0.0,0.0,0.0,0.075,1310996,1310996,6620172,197644,0,0,895,2,1,2,0,2,0,0,0,0,0,0,0
17813000,17813000,7.3590317e-10,3.525019e-05,0.014519167,0.00031757817,0.005789789,0.00653755,535,0,0.17146946,0.34773818,0.004469794,0.03473998,0.021690125,0.0019695396,0.0,0.0,0.0,0.075,1310996,1310996,6620172,197644,0,0,895,2,1,2,0,2,0,0,0,0,0,0,0
18017000,17985000,7.353862e-10,3.5869758e-05,0.016001284,0.00024075778,0.0046482617,0.0061674537,535,0,0.16889964,0.34676933,0.0022086937,0.030625453,0.013588544,0.001514904,0.0,0.0,0.0,0.075,1310996,1310996,6620172,197644,0,0,895,2,1,2,0,2,0,0,0,0,0,0,0
18220000,18185000,6.940023e-10,3.425247e-05,0.015708176,0.00033757125,0.0040979316,0.0060800533,535,0,0.16891266,0.34548926,0.0043667234,0.016641885,0.018074706,0.0020104477,0.0,0.0,0.0,0.075,1310996,1310996,6620172,197644,0,0,895,2,1,2,0,2,0,0,0,0,0,0,0
18413000,18385000,7.55574e-10,3.5644425e-05,0.01602094,0.0001579797,0.0043916204,0.005212681,535,0,0.16891398,0.34429148,0.004063247,0.02359393,0.017845673,0.002708566,0.0,0.0,0.0,0.075,1310996,1310996,6620172,197644,0,0,895,2,1,2,0,2,0,0,0,0,0,0,0
18617000,18586000,8.18719e-10,3.7333397e-05,0.015731236,0.00018720773,0.0046026465,0.005576418,535,0,0.16885623,0.34317663,0.011431109,0.009217361,0.017277466,0.0015955577,0.0,0.0,0.0,0.075,1310996,1310996,6620172,197644,0,0,895,2,1,2,0,2,0,0,0,0,0,0,0
18817000,18817000,7.5239176e-10,3.7870555e-05,0.018616447,0.00015402019,0.009516073,0.013849571,535,0,0.16960394,0.3425889,0.007048115,0.046437856,0.0016341247,0.00045730098,0.0,0.0,0.0,0.075,1310996,1310996,6620172,197644,0,0,895,2,1,2,0,2,0,0,0,0,0,0,0
19017000,19017000,7.6184e-10,3.732789e-05,0.016321916,0.0005430203,0.012181837,0.014398017,535,0,0.17130955,0.3425789,0.0027583921,0.03893671,0.011916537,6.9423077e-06,0.0,0.0,0.0,0.075,1310996,1310996,6620172,197644,0,0,895,2,1,2,0,2,0,0,0,0,0,0,0
19217000,19217000,7.3445033e-10,3.638517e-05,0.014702902,0.00024910254,0.009051358,0.010954385,535,0,0.17109509,0.3416419,0.00967323,0.021574344,0.01066269,0.0029487098,0.0,0.0,0.0,0.075,1310996,1310996,6620172,197644,0,0,895,2,1,2,0,2,0,0,0,0,0,0,0
19417000,19417000,7.4959267e-10,3.495778e-05,0.01404132,0.0001831943,0.00655457,0.007767216,535,0,0.1708978,0.34233975,0.0008741168,0.026187355,0.014919154,0.0017470858,0.0,0.0,0.0,0.075,1310996,1310996,6620172,197644,0,0,895,2,1,2,0,2,0,0,0,0,0,0,0
19609000,19609000,7.8764006e-10,3.5221987e-05,0.012200612,0.00016329272,0.0028616155,0.0045071305,535,0,0.16992043,0.34097072,0.008030884,0.044206403,0.020494886,0.0022968627,0.0,0.0,0.0,0.075,1310996,1310996,6620172,197644,0,0,895,2,1,2,0,2,0,0,0,0,0,0,0
19817000,19817000,7.8296186e-10,3.621767e-05,0.011927589,0.00018389213,0.0065286835,0.0089058895,535,0,0.17054647,0.34050396,0.0037413274,0.047369108,0.016371066,0.004545565,0.0,0.0,0.0,0.075,1310996,1310996,6620172,197644,0,0,895,2,1,2,0,2,0,0,0,0,0,0,0
20009000,20009000,8.617585e-10,3.7611717e-05,0.01309121,0.00044654147,0.010559145,0.013346282,535,0,0.16960575,0.34077263,0.0034776886,0.030411446,0.025380405,0.0011368061,0.0,0.0,0.0,0.075,1310996,1310996,6620172,197644,0,0,895,2,1,2,0,2,0,0,0,0,0,0,0
20209000,20209000,7.6649537e-10,3.6150897e-05,0.012773023,0.0003062527,0.009232173,0.013646262,535,0,0.16941397,0.33990422,0.0074030682,0.021298967,0.020651422,5.836039e-05,0.0,0.0,0.0,0.075,1310996,1310996,6620172,197644,0,0,895,2,1,2,0,2,0,0,0,0,0,0,0
20417000,20417000,7.6522133e-10,3.697136e-05,0.013666982,0.00017143229,0.007283004,0.011482969,535,0,0.17001371,0.33949944,0.0043255202,0.02603865,0.019957006,0.0021914686,0.0,0.0,0.0,0.075,1310996,1310996,6620172,197644,0,0,895,2,1,2,0,2,0,0,0,0,0,0,0
20617000,20617000,8.1392765e-10,3.911335e-05,0.014875811,0.00023431858,0.006519798,0.010622367,535,0,0.16979529,0.33867228,0.001244224,0.025697874,0.012844676,0.001898444,0.0,0.0,0.0,0.075,1310996,1310996,6620172,197644,0,0,895,2,1,2,0,2,0,0,0,0,0,0,0
20813000,20813000,7.682774e-10,3.747875e-05,0.013521391,0.00024238243,0.006231863,0.010455102,535,0,0.16959728,0.3378755,0.013823717,0.008592421,0.011549308,0.0009193011,0.0,0.0,0.0,0.075,1310996,1310996,6620172,197644,0,0,895,2,1,2,0,2,0,0,0,0,0,0,0
21013000,21013000,6.957475e-10,3.5617963e-05,0.014946014,0.000305543,0.0072377324,0.010272698,535,0,0.1694712,0.337107,0.008594997,0.042619232,0.024238838,0.00069930026,0.0,0.0,0.0,0.075,1310996,1310996,6620172,197644,0,0,895,2,1,2,0,2,0,0,0,0,0,0,0
21209000,21209000,7.169781e-10,3.5251993e-05,0.015845185,0.00031293771,0.006677699,0.007964038,535,0,0.16858093,0.33749908,0.012936337,0.02476014,0.0061699734,0.0005001109,0.0,0.0,0.0,0.075,1310996,1310996,6620172,197644,0,0,895,2,1,2,0,2,0,0,0,0,0,0,0
21413000,21413000,6.882418e-10,3.543609e-05,0.0146610355,0.0002603023,0.0043604095,0.0058186273,535,0,0.1691738,0.33720896,0.011763796,0.03302442,0.013425577,0.0016008521,0.0,0.0,0.0,0.075,1310996,1310996,6620172,197644,0,0,895,2,1,2,0,2,0,0,0,0,0,0,0
21617000,21617000,7.3555373e-10,3.5875797e-05,0.013670302,0.00026609347,0.0048749917,0.0067841886,535,0,0.16907008,0.3365147,0.0010092652,0.026160944,0.0068253195,0.00068348076,0.0,0.0,0.0,0.075,1310996,1310996,6620172,197644,0,0,895,2,1,2,0,2,0,0,0,0,0,0,0
21813000,21813000,8.141684e-10,3.6639627e-05,0.015376777,0.0004182316,0.007061024,0.0072321445,535,0,0.16893232,0.33584815,0.0028985604,0.0325542,0.01512686,0.0060465657,0.0,0.0,0.0,0.075,1310996,1310996,6620172,197644,0,0,895,2,1,2,0,2,0,0,0,0,0,0,0
22009000,22009000,7.895474e-10,3.6880807e-05,0.014756682,0.00018586015,0.0060722195,0.008386723,535,0,0.16800162,0.3363223,0.007788802,0.015562388,0.016423913,0.0011703623,0.0,0.0,0.0,0.075,1310996,1310996,6620172,197644,0,0,895,2,1,2,0,2,0,0,0,0,0,0,0
22213000,22213000,7.528489e-10,3.68387e-05,0.014617076,0.00011814671,0.0010135544,0.0018532437,535,0,0.16862726,0.33614704,0.002973837,0.0043784347,0.00421103,0.0011283112,0.0,0.0,0.0,0.075,1310996,1310996,6620172,197644,0,0,895,2,1,2,0,2,0,0,0,0,0,0,0
22417000,22417000,8.1378937e-10,3.717907e-05,0.015724717,9.4992894e-05,0.0030867408,0.0047027282,535,0,0.16852376,0.33554953,0.0001059927,0.024047155,0.00690313,0.0011528215,0.0,0.0,0.0,0.075,1310996,1310996,6620172,197644,0,0,895,2,1,2,0,2,0,0,0,0,0,0,0
22657000,22657000,9.029452e-10,3.9329112e-05,0.021629602,0.00026778906,0.0040818984,0.0041888654,535,0,0.1697584,0.33586633,0.0060568866,0.02690328,0.008035802,0.003922602,0.0,0.0,0.0,0.075,1310996,1310996,6620172,197644,0,0,895,2,1,2,0,2,0,0,0,0,0,0,0
22813000,22813000,8.1415114e-10,3.6402038e-05,0.018053524,3.609335e-05,0.0012693122,0.0031373699,1049111,0,0.16818218,0.33593976,0.0001976426,0.012811665,0.016171295,1.1754944e-38,0.0,0.0,0.0,0.075,1310996,1310996,6620172,197644,0,0,895,2,1,2,0,2,0,0,0,0,0,0,0
23017000,23017000,7.5959333e-10,3.6693196e-05,0.016899522,0.00010918517,0.0025810795,0.003536572,1049111,0,0.1680089,0.3368843,0.0002784893,0.01479768,0.0127064185,1.1754944e-38,0.0,0.0,0.0,0.075,1310996,1310996,6620172,197644,0,0,895,2,1,2,0,2,0,0,0,0,0,0,0
23213000,23213000,7.453387e-10,3.703455e-05,0.0154527845,0.000120014905,0.003458764,0.005047077,1049111,0,0.16784085,0.3362714,0.0024055506,0.0050103697,0.019709738,1.1754944e-38,0.0,0.0,0.0,0.075,1310996,1310996,6620172,197644,0,0,895,2,1,2,0,2,0,0,0,0,0,0,0
23417000,23417000,7.681134e-10,3.7130154e-05,0.015230365,0.00026433606,0.004828316,0.0060539655,1049111,0,0.16769205,0.3356659,0.0033427628,0.041738983,0.026937008,1.1754944e-38,0.0,0.0,0.0,0.075,1310996,1310996,6620172,197644,0,0,895,2,1,2,0,2,0,0,0,0,0,0,0
23614000,23614000,7.9331214e-10,3.636338e-05,0.013967068,0.00026027346,0.0057134186,0.0073178597,1049111,0,0.16754246,0.33506307,0.004676648,0.015628647,0.028296249,1.1754944e-38,0.0,0.0,0.0,0.075,1310996,1310996,6620172,197644,0,0,895,2,1,2,0,2,0,0,0,0,0,0,0
23814000,23782000,7.5390694e-10,3.534491e-05,0.012308029,0.00018479135,0.0050197397,0.0072394037,1049111,0,0.17187293,0.33582208,0.010334537,0.012781924,0.017468283,1.1754944e-38,0.0,0.0,0.0,0.082,1310996,1310996,6620172,197644,0,0,895,2,1,2,0,2,0,0,0,0,0,0,0
24014000,23982000,7.688753e-10,3.5019675e-05,0.012664619,0.00015903465,0.003627598,0.0059815887,1049111,0,0.17185517,0.3352144,0.004467537,0.027789768,0.009598092,1.1754944e-38,0.0,0.0,0.0,0.082,1310996,1310996,6620172,197644,0,0,895,2,1,2,0,2,0,0,0,0,0,0,0
24214000,24182000,7.232931e-10,3.3532233e-05,0.010022655,0.00015249444,0.0042388216,0.008548177,1049111,0,0.17183594,0.33615026,0.009683263,0.012910775,0.018194005,1.1754944e-38,0.0,0.0,0.0,0.082,1310996,1310996,6620172,197644,0,0,895,2,1,2,0,2,0,0,0,0,0,0,0
24414000,24382000,7.065561e-10,3.391927e-05,0.010962202,0.00019456564,0.004860231,0.00635961,1049111,0,0.17181535,0.33554044,0.0019325906,0.027555993,0.006202788,1.1754944e-38,0.0,0.0,0.0,0.082,1310996,1310996,6620172,197644,0,0,895,2,1,2,0,2,0,0,0,0,0,0,0
24606000,24606000,8.037312e-10,3.5755776e-05,0.012837101,0.0002128149,0.0050358158,0.008415459,1049111,0,0.16954727,0.33518133,0.0050532585,0.032290798,0.01160634,1.1754944e-38,0.0,0.0,0.0,0.133,1310996,1310996,6620172,197644,0,0,895,2,1,2,0,2,0,0,0,0,0,0,0
24810000,24810000,7.5697043e-10,3.455245e-05,0.010886213,0.00026022395,0.009145837,0.016946927,1049239,0,0.16354576,0.33210272,0.0048886416,0.052651133,0.019887459,1.1754944e-38,0.0,0.0,0.0,0.133,1310996,1310996,6620172,197644,0,0,895,2,1,2,0,2,0,0,0,0,0,0,0
25010000,25010000,7.4157214e-10,3.380394e-05,0.009493631,0.00014987924,0.0058622574,0.009854969,1049239,0,0.16385551,0.3316086,0.0017722696,0.021137862,0.024298845,1.1754944e-38,0.0,0.0,0.0,0.133,1310996,1310996,6620172,197644,0,0,895,2,1,2,0,2,0,0,0,0,0,0,0
25210000,25210000,6.84265e-10,3.1638912e-05,0.00823566,3.2528274e-05,0.004462825,0.007392658,1049239,0,0.16417895,0.33113328,0.0003809755,0.036275797,0.02261792,1.1754944e-38,0.0,0.0,0.0,0.133,1310996,1310996,6620172,197644,0,0,895,2,1,2,0,2,0,0,0,0,0,0,0
25410000,25410000,7.2381706e-10,3.2490338e-05,0.008392547,0.000104471656,0.010239328,0.012145883,1049239,0,0.16461317,0.33067855,0.0014335059,0.014079162,0.0055125253,1.1754944e-38,0.0,0.0,0.0,0.133,1310996,1310996,6620172,197644,0,0,895,2,1,2,0,2,0,0,0,0,0,0,0
25610000,25610000,7.090034e-10,3.12584e-05,0.007668431,5.502842e-05,0.0097866645,0.0072590206,1049239,0,0.16508223,0.3302414,0.00083508046,0.013453213,0.014875665,1.1754944e-38,0.0,0.0,0.0,0.133,1310996,1310996,6620172,197644,0,0,895,2,1,2,0,2,0,0,0,0,0,0,0
25814000,25814000,7.409033e-10,3.1198946e-05,0.007538158,2.8364446e-05,0.00081475667,0.005760913,1049239,0,0.16560443,0.3313051,0.010589132,0.012985675,0.017925328,1.1754944e-38,0.0,0.0,0.0,0.133,1310996,1310996,6620172,197644,0,0,895,2,1,2,0,2,0,0,0,0,0,0,0
26014000,26014000,7.12096e-10,2.9540986e-05,0.007247414,9.144762e-05,0.009708321,0.012896796,1049239,0,0.1661143,0.33091256,0.0042260415,0.045677315,0.026202584,1.1754944e-38,0.0,0.0,0.0,0.133,1310996,1310996,6620172,197644,0,0,895,2,1,2,0,2,0,0,0,0,0,0,0
26210000,26210000,7.8314355e-10,3.1404434e-05,0.009524833,0.0001335868,0.0060055493,0.0067261085,1049239,0,0.1665688,0.33053654,0.0019674208,0.009273088,0.018412746,1.1754944e-38,0.0,0.0,0.0,0.133,1310996,1310996,6620172,197644,0,0,895,2,1,2,0,2,0,0,0,0,0,0,0
26410000,26410000,7.327579e-10,3.2080774e-05,0.010301883,7.672824e-05,0.006413957,0.006383419,1049239,0,0.1668998,0.33018315,6.380434e-05,0.024055544,0.013196823,1.1754944e-38,0.0,0.0,0.0,0.133,1310996,1310996,6620172,197644,0,0,895,2,1,2,0,2,0,0,0,0,0,0,0
26610000,26610000,7.383074e-10,3.219757e-05,0.010646685,8.157902e-05,0.0044259564,0.0057979617,1049239,0,0.16710906,0.32984766,0.0010237612,0.025924163,0.02500015,1.1754944e-38,0.0,0.0,0.0,0.133,1310996,1310996,6620172,197644,0,0,895,2,1,2,0,2,0,0,0,0,0,0,0
26802000,26802000,6.711111e-10,3.078509e-05,0.008697134,3.2172968e-05,0.00404763,0.0045137377,1049239,0,0.17552577,0.3321548,0.002105751,0.013635708,0.014099183,1.1754944e-38,0.0,0.0,0.0,0.133,1310996,1310996,6620172,197644,0,0,895,2,1,2,0,2,0,0,0,0,0,0,0
27014000,26988000,6.458364e-10,3.055677e-05,0.008271782,9.7467826e-05,0.0026205436,0.003853002,1049239,0,0.17380983,0.33246714,0.0021833496,0.0069094864,0.0020282725,1.1754944e-38,0.0,0.0,0.0,0.137,1310996,1310996,6620172,197644,0,0,895,2,1,2,0,2,0,0,0,0,0,0,0
27214000,27214000,6.501947e-10,3.2001462e-05,0.011516358,5.3383035e-05,0.0035782098,0.006355165,1049239,0,0.17495714,0.33263254,0.0030788574,0.009694504,0.023277953,1.1754944e-38,0.0,0.0,0.0,0.137,1310996,1310996,6620172,197644,0,0,895,2,1,2,0,2,0,0,0,0,0,0,0
27406000,27406000,6.513495e-10,3.0586496e-05,0.009071171,3.7228092e-05,0.0059287725,0.01126168,1049239,0,0.17581706,0.3313183,0.0003348131,0.03162853,0.01591235,1.1754944e-38,0.0,0.0,0.0,0.137,1310996,1310996,6620172,197644,0,0,895,2,1,2,0,2,0,0,0,0,0,0,0
27607000,27607000,6.469861e-10,3.0675037e-05,0.008099698,3.2288062e-05,0.0009364977,0.0015382658,1049239,0,0.175454,0.33251286,0.0073320153,0.043205585,0.0024216035,1.1754944e-38,0.0,0.0,0.0,0.137,1310996,1310996,6620172,197644,0,0,895,2,1,2,0,2,0,0,0,0,0,0,0
27814000,27814000,6.56582e-10,3.0878615e-05,0.0077179517,6.097989e-05,0.0029287122,0.0058340216,1049239,0,0.16784737,0.3310429,0.0010842851,0.02332635,0.018599654,1.1754944e-38,0.0,0.0,0.0,0.137,1310996,1310996,6620172,197644,0,0,895,2,1,2,0,2,0,0,0,0,0,0,0
28014000,28014000,6.5038963e-10,3.116909e-05,0.0076744766,6.0049388e-05,0.0041453657,0.008147784,1049239,0,0.16754144,0.33072373,2.905234e-05,0.013650485,0.010583728,1.1754944e-38,0.0,0.0,0.0,0.137,1310996,1310996,6620172,197644,0,0,895,2,1,2,0,2,0,0,0,0,0,0,0
28214000,28214000,6.310895e-10,3.1303367e-05,0.0073146266,0.0001279106,0.0059850733,0.008027013,1049239,0,0.16716294,0.33039463,0.0010450779,0.03267133,0.023994274,1.1754944e-38,0.0,0.0,0.0,0.137,1310996,1310996,6620172,197644,0,0,895,2,1,2,0,2,0,0,0,0,0,0,0
28414000,28414000,5.906869e-10,2.935962e-05,0.00512175,0.00015039377,0.0057371687,0.0070216395,1049239,0,0.16677824,0.3300564,0.00089950324,0.015016663,0.017597275,1.1754944e-38,0.0,0.0,0.0,0.137,1310996,1310996,6620172,197644,0,0,895,2,1,2,0,2,0,0,0,0,0,0,0
28614000,28606000,6.0731126e-10,2.909231e-05,0.005695133,9.060395e-05,0.0014481934,0.0028990214,1049239,0,0.17307355,0.3322687,0.0015448645,0.01936443,0.0041451952,1.1754944e-38,0.0,0.0,0.0,0.137,1310996,1310996,6620172,197644,0,0,895,2,1,2,0,2,0,0,0,0,0,0,0
28814000,28806000,5.924783e-10,2.8365197e-05,0.0050204545,0.00015476676,0.0059565385,0.007749656,1049239,0,0.16555624,0.33040527,0.0070094215,0.031160412,0.016305456,1.1754944e-38,0.0,0.0,0.0,0.137,1310996,1310996,6620172,197644,0,0,895,2,1,2,0,2,0,0,0,0,0,0,0
29014000,29006000,5.854352e-10,3.0280416e-05,0.005380428,0.00015975545,0.0042463867,0.0052462844,1049239,0,0.1729306,0.33152246,0.005958585,0.026552124,0.025481522,1.1754944e-38,0.0,0.0,0.0,0.137,1310996,1310996,6620172,197644,0,0,895,2,1,2,0,2,0,0,0,0,0,0,0
29214000,29206000,6.295456e-10,3.0271824e-05,0.0071897125,8.180753e-05,0.004491838,0.003777516,1049239,0,0.16536795,0.32968104,0.00073945057,0.025908278,0.030187542,1.1754944e-38,0.0,0.0,0.0,0.137,1310996,1310996,6620172,197644,0,0,895,2,1,2,0,2,0,0,0,0,0,0,0
29414000,29406000,6.211386e-10,3.0039959e-05,0.006809221,0.00025511894,0.009920704,0.0076765995,1049239,0,0.16541204,0.3293121,0.00997335,0.029872019,0.0073342975,1.1754944e-38,0.0,0.0,0.0,0.137,1310996,1310996,6620172,197644,0,0,895,2,1,2,0,2,0,0,0,0,0,0,0
29618000,29618000,5.842426e-10,3.0032548e-05,0.007712957,0.00026087475,0.010880089,0.01498337,1049239,0,0.16614242,0.32935447,0.0037512113,0.03815129,0.0257475,1.1754944e-38,0.0,0.0,0.0,0.137,1310996,1310996,6620172,197644,0,0,895,2,1,2,0,2,0,0,0,0,0,0,0
29810000,29810000,1.1914976e-09,3.558446e-05,0.009160792,0.00015530625,0.0027092686,0.006140095,1049239,0,0.17334113,0.33149728,0.004160371,0.011417973,0.017722072,1.1754944e-38,0.0,0.0,0.0,0.137,1310996,1310996,6620172,197644,0,0,831,2,1,2,0,2,0,0,0,0,0,0,0
30014000,30014000,1.7084412e-09,3.9426108e-05,0.010335537,0.00018323286,0.006260838,0.008814623,1049239,0,0.17423992,0.33156246,0.0068756775,0.026621554,0.024202038,1.1754944e-38,0.0,0.0,0.0,0.137,1310996,1310996,6620172,197644,0,0,831,2,1,2,0,2,0,0,0,0,0,0,0
30214000,30214000,2.1612585e-09,3.806762e-05,0.007897334,0.00010741476,0.0025753477,0.0020313298,1049239,0,0.17421845,0.33120593,0.0123,0.021924794,0.010867206,1.1754944e-38,0.0,0.0,0.0,0.137,1310996,1310996,6620172,197644,0,0,831,2,1,2,0,2,0,0,0,0,0,0,0
30406000,30406000,2.670772e-09,4.1949814e-05,0.00830866,0.00016065255,0.007265182,0.009610565,1049239,0,0.17334552,0.33041796,0.0019243715,0.018182168,0.0120410165,1.1754944e-38,0.0,0.0,0.0,0.137,1310996,1310996,6620172,197644,0,0,831,2,1,2,0,2,0,0,0,0,0,0,0
30614000,30614000,3.0909908e-09,4.6028406e-05,0.008450084,0.0001223797,0.002005328,0.0021949157,1049239,0,0.17413126,0.33050492,0.0079024155,0.03429635,0.014072826,1.1754944e-38,0.0,0.0,0.0,0.137,1310996,1310996,6620172,197644,0,0,831,2,1,2,0,2,0,0,0,0,0,0,0
30815000,30815000,4.2148574e-09,5.072437e-05,0.0076828725,0.00013037081,0.0020708623,0.0027784833,1049239,0,0.17412618,0.33165452,0.006801373,0.03676593,0.023476977,1.1754944e-38,0.0,0.0,0.0,0.137,1310996,1310996,6620172,197644,0,0,831,2,1,2,0,2,0,0,0,0,0,0,0
31010000,30982000,5.3430593e-09,6.4253814e-05,0.008640502,0.00012891564,0.0031048022,0.0047264216,1049239,0,0.17085165,0.33108675,0.011845141,0.03467344,0.019835671,1.1754944e-38,0.0,0.0,0.0,0.144,1310996,1310996,6620172,197644,0,0,831,2,1,2,0,2,0,0,0,0,0,0,0
31210000,31210000,5.9228826e-09,8.8155095e-05,0.01275729,0.00014568405,0.004420056,0.006232559,1049239,0,0.17259473,0.33017352,0.0015911147,0.024022186,0.0202923,1.1754944e-38,0.0,0.0,0.0,0.144,1310996,1310996,6620172,197644,0,0,831,2,1,2,0,2,0,0,0,0,0,0,0
31414000,31414000,4.754321e-09,7.149986e-05,0.010202112,0.00010263468,0.0027074872,0.004361107,1049239,0,0.17329769,0.3303003,0.0070777372,0.03509563,0.011737239,1.1754944e-38,0.0,0.0,0.0,0.144,1310996,1310996,6620172,197644,0,0,831,2,1,2,0,2,0,0,0,0,0,0,0
31614000,31614000,3.861583e-09,5.8707297e-05,0.008816624,0.00014994422,0.004161653,0.004835231,1049239,0,0.17306289,0.3314585,0.011379616,0.024491875,0.0046132593,1.1754944e-38,0.0,0.0,0.0,0.144,1310996,1310996,6620172,197644,0,0,831,2,1,2,0,2,0,0,0,0,0,0,0
31814000,31814000,3.0494394e-09,4.763941e-05,0.0061351373,0.00017688493,0.0058006616,0.0062747872,1049239,0,0.17280644,0.3311253,0.0013657039,0.02964592,0.014182664,1.1754944e-38,0.0,0.0,0.0,0.144,1310996,1310996,6620172,197644,0,0,831,2,1,2,0,2,0,0,0,0,0,0,0
32014000,32014000,2.7746658e-09,4.3102646e-05,0.0054696966,0.00012841012,0.0057794773,0.0079963645,1049239,0,0.1725776,0.33078584,0.001091253,0.015661206,0.01991857,1.1754944e-38,0.0,0.0,0.0,0.144,1310996,1310996,6620172,197644,0,0,831,2,1,2,0,2,0,0,0,0,0,0,0
32214000,32214000,2.2320625e-09,3.813772e-05,0.0050278916,0.00027622722,0.0019453103,0.002719908,1049239,0,0.17241253,0.3304412,0.0017341388,0.035117924,0.015633509,1.1754944e-38,0.0,0.0,0.0,0.144,1310996,1310996,6620172,197644,0,0,831,2,1,2,0,2,0,0,0,0,0,0,0
32403000,32375000,2.066894e-09,3.7309284e-05,0.0062164604,0.00017898297,0.001717236,0.00253537,1049239,0,0.16857958,0.32945684,0.0017684259,0.020488488,0.009081887,1.1754944e-38,0.0,0.0,0.0,0.151,1310996,1310996,6620172,197644,0,0,831,2,1,2,0,2,0,0,0,0,0,0,0
32610000,32610000,2.2620494e-09,4.2092623e-05,0.012951472,9.832444e-05,0.002868888,0.006103519,1049239,0,0.17013627,0.3299462,0.00044234013,0.019477462,0.021751868,1.1754944e-38,0.0,0.0,0.0,0.151,1310996,1310996,6620172,197644,0,0,831,2,1,2,0,2,0,0,0,0,0,0,0
32810000,32810000,2.0456319e-09,3.9225873e-05,0.011062937,0.00032020552,0.0054439195,0.0065293256,1049239,0,0.17182322,0.3304471,0.001168638,0.045169927,0.020311188,1.1754944e-38,0.0,0.0,0.0,0.151,1310996,1310996,6620172,197644,0,0,831,2,1,2,0,2,0,0,0,0,0,0,0
33011000,33011000,1.7292371e-09,3.6428748e-05,0.009279437,0.00023977981,0.004153825,0.0072999606,1049239,0,0.1718833,0.33008534,0.00024499983,0.037960194,0.01392221,1.1754944e-38,0.0,0.0,0.0,0.151,1310996,1310996,6620172,197644,0,0,831,2,1,2,0,2,0,0,0,0,0,0,0
33210000,33210000,1.5411254e-09,3.736513e-05,0.010041329,0.00019953403,0.0045581907,0.004545313,1049239,0,0.17194553,0.32971594,0.0024851284,0.036219977,0.021073574,1.1754944e-38,0.0,0.0,0.0,0.151,1310996,1310996,6620172,197644,0,0,831,2,1,2,0,2,0,0,0,0,0,0,0
33410000,33410000,1.562648e-09,3.7899776e-05,0.009644646,0.00016414706,0.0019239654,0.0016334193,1049239,0,0.17195097,0.3293399,0.00601405,0.01917001,0.017179074,1.1754944e-38,0.0,0.0,0.0,0.151,1310996,1310996,6620172,197644,0,0,831,2,1,2,0,2,0,0,0,0,0,0,0
33610000,33610000,1.384529e-09,3.80004e-05,0.01005091,0.00018228331,0.0024368218,0.0026774833,1049239,0,0.17197688,0.33041435,0.006845084,0.0345797,0.017834747,1.1754944e-38,0.0,0.0,0.0,0.151,1310996,1310996,6620172,197644,0,0,831,2,1,2,0,2,0,0,0,0,0,0,0
33818000,33818000,1.3197498e-09,3.623513e-05,0.01042838,9.084482e-05,0.0036316803,0.008251562,1049239,0,0.17275892,0.33042878,0.0038562345,0.045140117,0.018901292,1.1754944e-38,0.0,0.0,0.0,0.151,1310996,1310996,6620172,197644,0,0,831,2,1,2,0,2,0,0,0,0,0,0,0
34008000,34008000,1.099587e-09,3.427258e-05,0.007752245,0.00016988031,0.001540473,0.0034420786,1049239,0,0.172024,0.32961863,0.002251263,0.010883308,0.010799169,1.1754944e-38,0.0,0.0,0.0,0.151,1310996,1310996,6620172,197644,0,0,831,2,1,2,0,2,0,0,0,0,0,0,0
34210000,34210000,1.117966e-09,3.301524e-05,0.007990066,0.00012309375,0.0016752002,0.004058072,1049239,0,0.17209712,0.32922548,6.387935e-05,0.021074986,0.024270382,1.1754944e-38,0.0,0.0,0.0,0.151,1310996,1310996,6620172,197644,0,0,831,2,1,2,0,2,0,0,0,0,0,0,0
34410000,34410000,1.1434723e-09,3.368522e-05,0.009703535,0.00016106479,0.0025238513,0.0038433976,1049239,0,0.17217837,0.32883748,0.0002532903,0.024372138,0.018932061,1.1754944e-38,0.0,0.0,0.0,0.151,1310996,1310996,6620172,197644,0,0,831,2,1,2,0,2,0,0,0,0,0,0,0
34618000,34618000,1.2430109e-09,3.3381337e-05,0.0081898,0.00011443338,0.0043198313,0.0062801754,1049239,0,0.17300244,0.3288681,0.009563638,0.026014084,0.022792147,1.1754944e-38,0.0,0.0,0.0,0.151,1310996,1310996,6620172,197644,0,0,831,2,1,2,0,2,0,0,0,0,0,0,0
34810000,34810000,1.1483035e-09,3.1761054e-05,0.0066572255,0.00016230751,0.007995531,0.013986896,1049239,0,0.17219773,0.32954746,0.007694532,0.11832211,0.00895873,1.1754944e-38,0.0,0.0,0.0,0.151,1310996,1310996,6620172,197644,0,0,831,2,1,2,0,2,0,0,0,0,0,0,0
35002000,35002000,1.176949e-09,3.210721e-05,0.007200156,0.00028129766,0.012288692,0.01756563,1049239,0,0.17132714,0.32878423,0.000941085,0.032803692,0.017269105,1.1754944e-38,0.0,0.0,0.0,0.151,1310996,1310996,6620172,197644,0,0,831,2,1,2,0,2,0,0,0,0,0,0,0
35210000,35210000,1.4063226e-09,3.5027748e-05,0.008642719,0.0001616878,0.00813047,0.009449913,1049239,0,0.17200202,0.32885942,0.010543273,0.030055713,0.011831544,1.1754944e-38,0.0,0.0,0.0,0.151,1310996,1310996,6620172,197644,0,0,831,2,1,2,0,2,0,0,0,0,0,0,0
35410000,35410000,1.4037247e-09,3.5626057e-05,0.010689388,0.00015393524,0.007361833,0.009185436,1049239,0,0.17183213,0.32853514,0.0005178201,0.02755666,0.017722713,1.1754944e-38,0.0,0.0,0.0,0.151,1310996,1310996,6620172,197644,0,0,831,2,1,2,0,2,0,0,0,0,0,0,0
35610000,35610000,1.2572021e-09,3.5002882e-05,0.010881826,0.0001507806,0.007115109,0.010458252,1049239,0,0.17167278,0.3282298,0.00846901,0.022949265,0.02376223,1.1754944e-38,0.0,0.0,0.0,0.151,1310996,1310996,6620172,197644,0,0,831,2,1,2,0,2,0,0,0,0,0,0,0
35807000,35807000,1.2829121e-09,3.3798195e-05,0.009710078,0.00013088525,0.004091242,0.005980628,1049239,0,0.17151694,0.32794404,0.0012663361,0.030156825,0.019660931,1.1754944e-38,0.0,0.0,0.0,0.151,1310996,1310996,6620172,197644,0,0,831,2,1,2,0,2,0,0,0,0,0,0,0
36014000,36014000,1.4685883e-09,3.477058e-05,0.009493895,8.037016e-05,0.002780953,0.004829629,1049239,0,0.17125002,0.32912135,0.0035635398,0.029432833,0.030052908,1.1754944e-38,0.0,0.0,0.0,0.151,1310996,1310996,6620172,197644,0,0,831,2,1,2,0,2,0,0,0,0,0,0,0
36211000,36194000,1.5514078e-09,3.9509203e-05,0.011967415,0.00016429859,0.004699735,0.0062995953,1049239,0,0.16877265,0.32760268,0.0064853216,0.023774134,0.013360891,1.1754944e-38,0.0,0.0,0.0,0.159,1310996,1310996,6620172,197644,0,0,831,2,1,2,0,2,0,0,0,0,0,0,0
36411000,36387000,1.5206888e-09,3.837154e-05,0.011184113,0.00014033257,0.004825844,0.0075274636,1049239,0,0.16876239,0.32736772,0.004706357,0.03153253,0.012197275,1.1754944e-38,0.0,0.0,0.0,0.159,1310996,1310996,6620172,197644,0,0,831,2,1,2,0,2,0,0,0,0,0,0,0
36606000,36587000,1.5798216e-09,4.112245e-05,0.012957492,0.00010430816,0.004518614,0.0059807864,1049239,0,0.16872984,0.3285873,0.002940277,0.033483308,0.012923789,1.1754944e-38,0.0,0.0,0.0,0.159,1310996,1310996,6620172,197644,0,0,831,2,1,2,0,2,0,0,0,0,0,0,0
36806000,36783000,1.7148358e-09,4.275996e-05,0.01447935,0.00014065976,0.0060801622,0.010315293,1049239,0,0.1679431,0.32795435,0.007569462,0.02805176,0.015613503,1.1754944e-38,0.0,0.0,0.0,0.159,1310996,1310996,6620172,197644,0,0,831,2,1,2,0,2,0,0,0,0,0,0,0
37011000,36995000,1.8898236e-09,4.2796648e-05,0.013838024,4.578689e-05,0.003533275,0.007119341,1049239,0,0.16861433,0.3281928,0.005585503,0.009167976,0.009103443,1.1754944e-38,0.0,0.0,0.0,0.159,1310996,1310996,6620172,197644,0,0,831,2,1,2,0,2,0,0,0,0,0,0,0
37215000,37191000,1.8357564e-09,4.375057e-05,0.015490166,0.00011412688,0.004797797,0.005996014,1049239,0,0.16853128,0.3280178,0.0039011163,0.017357338,0.013822634,1.1754944e-38,0.0,0.0,0.0,0.159,1310996,1310996,6620172,197644,0,0,831,2,1,2,0,2,0,0,0,0,0,0,0
37407000,37403000,2.1245705e-09,4.956685e-05,0.020130197,8.460375e-05,0.0053747166,0.007001511,1049239,0,0.16776444,0.32886723,0.011219638,0.022461947,0.019057216,1.1754944e-38,0.0,0.0,0.0,0.159,1310996,1310996,6620172,197644,0,0,831,2,1,2,0,2,0,0,0,0,0,0,0
37615000,37615000,2.2420874e-09,5.6610184e-05,0.024567738,0.00012275828,0.0011578863,0.0014205468,1049239,0,0.16704032,0.32829285,0.008518737,0.024217146,0.011010444,1.1754944e-38,0.0,0.0,0.0,0.159,1310996,1310996,6620172,197644,0,0,831,2,1,2,0,2,0,0,0,0,0,0,0
37815000,37815000,2.1429367e-09,5.346926e-05,0.022400312,0.0001071386,0.0012769286,0.0003553061,1049239,0,0.1670804,0.3267349,0.0049818596,0.017590905,0.01358075,1.1754944e-38,0.0,0.0,0.0,0.159,1310996,1310996,6620172,197644,0,0,831,2,1,2,0,2,0,0,0,0,0,0,0
38011000,38011000,1.9032598e-09,4.8645183e-05,0.02015206,8.4014944e-05,0.0023919237,0.0044253804,1049239,0,0.1685016,0.32746083,0.0038029347,0.021141544,0.016886279,1.1754944e-38,0.0,0.0,0.0,0.159,1310996,1310996,6620172,197644,0,0,831,2,1,2,0,2,0,0,0,0,0,0,0
38215000,38215000,2.0437083e-09,5.0266724e-05,0.018552208,0.000100264995,0.0022096422,0.0044529806,1049239,0,0.16899393,0.3291537,0.005042215,0.019958619,0.014081994,1.1754944e-38,0.0,0.0,0.0,0.159,1310996,1310996,6620172,197644,0,0,831,2,1,2,0,2,0,0,0,0,0,0,0
38407000,38407000,2.0411006e-09,4.8802784e-05,0.016605303,0.00019661261,0.0052458625,0.007564977,1049239,0,0.16936837,0.32937026,0.0053714435,0.03226063,0.014736655,1.1754944e-38,0.0,0.0,0.0,0.159,1310996,1310996,6620172,197644,0,0,831,2,1,2,0,2,0,0,0,0,0,0,0
38611000,38611000,1.8702395e-09,4.7173402e-05,0.0174046,8.681596e-05,0.0037512924,0.0054252474,1049239,0,0.16899659,0.32911262,0.0023402788,0.021437928,0.017660232,1.1754944e-38,0.0,0.0,0.0,0.159,1310996,1310996,6620172,197644,0,0,831,2,1,2,0,2,0,0,0,0,0,0,0
38807000,38807000,1.7504951e-09,4.5181725e-05,0.01766005,8.308276e-05,0.00063466356,0.0024435455,1049239,0,0.16875412,0.328827,0.0043003163,0.021373615,0.022920778,1.1754944e-38,0.0,0.0,0.0,0.159,1310996,1310996,6620172,197644,0,0,831,2,1,2,0,2,0,0,0,0,0,0,0
39011000,38987000,1.9755861e-09,4.4066466e-05,0.016008763,0.00021905944,0.0019360885,0.00238403,1049239,0,0.16643149,0.32872605,0.006789419,0.017404977,0.017450828,1.1754944e-38,0.0,0.0,0.0,0.163,1310996,1310996,6620172,197644,0,0,831,2,1,2,0,2,0,0,0,0,0,0,0
39211000,39191000,1.8767217e-09,4.448576e-05,0.014165681,0.00013679525,0.0013607031,0.0031373408,1049239,0,0.1671018,0.33028105,0.009020184,0.016171487,0.012168126,1.1754944e-38,0.0,0.0,0.0,0.163,1310996,1310996,6620172,197644,0,0,831,2,1,2,0,2,0,0,0,0,0,0,0
39407000,39387000,1.7124278e-09,4.200198e-05,0.014309037,0.0001627816,0.0042285384,0.0048941122,1049239,0,0.16641091,0.32952294,0.0019604913,0.025467372,0.015917966,1.1754944e-38,0.0,0.0,0.0,0.163,1310996,1310996,6620172,197644,0,0,831,2,1,2,0,2,0,0,0,0,0,0,0
39607000,39607000,1.70667e-09,4.3300122e-05,0.019929536,0.00013092197,0.0034536433,0.0033476565,1049239,0,0.16720319,0.32814863,0.004384473,0.02651816,0.024553537,1.1754944e-38,0.0,0.0,0.0,0.163,1310996,1310996,6620172,197644,0,0,831,2,1,2,0,2,0,0,0,0,0,0,0
39815000,39815000,3.4979884e-08,0.00048643738,0.017723352,0.0002223945,0.0059543042,0.0067907223,663,0,0.16869737,0.33010304,0.00482672,0.0311739,0.024039898,0.009675003,0.0,0.0,0.0,0.163,1310996,1310996,6620172,197644,0,0,831,2,1,2,0,2,0,0,0,0,0,0,0
40020000,40020000,9.49232e-08,0.0010745118,0.017098479,0.0007465168,0.016769074,0.020050896,663,0,0.16936271,0.33014628,0.0054490524,0.07149626,0.016720813,0.008975333,0.0,0.0,0.0,0.163,1310996,1310996,6620172,197644,0,0,831,2,1,2,0,2,0,0,0,0,0,0,0
40211000,40211000,1.2239587e-07,0.0014528348,0.017053682,0.0007211081,0.0066350373,0.012705244,663,0,0.1684826,0.3293455,0.0015445935,0.13217649,0.018455504,0.008661088,0.0,0.0,0.0,0.163,1310996,1310996,6620172,197644,0,0,831,2,1,2,0,2,0,0,0,0,0,0,0
40407000,40407000,1.3148806e-07,0.0015633513,0.016457353,0.00016677356,0.004992997,0.014785359,663,0,0.16767494,0.3300037,0.0029610817,0.12457135,0.0063759414,0.0058628283,0.0,0.0,0.0,0.163,1310996,1310996,6620172,197644,0,0,831,2,1,2,0,2,0,0,0,0,0,0,0
40615000,40615000,1.7215443e-07,0.0022948293,0.017938169,0.0002991449,0.0055935793,0.010391811,663,0,0.16768743,0.329605,0.0033121342,0.07605949,0.0090696,0.0077433963,0.0,0.0,0.0,0.163,1310996,1310996,6620172,197644,0,0,831,2,1,2,0,2,0,0,0,0,0,0,0
40811000,40811000,1.861149e-07,0.0024575433,0.016337743,0.00049163814,0.008878795,0.010851344,663,0,0.16832314,0.32960606,0.003789926,0.036343005,0.006181882,0.009272441,0.0,0.0,0.0,0.163,1310996,1310996,6620172,197644,0,0,831,2,1,2,0,2,0,0,0,0,0,0,0
41014000,41014000,1.8572833e-07,0.0025663206,0.015201444,0.0005188509,0.004843623,0.007900036,663,0,0.16816635,0.32918245,0.004299475,0.023594463,0.019043634,0.005201346,0.0,0.0,0.0,0.163,1310996,1310996,6620172,197644,0,0,831,2,1,2,0,2,0,0,0,0,0,0,0
41210000,41210000,1.9466795e-07,0.0027707824,0.016297223,0.0006436929,0.0126507925,0.017594814,663,0,0.16734709,0.3283573,0.004915509,0.085483424,0.024356682,0.0091314865,0.0,0.0,0.0,0.163,1310996,1310996,6620172,197644,0,0,831,2,1,2,0,2,0,0,0,0,0,0,0
41416000,41416000,1.9555887e-07,0.0028586215,0.015717419,0.0002345437,0.0025715127,0.0010658486,663,0,0.16797365,0.32977384,0.0008144317,0.07398337,0.010306581,0.0086197015,0.0,0.0,0.0,0.163,1310996,1310996,6620172,197644,0,0,831,2,1,2,0,2,0,0,0,0,0,0,0
41611000,41611000,1.618842e-07,0.0023684679,0.014813941,0.00044004875,0.009586076,0.015785847,663,0,0.16784076,0.32932687,0.0013482008,0.08408451,0.023680476,0.0053857206,0.0,0.0,0.0,0.163,1310996,1310996,6620172,197644,0,0,831,2,1,2,0,2,0,0,0,0,0,0,0
41807000,41807000,1.7814979e-07,0.0026883117,0.016263569,7.906543e-05,0.002827735,0.0021941767,663,0,0.16704926,0.32847932,0.011496631,0.1358128,0.0077667506,0.008770204,0.0,0.0,0.0,0.163,1310996,1310996,6620172,197644,0,0,831,2,1,2,0,2,0,0,0,0,0,0,0
42011000,42011000,1.8463398e-07,0.0027101838,0.01564534,0.00045837075,0.0077651856,0.0105157,663,0,0.16764301,0.32841742,0.0019528201,0.058853008,0.014247483,0.004919968,0.0,0.0,0.0,0.163,1310996,1310996,6620172,197644,0,0,831,2,1,2,0,2,0,0,0,0,0,0,0
42211000,42211000,1.858136e-07,0.002595505,0.014804568,0.00010128227,0.004653532,0.009097148,663,0,0.16753662,0.32795978,0.0034267923,0.060657013,0.012112666,0.0076676616,0.0,0.0,0.0,0.163,1310996,1310996,6620172,197644,0,0,831,2,1,2,0,2,0,0,0,0,0,0,0
42411000,42411000,2.2251126e-07,0.0029154054,0.015786653,0.00067270035,0.0140849175,0.020580566,663,0,0.16743836,0.32750002,0.005420871,0.049607676,0.012650613,0.0062071695,0.0,0.0,0.0,0.163,1310996,1310996,6620172,197644,0,0,831,2,1,2,0,2,0,0,0,0,0,0,0
42620000,42596000,2.2351257e-07,0.0030339481,0.016520677,0.00017033947,0.007814771,0.014479808,663,0,0.16594446,0.32771212,0.0015105971,0.030668117,0.0125577515,0.0059533613,0.0,0.0,0.0,0.163,1310996,1310996,6620172,197644,0,0,831,2,1,2,0,2,0,0,0,0,0,0,0
42808000,42784000,2.1275142e-07,0.0030909735,0.016861077,0.000519813,0.008804219,0.015557658,663,0,0.16526093,0.32687253,0.010559431,0.011138579,0.021137405,0.0021600996,0.0,0.0,0.0,0.163,1310996,1310996,6620172,197644,0,0,831,2,1,2,0,2,0,0,0,0,0,0,0
43008000,42984000,2.0894907e-07,0.003128201,0.01711509,0.00052906317,0.0071787587,0.010965369,663,0,0.16518149,0.32783532,0.002391606,0.05418684,0.02013207,0.0032091357,0.0,0.0,0.0,0.163,1310996,1310996,6620172,197644,0,0,831,2,1,2,0,2,0,0,0,0,0,0,0
43216000,43191000,2.476798e-07,0.003263191,0.01752983,0.00090139156,0.0143797565,0.0214405,663,0,0.16578317,0.32773674,0.00077967456,0.1630278,0.020580307,0.0027833418,0.0,0.0,0.0,0.163,1310996,1310996,6620172,197644,0,0,831,2,1,2,0,2,0,0,0,0,0,0,0
43419000,43392000,2.378485e-07,0.0032749523,0.01728022,0.0005878521,0.0098836385,0.016162094,663,0,0.16561615,0.32725814,0.0028043876,0.1672505,0.02173374,0.0026329511,0.0,0.0,0.0,0.163,1310996,1310996,6620172,197644,0,0,831,2,1,2,0,2,0,0,0,0,0,0,0
43604000,43604000,2.7253972e-07,0.004520955,0.020320818,0.00062393147,0.014642846,0.01369275,663,0,0.17194627,0.32756364,0.0018621747,0.05575002,0.010032203,0.0041185017,0.0,0.0,0.0,0.163,1310996,1310996,6620172,197644,0,0,831,2,1,2,0,2,0,0,0,0,0,0,0
43812000,43812000,2.66796e-07,0.004597089,0.020417118,0.00040054135,0.0030668452,0.0026925472,663,0,0.16545294,0.3263158,0.009767748,0.06680462,0.02927854,0.0044257417,0.0,0.0,0.0,0.163,1310996,1310996,6620172,197644,0,0,831,2,1,2,0,2,0,0,0,0,0,0,0
44011000,44011000,2.6382006e-07,0.0042075296,0.020222105,0.0005540188,0.012212428,0.018294962,663,0,0.16601485,0.32764056,0.0058073956,0.027027644,0.008703874,0.0029478858,0.0,0.0,0.0,0.163,1310996,1310996,6620172,197644,0,0,831,2,1,2,0,2,0,0,0,0,0,0,0
44219000,44219000,2.453797e-07,0.0038661659,0.020731566,0.00039461424,0.003964533,0.0066922223,663,0,0.16656563,0.32752594,0.0043109963,0.061982118,0.015993768,0.003131501,0.0,0.0,0.0,0.163,1310996,1310996,6620172,197644,0,0,831,2,1,2,0,2,0,0,0,0,0,0,0
44400000,44400000,2.2342952e-07,0.003485339,0.02066266,0.00057789654,0.013684805,0.025245108,663,0,0.1656548,0.3266522,0.0016300312,0.11927504,0.02370916,0.0034271409,0.0,0.0,0.0,0.163,1310996,1310996,6620172,197644,0,0,831,2,1,2,0,2,0,0,0,0,0,0,0
44604000,44604000,2.0107285e-07,0.0030279243,0.018964333,7.531247e-05,0.004784755,0.013598869,663,0,0.16541268,0.32758027,0.004389561,0.09895599,0.022098592,0.0027087536,0.0,0.0,0.0,0.163,1310996,1310996,6620172,197644,0,0,831,2,1,2,0,2,0,0,0,0,0,0,0
44811000,44811000,2.1911053e-07,0.0029571648,0.018111622,0.0001896713,0.0075331572,0.014727138,663,0,0.16581981,0.32744718,0.0049876655,0.12591326,0.013473474,0.004132879,0.0,0.0,0.0,0.163,1310996,1310996,6620172,197644,0,0,831,2,1,2,0,2,0,0,0,0,0,0,0
45012000,45012000,2.1158377e-07,0.0028656821,0.017942626,0.00026135152,0.0034863173,0.0060188626,663,0,0.16557327,0.3269395,0.001783868,0.06444713,0.012507601,0.0019148324,0.0,0.0,0.0,0.163,1310996,1310996,6620172,197644,0,0,831,2,1,2,0,2,0,0,0,0,0,0,0
45215000,45215000,2.113155e-07,0.003015126,0.018309066,0.00015629242,0.008916889,0.013178156,663,0,0.16534682,0.32643786,0.0011823822,0.08213936,0.021502655,0.002654932,0.0,0.0,0.0,0.163,1310996,1310996,6620172,197644,0,0,831,2,1,2,0,2,0,0,0,0,0,0,0
45408000,45408000,1.8779252e-07,0.0026647996,0.018976402,0.0006340239,0.011378782,0.019004043,663,0,0.17150049,0.32668498,0.0018164428,0.15724632,0.02862875,0.002983092,0.0,0.0,0.0,0.163,1310996,1310996,6620172,197644,0,0,831,2,1,2,0,2,0,0,0,0,0,0,0
45616000,45616000,2.0254049e-07,0.0030117736,0.01942694,0.00013589555,0.011900995,0.011412473,663,0,0.17195497,0.3279908,0.005302247,0.07150949,0.004388261,8.442553e-05,0.0,0.0,0.0,0.163,1310996,1310996,6620172,197644,0,0,831,2,1,2,0,2,0,0,0,0,0,0,0
45820000,45820000,1.8908221e-07,0.0028551277,0.020307234,0.00046405746,0.013229067,0.021923222,663,0,0.16469203,0.32636958,0.005570324,0.14788489,0.014836919,0.0039562937,0.0,0.0,0.0,0.163,1310996,1310996,6620172,197644,0,0,831,2,1,2,0,2,0,0,0,0,0,0,0
46012000,46012000,1.9314447e-07,0.002947952,0.01875752,0.00039788688,0.012915229,0.011040267,663,0,0.1714789,0.32698613,0.0072320383,0.054392606,0.02400037,0.0021297515,0.0,0.0,0.0,0.163,1310996,1310996,6620172,197644,0,0,831,2,1,2,0,2,0,0,0,0,0,0,0
46204000,46204000,2.007138e-07,0.0029333665,0.017675307,0.0003067202,0.0075214393,0.005491216,663,0,0.17054205,0.3275415,0.0024877987,0.02633715,0.0061917314,0.0018005203,0.0,0.0,0.0,0.163,1310996,1310996,6620172,197644,0,0,831,2,1,2,0,2,0,0,0,0,0,0,0
46404000,46404000,2.0122259e-07,0.0032456797,0.018271886,0.00029659734,0.0038206878,0.005804159,663,0,0.17029439,0.3270472,0.008986007,0.04372833,0.018398874,0.001340411,0.0,0.0,0.0,0.163,1310996,1310996,6620172,197644,0,0,831,2,1,2,0,2,0,0,0,0,0,0,0
46611000,46611000,2.1464253e-07,0.0030957228,0.017353551,0.00033879373,0.008442064,0.011175931,663,0,0.17074127,0.32692996,0.015346898,0.05441422,0.013306948,0.00035984593,0.0,0.0,0.0,0.163,1310996,1310996,6620172,197644,0,0,831,2,1,2,0,2,0,0,0,0,0,0,0
46811000,46811000,1.9855017e-07,0.002665707,0.017515842,0.00049411325,0.005940864,0.010500402,663,0,0.16975962,0.32606968,0.0017150969,0.09395413,0.015924107,0.00063808827,0.0,0.0,0.0,0.163,1310996,1310996,6620172,197644,0,0,831,2,1,2,0,2,0,0,0,0,0,0,0
47012000,47012000,1.563234e-07,0.0020616392,0.019103302,0.00019809428,0.0052644783,0.0067651747,663,0,0.17030269,0.3259608,0.012343341,0.025465518,0.011470615,0.0018335143,0.0,0.0,0.0,0.163,1310996,1310996,6620172,197644,0,0,831,2,1,2,0,2,0,0,0,0,0,0,0
47215000,47180000,1.2233895e-07,0.0015964193,0.019210592,0.00015360057,0.0028788836,0.0045724455,663,0,0.16726632,0.32683644,0.008860456,0.017360102,0.013056265,0.00016972101,0.0,0.0,0.0,0.17,1310996,1310996,6620172,197644,0,0,831,2,1,2,0,2,0,0,0,0,0,0,0
47408000,47408000,8.781184e-08,0.0011776543,0.022706872,7.324403e-05,0.005600126,0.0070532057,663,0,0.16707473,0.3249316,0.0059421225,0.014582457,0.016173104,0.0030728704,0.0,0.0,0.0,0.174,1310996,1310996,6620172,197644,0,0,831,2,1,2,0,2,0,0,0,0,0,0,0
47620000,47620000,6.06034e-08,0.0008233149,0.022658227,2.368681e-05,0.0047774306,0.007312156,663,0,0.16796465,0.3262492,0.005780847,0.017330226,0.0075632655,0.003006251,0.0,0.0,0.0,0.174,1310996,1310996,6620172,197644,0,0,831,2,1,2,0,2,0,0,0,0,0,0,0
47820000,47820000,4.308571e-08,0.0005916742,0.023031982,4.5241737e-05,0.003346352,0.006993272,663,0,0.16745794,0.32542732,0.0046576685,0.020559674,0.01693906,2.3223567e-05,0.0,0.0,0.0,0.174,1310996,1310996,6620172,197644,0,0,831,2,1,2,0,2,0,0,0,0,0,0,0
48020000,48020000,3.0398745e-08,0.0004217112,0.021186652,0.0001728072,0.002704499,0.0062780925,663,0,0.16832364,0.32535052,0.0043492294,0.05346324,0.015456521,0.005157545,0.0,0.0,0.0,0.174,1310996,1310996,6620172,197644,0,0,831,2,1,2,0,2,0,0,0,0,0,0,0
48217000,48217000,2.0441103e-08,0.00028974714,0.018057602,0.00034959932,0.008389647,0.011903802,663,0,0.16903372,0.32527572,0.0014655966,0.05683607,0.027657865,0.00035160713,0.0,0.0,0.0,0.174,1310996,1310996,6620172,197644,0,0,831,2,1,2,0,2,0,0,0,0,0,0,0
48408000,48408000,1.39780925e-08,0.00020442283,0.016011715,0.00031637552,0.009237079,0.013498706,663,0,0.16894822,0.32623893,0.0062762112,0.049237285,0.009588286,0.001770631,0.0,0.0,0.0,0.174,1310996,1310996,6620172,197644,0,0,831,2,1,2,0,2,0,0,0,0,0,0,0
48612000,48612000,9.6558805e-09,0.00014674559,0.01481463,0.00015421037,0.0047056726,0.00905362,663,0,0.1693497,0.32616097,0.0046435874,0.01813794,0.021066327,0.0020699163,0.0,0.0,0.0,0.174,1310996,1310996,6620172,197644,0,0,831,2,1,2,0,2,0,0,0,0,0,0,0
48813000,48813000,6.676783e-09,0.00010800824,0.0140653495,6.537156e-05,0.0017531068,0.005602499,663,0,0.1691997,0.3257246,0.0062489184,0.019731203,0.0087123085,0.0020037226,0.0,0.0,0.0,0.174,1310996,1310996,6620172,197644,0,0,831,2,1,2,0,2,0,0,0,0,0,0,0
49012000,49012000,4.7211994e-09,8.3049665e-05,0.01365185,0.0002456022,0.0061115893,0.009948108,663,0,0.16905089,0.32531023,0.001964443,0.04069269,0.016842037,0.00021964576,0.0,0.0,0.0,0.174,1310996,1310996,6620172,197644,0,0,831,2,1,2,0,2,0,0,0,0,0,0,0
49216000,49216000,3.4181316e-09,6.471496e-05,0.012856204,6.5676555e-05,0.002369479,0.0052635726,663,0,0.16889907,0.32491338,0.0013048981,0.012468293,0.0042976346,0.00028389014,0.0,0.0,0.0,0.174,1310996,1310996,6620172,197644,0,0,831,2,1,2,0,2,0,0,0,0,0,0,0
49412000,49412000,2.5699223e-09,5.1938652e-05,0.010863786,8.779803e-05,0.0013358745,0.002357404,663,0,0.16879688,0.32454607,0.00305161,0.022849897,0.029460534,7.922089e-05,0.0,0.0,0.0,0.174,1310996,1310996,6620172,197644,0,0,831,2,1,2,0,2,0,0,0,0,0,0,0
49613000,49613000,1.9198454e-09,4.335511e-05,0.009375477,0.00020008332,0.0063278014,0.008367694,663,0,0.16877995,0.3256107,0.005023695,0.038226835,0.00928768,0.00034380108,0.0,0.0,0.0,0.174,1310996,1310996,6620172,197644,0,0,831,2,1,2,0,2,0,0,0,0,0,0,0
49812000,49784000,2.246004e-09,4.259787e-05,0.008756589,8.244997e-05,0.005144263,0.008232589,663,0,0.1666353,0.32554254,0.005108573,0.009997713,0.017231729,4.2322758e-05,0.0,0.0,0.0,0.174,1310996,1310996,6620172,197644,0,0,831,2,1,2,0,2,0,0,0,0,0,0,0
50016000,49984000,2.086176e-09,4.1989493e-05,0.009410586,0.00012041394,0.0042848215,0.0072722035,663,0,0.1667485,0.32524264,0.0016089487,0.03849346,0.01832818,0.0004438639,0.0,0.0,0.0,0.174,1310996,1310996,6620172,197644,0,0,831,2,1,2,0,2,0,0,0,0,0,0,0
50209000,50209000,1.9541224e-09,4.1696243e-05,0.011405705,0.00014798064,0.0061171195,0.011451461,663,0,0.16824359,0.32436064,0.0012225972,0.032257833,0.0040460797,0.0032619971,0.0,0.0,0.0,0.174,1310996,1310996,6620172,197644,0,0,831,2,1,2,0,2,0,0,0,0,0,0,0
50416000,50416000,1.8840849e-09,4.0308576e-05,0.011596958,0.00012836134,0.0049748984,0.008578226,663,0,0.16887878,0.32450446,0.0025658933,0.030878756,0.025628403,0.0001274047,0.0,0.0,0.0,0.174,1310996,1310996,6620172,197644,0,0,831,2,1,2,0,2,0,0,0,0,0,0,0
50605000,50605000,1.5487821e-09,3.6494763e-05,0.011779631,0.0001518509,0.007589762,0.013990887,663,0,0.16799647,0.3252711,0.0045779645,0.05244429,0.022525646,0.0039374335,0.0,0.0,0.0,0.174,1310996,1310996,6620172,197644,0,0,831,2,1,2,0,2,0,0,0,0,0,0,0
50813000,50813000,1.4631242e-09,3.5001536e-05,0.012973615,0.000115812785,0.0038472654,0.008556248,663,0,0.168502,0.3254206,0.0051339967,0.025674107,0.005445416,0.0011850671,0.0,0.0,0.0,0.174,1310996,1310996,6620172,197644,0,0,831,2,1,2,0,2,0,0,0,0,0,0,0
51012000,51012000,1.2834626e-09,3.4190518e-05,0.012193169,0.00010675096,0.010222024,0.025873324,663,0,0.16833077,0.3251762,0.0015239121,0.017632889,0.01575475,0.0010192406,0.0,0.0,0.0,0.174,1310996,1310996,6620172,197644,0,0,831,2,1,2,0,2,0,0,0,0,0,0,0
51212000,51188000,1.0729594e-09,3.315633e-05,0.011138057,0.000107180334,0.002702026,0.008109941,663,0,0.16616993,0.32515657,0.0022813454,0.055324543,0.0199966,1.2588712e-05,0.0,0.0,0.0,0.178,1310996,1310996,6620172,197644,0,0,831,2,1,2,0,2,0,0,0,0,0,0,0
51408000,51408000,1.1833947e-09,3.562683e-05,0.015612342,8.270707e-05,0.0017093787,0.004570047,663,0,0.16673264,0.32529464,0.0074569783,0.031840693,0.007930455,0.00026045516,0.0,0.0,0.0,0.178,1310996,1310996,6620172,197644,0,0,831,2,1,2,0,2,0,0,0,0,0,0,0
51620000,51620000,1.0391246e-09,3.462255e-05,0.013724632,0.00013609522,0.0060714623,0.008049066,663,0,0.16797756,0.3244324,0.0022983435,0.01608559,0.0026394862,0.0019143297,0.0,0.0,0.0,0.178,1310996,1310996,6620172,197644,0,0,831,2,1,2,0,2,0,0,0,0,0,0,0
51808000,51808000,8.9037366e-10,3.328911e-05,0.011282844,7.719601e-05,0.0059479396,0.008612687,663,0,0.16705872,0.3251955,0.002528721,0.044532582,0.01918659,0.0009575994,0.0,0.0,0.0,0.178,1310996,1310996,6620172,197644,0,0,831,2,1,2,0,2,0,0,0,0,0,0,0
52008000,52008000,9.2713304e-10,3.7597005e-05,0.017198225,6.488628e-05,0.005037683,0.0090299295,663,0,0.17041256,0.32562697,0.0107590975,0.032482654,0.022097556,0.0020093732,0.0,0.0,0.0,0.194,1310996,1310996,6620172,197644,0,0,831,2,1,2,0,2,0,0,0,0,0,0,0
52212000,52212000,8.6323865e-10,3.703483e-05,0.01581049,0.00017536491,0.0058624283,0.010133321,663,0,0.16437356,0.3245579,0.006047433,0.009060816,0.016161416,0.0005176534,0.0,0.0,0.0,0.198,1310996,1310996,6620172,197644,0,0,831,2,1,2,0,2,0,0,0,0,0,0,0
52409000,52409000,8.1155793e-10,3.5721587e-05,0.014533609,0.00021504347,0.0067609167,0.00900818,663,0,0.16518113,0.32470426,0.0053115822,0.034877904,0.015705366,0.0019477806,0.0,0.0,0.0,0.198,1310996,1310996,6620172,197644,0,0,831,2,1,2,0,2,0,0,0,0,0,0,0
52608000,52608000,7.0413214e-10,3.3318942e-05,0.012864795,0.00013576586,0.0023370632,0.0066324715,663,0,0.16580996,0.32482585,0.0017763962,0.015973708,0.019520022,0.00073078764,0.0,0.0,0.0,0.198,1310996,1310996,6620172,197644,0,0,831,2,1,2,0,2,0,0,0,0,0,0,0
52817000,52792000,7.6334083e-10,3.4468456e-05,0.0120518245,0.00011926817,0.0034257,0.006709521,663,0,0.16443217,0.32517472,0.0052068047,0.03135214,0.014392556,0.0028629694,0.0,0.0,0.0,0.205,1310996,1310996,6620172,197644,0,0,831,2,1,2,0,2,0,0,0,0,0,0,0
53012000,52988000,7.610232e-10,3.6182446e-05,0.015674813,9.132816e-05,0.0037755612,0.006849616,663,0,0.16924122,0.32635602,0.0058770236,0.034914583,0.022867084,0.0035855724,0.0,0.0,0.0,0.205,1310996,1310996,6620172,197644,0,0,831,2,1,2,0,2,0,0,0,0,0,0,0
53221000,53221000,7.239917e-10,3.539752e-05,0.015003118,0.00012393727,0.0028533253,0.0059200586,663,0,0.1640685,0.32427323,0.0027299288,0.036688775,0.016936231,0.0012426077,0.0,0.0,0.0,0.229,1310996,1310996,6620172,197644,0,0,831,2,1,2,0,2,0,0,0,0,0,0,0
53417000,53417000,7.203828e-10,3.418428e-05,0.012776451,0.00015121531,0.0018118804,0.0032655327,663,0,0.1649451,0.32442015,0.009022863,0.033755958,0.018519016,0.002221733,0.0,0.0,0.0,0.229,1310996,1310996,6620172,197644,0,0,831,2,1,2,0,2,0,0,0,0,0,0,0
53617000,53617000,7.328418e-10,3.4079432e-05,0.012826505,0.00019563554,0.004325318,0.0047517256,663,0,0.16507076,0.32416546,0.0015097407,0.03655521,0.025538372,0.0037189375,0.0,0.0,0.0,0.229,1310996,1310996,6620172,197644,0,0,831,2,1,2,0,2,0,0,0,0,0,0,0
53809000,53809000,7.8021245e-10,3.418179e-05,0.011828887,0.00013393561,0.004884974,0.0069163726,663,0,0.1644677,0.32352793,0.002605832,0.015664559,0.012450294,0.0022097803,0.0,0.0,0.0,0.229,1310996,1310996,6620172,197644,0,0,831,2,1,2,0,2,0,0,0,0,0,0,0
53988000,53988000,7.00643e-10,3.2890606e-05,0.010560375,5.8940055e-05,0.004121858,0.0068330835,663,0,0.17005199,0.3250868,0.0015093214,0.015316801,0.024427766,0.0019416836,0.0,0.0,0.0,0.229,1310996,1310996,6620172,197644,0,0,831,2,1,2,0,2,0,0,0,0,0,0,0
54217000,54217000,7.883146e-10,3.4635417e-05,0.017141065,0.00023664122,0.008406402,0.011876657,1049111,0,0.16331743,0.32363427,0.0007135023,0.03484123,0.008625666,1.1754944e-38,0.0,0.0,0.0,0.229,1310996,1310996,6620172,197644,0,0,895,2,1,2,0,2,0,0,0,0,0,0,0
54405000,54405000,7.9807005e-10,3.6270376e-05,0.017178971,0.00018563471,0.005283237,0.0091176415,1049111,0,0.1628665,0.32301515,0.0018043024,0.039816372,0.02071752,1.1754944e-38,0.0,0.0,0.0,0.229,1310996,1310996,6620172,197644,0,0,895,2,1,2,0,2,0,0,0,0,0,0,0
54610000,54610000,7.557243e-10,3.5340567e-05,0.016211048,9.609472e-05,0.0030768465,0.0068715857,1049111,0,0.16435581,0.32354033,0.0054742717,0.015182136,0.022169314,1.1754944e-38,0.0,0.0,0.0,0.229,1310996,1310996,6620172,197644,0,0,895,2,1,2,0,2,0,0,0,0,0,0,0
