gyro_rad[0],gyro_rad[1],gyro_rad[2],accelerometer_m_s2[0],accelerometer_m_s2[1],accelerometer_m_s2[2],magnetometer_ga[0],magnetometer_ga[1],magnetometer_ga[2]
-0.0023968467,0.008788434,-0.0029294766,0.016759416,0.06224942,-9.751583,0.2789355,-0.018437473,0.4706901
-0.007723167,0.009853702,-0.0034620953,-0.039504327,-0.017956339,-9.932346,0.2797683579594272,-0.018977520594272077,0.4705006112171838
-0.011451597,0.0069242236,-0.0031957736,0.039504327,-0.022744745,-9.907209,0.28060121591885445,-0.01951756818854415,0.4703111224343675
-0.009587376,0.0037284351,-0.00026630817,0.06105215,1.7216124e-07,-9.864112,0.2814340738782816,-0.02005761578281623,0.4701216336515513
-0.0063915825,0.0061252816,0.003195782,0.02873042,-0.008379534,-9.91439,0.2816292446300716,-0.020133415892601432,0.4701348429594272
-0.0047936877,0.0058589596,0.004261056,0.039504327,-0.039504156,-9.866505,0.2811705157875895,-0.01973316561575179,0.47035590369928404
-0.00532632,0.0021305266,0.0031958006,0.077811554,-0.04668677,-9.77313,0.2807117869451074,-0.01933291533890215,0.4705769644391408
-0.006924221,0.0029294728,0.0015978967,0.06105215,-0.01795634,-9.846154,0.2802530581026253,-0.018932665062052503,0.47079802517899766
-0.008522125,0.009587377,0.0013315531,-0.0023942017,0.049081307,-9.8509445,0.280304638424821,-0.019243788627684964,0.47109271341288783
-0.011984231,0.017843174,0.0005326202,-0.019153614,0.05506681,-9.739613,0.2803627057279236,-0.019563955081145584,0.47138833758949883
-0.012516856,0.02263687,0.0007989207,0.015562312,-0.017956344,-9.719261,0.28042077303102625,-0.019884121534606204,0.47168396176610977
-0.010918955,0.024234772,0.001597874,0.03232173,-0.06344618,-9.7324295,0.28044076270883056,-0.020157715183770884,0.4717204489498807
-0.012783182,0.02370213,0.00079896586,0.029927526,-0.021547649,-9.696517,0.2804196947732697,-0.020381091200477326,0.4714775188544153
-0.014114763,0.02609897,-0.00026631533,0.0023942022,0.039504495,-9.655814,0.28039862683770883,-0.020604467217183772,0.4712345887589499
-0.019707374,0.03408848,0.0013316061,-0.01436521,0.019153785,-9.683351,0.280377558902148,-0.020827843233890215,0.4709916586634845
-0.022104256,0.03408846,2.7829893e-08,-0.009576809,0.041898705,-9.629479,0.28004781879474944,-0.02015191209785203,0.471247404176611
-0.021039011,0.037284233,-0.0015979675,0.0071826046,0.035913195,-9.533711,0.2797101300477327,-0.01945282283770883,0.4715159911217184
-0.022903152,0.038615856,0.001065279,0.02873042,0.015562476,-9.483433,0.27937244130071603,-0.018753733577565632,0.4717845780668258
-0.028762186,0.03728422,-0.0010651139,0.011971009,0.03232189,-9.522937,0.2793879307875895,-0.018569459668257755,0.4719657756085919
-0.030093769,0.037017915,-0.0039947177,0.019153617,0.057461005,-9.496601,0.2798038991646778,-0.018968949594272075,0.4720478798090692
-0.033555783,0.037017986,0.0023968825,0.025139123,0.029927688,-9.417593,0.2802198675417661,-0.019368439520286395,0.47212998400954653
-0.034621075,0.0391485,0.0034620892,0.005985504,-0.03830707,-9.488221,0.28063583591885444,-0.019767929446300715,0.47221208821002386
-0.029561115,0.039414775,0.0018641446,0.025139121,-0.05865778,-9.610325,0.2802979285202864,-0.019874895875894985,0.4716343751073986
-0.027164236,0.039414793,0.0023968143,0.051475342,-0.053869378,-9.623495,0.2799305216348449,-0.019970415733890214,0.47103084306682574
-0.032224275,0.035952665,0.0021305776,-0.016759414,-0.03471576,-9.431957,0.2795631147494033,-0.02006593559188544,0.47042731102625296
-0.031691667,0.03249052,-0.0021304982,-0.062249243,-0.044292565,-9.498997,0.27886544306682576,-0.020285094357995224,0.4702563008711217
-0.022104193,0.030892707,0.0010652039,0.010773908,0.0035914683,-9.483435,0.2777738775894988,-0.020651712372315036,0.4706011425059666
-0.019441035,0.026631646,0.0050600106,0.049081136,0.015562478,-9.442734,0.2766823121121718,-0.021018330386634844,0.47094598414081146
-0.017044248,0.02290318,0.0029294807,0.05626375,-0.02035055,-9.494207,0.27559074663484484,-0.021384948400954652,0.4712908257756563
-0.015712654,0.021305285,0.0021305287,0.033518832,-0.01197084,-9.636662,0.27602017054892597,-0.021243788544152743,0.4714765913365155
-0.014913716,0.017044224,0.0026631586,-0.07182605,0.010774076,-9.648633,0.27652999918854415,-0.021075785804295942,0.4716539475894988
-0.015978985,0.017576847,-0.00053262856,-0.057460837,-0.028730255,-9.524135,0.2770398278281623,-0.02090778306443914,0.4718313038424821
-0.0154463155,0.011185297,0.0013316429,-0.013168109,-0.046686776,-9.4559,0.2775241431026253,-0.020866569859188545,0.47170943904534607
-0.011185282,0.0023968332,-0.0013315512,-0.017956514,-0.02274475,-9.463082,0.27797644632458235,-0.020984441636038187,0.47121213651551314
-0.007723168,-0.0013315747,-0.0042610583,0.037110124,-0.022744747,-9.660604,0.2784287495465394,-0.02110231341288783,0.4707148339856802
-0.0029294768,0.0042610643,0.003195786,0.043095633,0.0395045,-9.578006,0.27888105276849645,-0.02122018518973747,0.47021753145584727
-0.0037926205,-0.0021954002,-0.0021774897,-0.041092888,0.048627578,-9.579788,0.279024396372315,-0.02112068581622912,0.47033353718377086
-0.001745438,-0.0055438792,-0.003345655,0.005836334,0.00795124,-9.551863,0.27914705071599044,-0.02100663033890215,0.4704906126610978
0.0041080317,0.0004176979,-0.0045261127,-0.019341255,0.0015212212,-9.56802,0.27926970505966586,-0.02089257486157518,0.4706476881384248
0.0045584347,-0.0031154833,-0.0029325746,-0.0053306213,0.032811794,-9.594608,0.2791959219331742,-0.020602018559665876,0.47076886110978516
0.008264499,-0.0047589326,-0.00044056703,0.031827282,0.070660695,-9.658159,0.2788627650596659,-0.02007841262529833,0.4708426288305489
0.008283325,-0.002498815,0.00072045013,0.011967626,0.06162569,-9.715247,0.2785296081861575,-0.01955480669093079,0.4709163965513126
0.0067644226,-0.0025824695,-0.0067956364,0.028776146,-0.052176487,-9.612717,0.27819645131264914,-0.019031200756563248,0.4709901642720764
0.012511686,0.0013058762,0.0018133041,-0.043717213,-0.021781897,-9.564552,0.2785029232935561,-0.018850046453460622,0.4710263725417661
0.015819982,-0.004255259,0.0019650299,-0.019687988,0.044623036,-9.713183,0.27886149174224345,-0.01869678413842482,0.4710595216706444
0.017929003,-0.0041452073,-0.0037433736,0.045730956,-0.026548002,-9.842607,0.2792200601909308,-0.01854352182338902,0.47109267079952266
0.020465242,-0.0047241366,-0.00050360966,0.02536769,-0.08584724,-9.691286,0.279313862529833,-0.018698176930787586,0.47128782708830547
0.019089052,-0.0029982694,0.0031150836,0.03842269,-0.013240043,-9.668989,0.2790396399761337,-0.019280837255369925,0.4717081733293556
0.016397351,0.0050733667,0.004850273,0.06911687,0.04110527,-9.753595,0.2787654174224344,-0.019863497579952264,0.47212851957040575
0.021535246,0.0047014616,0.0058639576,-0.024709934,0.055133555,-9.8274355,0.2784911948687351,-0.020446157904534603,0.47254886581145583
0.01981843,0.006698934,0.0062188655,-0.034890413,0.009779841,-9.782888,0.27874268789976137,-0.02065596122673031,0.47216537737470166
0.013601988,0.013911456,0.0055950442,5.404838e-05,-0.058015697,-9.759332,0.2790448232577566,-0.020829847131264918,0.4717044553221957
0.012609705,0.011668445,-0.0033026037,-0.018473288,0.010527488,-9.856325,0.2793469586157518,-0.021003733035799523,0.47124353326968976
0.01303835,0.014640439,-0.0032428796,0.04146856,0.06831684,-9.943547,0.27947999912887833,-0.021015430657517903,0.4710690367064439
0.007356309,0.0037313837,0.006344258,-0.055297848,0.06983191,-9.881712,0.27936549873508354,-0.020789698009546543,0.4713138434367542
0.00980136,0.004310294,-0.0006696134,0.000994429,0.0065998924,-9.898566,0.2792509983412888,-0.02056396536157518,0.47155865016706444
0.014931889,0.011587914,-0.006668815,0.054352045,-0.046541065,-9.890529,0.27913649794749407,-0.02033823271360382,0.4718034568973747
0.011754586,0.008967044,-0.0070992163,0.005643838,0.010910665,-9.924414,0.27877851133651554,-0.020400793257756563,0.47092555569212413
0.00917765,0.009129061,-0.005619016,-0.006212444,0.035164125,-9.98436,0.27839334486873507,-0.020495535367541767,0.4699223289498807
0.010761354,0.007958391,-0.00020599495,-0.083253294,0.04643103,-10.019995,0.27800817840095465,-0.020590277477326967,0.4689191022076372
0.0044052093,0.012818088,0.0044398652,-0.0010507517,0.059665356,-9.94178,0.2776942702147971,-0.020520090978520287,0.468842037947494
0.0055555915,0.016299462,0.001976551,0.034330502,0.032795426,-9.867581,0.2774902817183771,-0.020195493328162294,0.4701936285799523
0.009855263,0.0037601313,-0.004519793,-0.0034519513,0.022239743,-10.110229,0.277286293221957,-0.0198708956778043,0.4715452192124105
0.008712635,0.0028222322,-0.0017499895,0.054064672,0.0025363092,-10.092571,0.27708230472553697,-0.019546298027446302,0.47289680984486876
0.0064909398,0.009006714,0.003675218,0.0043920362,-0.019679327,-9.994495,0.2774581286396181,-0.019174825861575182,0.47324732534606206
0.0058171954,0.012293513,0.0024036127,-0.005961356,0.017238911,-9.973537,0.2779077965871121,-0.018797383828162293,0.47347034542959426
-0.0036972805,0.00885186,-0.0043449267,-0.034458198,0.023462476,-10.058174,0.2783574645346062,-0.018419941794749404,0.47369336551312646
-0.0008053843,0.01250449,-0.008273389,-0.031873535,-0.042797256,-10.016964,0.27847721838902145,-0.0186633190274463,0.4735101824463007
0.0019863464,-0.0026540821,-0.00044264167,0.021244109,-0.020227736,-9.952809,0.27806040866348447,-0.01991638034128878,0.4726663612887828
0.005097053,0.00012461972,-0.0056467,0.059941735,0.06489359,-9.923098,0.2776435989379475,-0.021169441655131262,0.4718225401312649
0.0029296647,0.0075532524,-0.0011250314,-0.022517998,-0.0005642507,-10.061596,0.2772267892124105,-0.022422502968973745,0.470978718973747
-0.0059159454,0.012911655,0.0019354388,-0.020635422,-0.061876126,-10.053235,0.2771069066348449,-0.02156205228162291,0.47114908153937946
-0.012834714,0.0032221898,0.0021179481,0.051509086,-0.0036157703,-9.930385,0.2770296451789976,-0.02039822666587112,0.47146502071599045
-0.011415877,-0.0024490636,0.0013057254,0.015458912,0.006693659,-9.880711,0.27695238372315034,-0.019234401050119344,0.47178095989260144
-0.013073766,0.006804932,-0.010700032,0.042354174,-0.06054936,-10.017448,0.2769134285202864,-0.018727231119331736,0.47197375787589496
-0.015246844,0.0059676487,-0.01254149,-0.051040344,-0.051192302,-10.040008,0.2769402033651551,-0.019346822647971353,0.4719552567661098
-0.007319595,0.0073222993,0.0019189293,0.047671482,-0.004146109,-9.876,0.27696697821002386,-0.019966414176610974,0.4719367556563246
-0.012808405,-0.00041749948,-0.0021728866,0.05116158,0.020231457,-9.845675,0.2769937530548926,-0.02058600570525059,0.47191825454653935
-0.006253031,0.002781023,-0.0028044626,-0.010794708,0.020760905,-9.98408,0.27738295023866344,-0.0204300994176611,0.47185815274463005
-0.003023861,0.0015581996,-0.006179639,-0.015213712,-0.0686767,-9.859892,0.27783020536992836,-0.020149962897374703,0.4717913867541766
-0.004330823,-0.0012632215,-0.0016504116,0.033674356,-0.014522696,-9.976529,0.2782774605011933,-0.019869826377088305,0.4717246207637231
0.00041935474,-0.004872256,-0.0058510276,0.05191475,0.036622137,-9.9663105,0.278399671778043,-0.019775175883054892,0.4715998204653938
-0.005368495,-0.00093821925,-0.0041816696,-0.0027501383,-0.028625462,-9.795616,0.27793298007159906,-0.020016582424821003,0.4713698756563246
-0.012501512,-0.002828328,-0.003382698,0.023147764,0.001067257,-9.736673,0.27746628836515513,-0.020257988966587114,0.47113993084725536
-0.0023024937,-0.009910213,-0.0017903434,0.054660764,0.0020707208,-9.778555,0.2769995966587112,-0.020499395508353224,0.4709099860381862
0.007725546,-0.015219001,-0.0035529688,0.00514796,-0.061818507,-9.821781,0.2774421148210024,-0.02042007949164678,0.47069244409307875
0.000709053,-0.008751142,-0.0080879405,0.02230741,-0.017197348,-9.787037,0.2780458721718377,-0.020283886568019095,0.4704771016706444
0.00096222525,-0.002773596,-0.00013710828,0.07101346,0.059844732,-9.763606,0.278649629522673,-0.02014769364439141,0.47026175924821
0.0021138936,-0.0023386418,0.003052674,-0.009896437,0.047731057,-9.858134,0.2790538568019093,-0.020255585365155124,0.4703383730310262
-0.0025480986,-0.0060231136,0.0010621801,-0.08001559,0.023829559,-9.894764,0.2790760569928401,-0.020830809880668252,0.47097397613365155
0.0020343722,-0.012033716,-0.0021600493,-0.04934218,0.008002774,-9.794384,0.2790982571837709,-0.02140603439618138,0.47160957923627683
-0.0010089466,-0.013116239,-0.0019281228,0.015515271,-0.041725025,-9.687977,0.27912045737470165,-0.021981258911694508,0.47224518233890217
-0.0032482932,-0.0061913277,-0.005987467,0.0645581,-0.041094474,-9.716558,0.2789580704534606,-0.02145463903579953,0.47248768997613366
0.004740258,-0.009359677,-0.0018494,0.053006805,0.0446975,-9.751109,0.2787596890453461,-0.02071315950357996,0.4726535439976134
0.008891279,-0.011521348,-0.004090965,-0.002453614,-0.06293745,-9.981369,0.2785613076372315,-0.01997167997136039,0.4728193980190931
0.0050290637,-0.017311594,-0.005863606,-0.07741946,-0.016184993,-9.794566,0.27831888608591887,-0.01950966972673031,0.4726984726133652
-0.0005849838,-0.007113392,-0.0062460117,0.020082913,-0.010301859,-9.789017,0.27798726930787593,-0.019613673229116946,0.4719967281145585
0.006070962,-4.5418154e-05,-0.0025411595,0.08602205,-2.4914343e-05,-9.78802,0.277655652529833,-0.01971767673150358,0.4712949836157518
0.010706047,-0.0010995461,-0.0055299615,0.07699937,0.018930279,-9.604602,0.27732403575179,-0.019821680233890214,0.4705932391169451
0.009591954,-7.798274e-05,-0.0032919743,0.02451198,0.031752054,-9.664802,0.27793209016706444,-0.01969287933890215,0.4707903412052506
0.009464256,0.002337011,0.00023586555,0.03312833,0.006306295,-9.677887,0.2787404805727924,-0.01951444501909308,0.4711790755608592
0.011674973,-0.0014635973,-0.0010018224,0.09153271,0.025562914,-9.611269,0.2795488709785203,-0.01933601069928401,0.47156780991646774
0.016849516,-0.0017412897,-0.0038883467,0.02358198,0.037518486,-9.742093,0.27971929942720763,-0.019111535252983296,0.4717731140095465
0.02015948,-0.00045026361,0.00023073098,-0.03911605,-0.030853553,-9.768852,0.2785214673627685,-0.018788313706443915,0.4715850084606205
0.015990837,0.0045999507,-0.00644817,-0.04131321,-0.012645742,-9.758823,0.2773236352983294,-0.018465092159904536,0.4713969029116945
0.011511459,0.004955186,-0.0033677232,-0.015621728,-0.02551106,-9.683992,0.27612580323389024,-0.018141870613365158,0.4712087973627685
0.00697319,0.0013896832,-0.00563463,-0.022652702,0.024634963,-9.834784,0.27654095847255367,-0.01788172754176611,0.4712251789260143
0.014953158,-0.0054150918,-0.008441951,-0.03178637,0.010864475,-9.79091,0.27733026025059665,-0.017636216075179,0.47128899306682576
0.023812247,-0.01111391,-0.008517806,-0.0567632,0.04372291,-9.799262,0.2781195620286396,-0.01739070460859189,0.4713528072076372
0.019219315,-0.0102540525,-0.01009009,0.017535776,0.0073090387,-9.848443,0.2787298491646778,-0.017471201211217178,0.4713131991646778
0.010186455,-0.00076412637,-0.002407913,0.024534523,0.0034854992,-9.750829,0.2789330619093079,-0.018293031231503575,0.4710384119093079
0.0085152555,0.0033133684,0.004806475,-0.0024154843,0.08032963,-9.758781,0.279136274653938,-0.01911486125178997,0.47076362465393795
0.018129513,-0.00012640934,0.0020194787,-0.023641987,0.051268168,-9.875643,0.27933948739856806,-0.019936691272076368,0.470488837398568
0.024355518,0.0023847772,0.00020588726,-0.023925494,-0.005558932,-9.856043,0.27903619002386637,-0.019815085225537002,0.47041755859188544
0.023820672,0.0025554807,-0.0005725341,0.05000115,-0.050033323,-9.815337,0.27860560214797137,-0.019456385298329364,0.47039742326968975
0.014842899,-0.0019287812,-0.002515725,0.02684817,-0.05812926,-9.7906,0.27817501427207636,-0.019097685371121727,0.47037728794749406
0.01175241,-0.003850483,-0.0027309144,-0.0052581355,0.008046483,-9.83334,0.2780966166109785,-0.018690488057279245,0.47049889176610976
0.013324378,0.0049630604,-0.0032677462,-0.04685311,0.04678347,-9.805872,0.2788685067541766,-0.018166204195704066,0.4709626943675418
0.012488488,0.0107334405,-0.0042980844,-0.048347194,-0.010992644,-9.63282,0.2796403968973747,-0.017641920334128886,0.47142649696897376
0.014915774,0.010393817,-0.002193144,0.044012725,-0.06626817,-9.642797,0.2804122870405728,-0.01711763647255371,0.47189029957040574
0.014346722,0.00940439,0.0032050807,0.07551081,-0.06551738,-9.636251,0.2796883971360382,-0.017612242840095455,0.47197415596658715
0.008342365,0.0038324029,0.003550763,0.04922684,-0.053749833,-9.654278,0.27855873711217183,-0.018383250280429586,0.47195494184964204
-0.0015769186,0.0019600028,-0.0021545615,-0.008113321,0.00075267366,-9.773073,0.2774290770883055,-0.019154257720763714,0.47193572773269693
0.006791939,0.0072201295,-0.0040187435,0.03141975,-0.016180646,-9.753309,0.2767746749284009,-0.019656326681384253,0.47189626730310263
-0.0061600776,0.006277795,-2.0088105e-06,-0.03671488,-0.081316516,-9.915308,0.2773403377326969,-0.019467986410501195,0.47180483126491646
-0.0043975217,0.005409947,-0.0026486972,-0.04177005,-0.01836438,-9.909618,0.2779060005369928,-0.01927964613961814,0.47171339522673034
0.00070228294,0.0055963052,-0.010311319,-0.035915177,-0.009878052,-9.78142,0.2784716633412888,-0.019091305868735083,0.47162195918854416
0.00281803,0.007109312,-0.00366771,-0.074388236,0.007578903,-9.832855,0.27829472554892604,-0.01888791194033413,0.4717655989856802
-0.0036982337,0.008377254,-0.005669521,-0.08902627,0.033613753,-9.858574,0.2779010286634845,-0.018680123971360384,0.4719778555131265
0.0064580054,0.010229357,-0.006913111,-0.0067597544,0.018619817,-9.925665,0.277507331778043,-0.018472336002386635,0.4721901120405728
0.007425329,0.008608027,-0.0014069481,-0.061820436,-0.062806286,-9.785229,0.27739909016706443,-0.018422311546539376,0.47217827997613365
0.002201053,0.007801591,0.00053493713,-0.032581203,-0.034235638,-9.841726,0.2780713903221957,-0.018803671696897374,0.47155370566825777
-0.002335582,0.005703312,0.0036977124,-0.0013381093,-0.04405481,-9.9854355,0.27874369047732694,-0.019185031847255368,0.4709291313603819
-0.0014230921,0.0071485112,-0.0044204993,-0.043223355,-0.019146774,-9.941013,0.2794159906324582,-0.019566391997613362,0.47030455705250596
0.0022972804,0.005266768,-0.0039935242,-0.066182464,-0.019467147,-9.900344,0.27938081465393794,-0.019531255572792363,0.4704733442004773
0.009178473,-0.0017282102,-0.008679195,0.009071585,0.04444948,-9.66927,0.2791240664797136,-0.01936567791288783,0.47089060169451075
0.00062554353,-0.00289652,-0.0027894196,0.017580524,-0.08720894,-9.797785,0.2788673183054892,-0.019200100252983295,0.4713078591885441
0.0009973397,-0.012191704,-0.0036076251,0.055714995,-0.07411128,-9.852755,0.27876896121718375,-0.01899524354295943,0.4715291348926014
0.0023200721,-0.018535806,-0.002776373,-0.022781732,0.01057328,-9.812995,0.27913279451073986,-0.018675769276849642,0.4711785293078759
0.008575635,-0.018553285,-0.0049739885,-0.056577936,0.017803432,-9.765594,0.2794966278042959,-0.01835629501073986,0.47082792372315035
0.016618015,-0.014121575,-0.00841688,-0.00080388424,-0.040641006,-9.964148,0.279860461097852,-0.01803682074463007,0.4704773181384248
0.018285885,-0.016161568,0.005038168,0.04530743,0.0056324555,-9.765144,0.2798570026252983,-0.01771167978281623,0.47076292725536995
0.013478372,-0.0151323015,-0.0038442137,0.048244946,0.0011456931,-9.956327,0.2797304295942721,-0.0173846393699284,0.4712617926968974
0.015760664,-0.010471334,-0.00292846,0.02143573,0.041298307,-9.907443,0.2796038565632458,-0.017057598957040572,0.4717606581384248
0.015990846,-0.014240321,0.0021029972,-0.012481865,0.057530105,-9.718774,0.2794851287589499,-0.016952251016706447,0.4720603877088305
0.011552617,-0.010930213,-0.00028251135,-0.019858478,0.007249306,-9.725786,0.2793908834725537,-0.017538736482100227,0.47173867602625297
0.013888515,-0.016650409,0.000688559,-0.08122726,-0.015897846,-9.778663,0.2792966381861575,-0.01812522194749402,0.4714169643436754
0.012808191,-0.014304502,-0.0053406064,-0.07105391,-0.016850363,-9.929199,0.27920239289976134,-0.018711707412887815,0.47109525266109786
0.018706074,-0.0124912625,0.0022545217,-0.021997925,0.07918125,-9.93535,0.278946315823389,-0.01871009790930788,0.47135494164677805
0.009097007,-0.014906689,0.0005318011,-0.04535413,0.061071537,-9.802214,0.2786323103221957,-0.018497977138424826,0.4718227456443914
0.016773928,-0.011715243,0.0046296394,0.03330045,0.018628169,-9.850082,0.2783183048210024,-0.01828585636754177,0.47229054964200473
0.008488273,-0.0058042756,0.00016781033,0.048762962,-0.03503407,-9.762839,0.2782620963961813,-0.0180185824105012,0.47261585047732696
0.011995765,-0.0049512563,0.00070613174,0.032987706,-0.044123825,-9.703388,0.279068336372315,-0.01756679597613366,0.4724644134606205
0.009228387,0.0032864774,-0.0096977195,-0.027146164,-0.008871929,-9.706352,0.27987457634844864,-0.01711500954176612,0.47231297644391407
0.011770418,-0.00023079081,-0.0033126003,0.018937757,0.016244978,-9.703356,0.2806808163245823,-0.016663223107398574,0.4721615394272077
0.020741396,0.0014849305,0.0013841056,0.015408814,0.012618992,-9.751343,0.28052273613365153,-0.01695155255608591,0.47181198437947497
0.015362302,0.00022657546,0.00091689563,0.05820162,-0.027952254,-9.81146,0.27999676501193316,-0.017522238353221947,0.4713868467303103
0.004653497,0.003030369,-0.012744292,-0.02931523,0.04344364,-9.802063,0.2794707938902148,-0.018092924150357986,0.4709617090811456
0.0063332166,0.008399242,-0.013393115,-0.057744198,0.043652818,-9.901076,0.27896935460620526,-0.018429514014319814,0.47073046937947494
0.010530757,0.005079381,-0.008440594,-0.02170331,-0.015990805,-9.9438925,0.27855613558472553,-0.017924258887828167,0.47119651652744626
0.0074735237,0.0013360643,-0.0066272407,0.008151226,-0.08074191,-9.857471,0.2781429165632458,-0.01741900376133652,0.47166256367541765
0.00803644,0.0015604204,0.00023100534,-0.002857339,-0.049786713,-9.802292,0.2777296975417661,-0.016913748634844874,0.472128610823389
0.0030242421,0.00542479,-0.011964067,-0.002029803,-0.009767431,-9.807371,0.2778752591885441,-0.01668617836515513,0.4721267218138425
0.0028343338,0.0035380225,-0.009531597,-0.030082911,-0.0017125731,-9.731125,0.2782476200477327,-0.016571315478520286,0.47193490577565633
0.0005488907,0.00028777428,-0.004873728,-0.010666017,-0.025967704,-9.690186,0.27861998090692125,-0.016456452591885443,0.4717430897374702
-0.0018676078,0.0020215027,-0.0068651326,-0.02955269,-0.024683448,-9.870197,0.27886094399761335,-0.016436037731503577,0.47161437494033415
-0.003701653,0.006385822,-0.005979495,-0.044339243,-0.0146462815,-9.842015,0.2785924055369928,-0.01678184991169451,0.47173033842482104
0.0002625542,0.0021812432,-0.009780575,0.00091806066,-0.013854077,-9.740578,0.2783238670763723,-0.01712766209188544,0.4718463019093079
0.0046854503,0.0016783276,-0.006528375,0.05716131,-0.0064770193,-9.718241,0.2780553286157518,-0.01747347427207637,0.47196226539379477
0.0055960403,0.0019216579,-0.0053663687,0.052063182,-0.012094158,-9.794335,0.27842257788782815,-0.016996179323389024,0.4718559076372315
0.0059584067,0.0030711584,-0.010561844,0.007905042,-0.009392009,-9.86313,0.2790639392362768,-0.016164011840095468,0.47165369880668256
0.0101684,0.005686919,-0.0069267573,-0.03412467,-0.00830647,-9.855772,0.27970530058472554,-0.015331844356801912,0.4714514899761336
0.0104234405,0.0038915277,-0.0029676738,-0.04834798,-0.05599948,-9.836416,0.2801966904057279,-0.01484755873508353,0.4712547616229117
0.008229504,0.0074006603,-0.005729098,-0.071430266,-0.052931737,-9.702655,0.28005885186157514,-0.01582286440214797,0.4710810274463007
0.004642835,0.01400623,0.001773747,-0.05875424,-0.036133934,-9.915208,0.2799210133174224,-0.01679817006921241,0.4709072932696897
0.007956846,0.013983668,-0.0029288274,0.06589537,-0.019238621,-9.696747,0.2797831747732697,-0.017773475736276852,0.47073355909307874
0.009585747,0.017786797,-0.0064303298,0.07970429,-0.012073443,-9.83504,0.2792728233412888,-0.017637364754176627,0.47021456773269693
0.008800805,0.016904676,-0.0017832846,0.04140436,0.011005776,-9.780733,0.2785921154057279,-0.016992983963007177,0.4695376843675418
0.011329131,0.015170241,0.0007255542,0.012713894,0.026303016,-9.667397,0.27791140747016707,-0.016348603171837724,0.46886080100238664
0.008963928,0.009510402,0.00030111885,-0.015549271,0.08059134,-9.6588745,0.2774106509427207,-0.01588761368615751,0.46843367374701667
0.0055889594,0.003905388,-0.0047541596,-0.04295617,-0.007568142,-9.668373,0.27773013804295943,-0.016262547360381855,0.46914496968973746
0.0014223394,0.0032212907,0.002529933,0.024575977,-0.03140177,-9.801764,0.2780496251431981,-0.0166374810346062,0.4698562656324582
-0.00072569685,-0.0008753132,-0.0049369507,0.014361793,-0.026830375,-9.793961,0.27836911224343674,-0.017012414708830543,0.470567561575179
0.0050359294,-0.0005715425,-0.0047905166,-0.0052949507,0.027467063,-9.68807,0.27861267381861576,-0.017003981254176615,0.47067042737470166
0.011301777,-0.0062013376,0.0045606256,0.0530592,0.07268023,-9.832092,0.27881945159904536,-0.01680981714081146,0.4704785257756563
0.004434347,-0.011928197,0.00033693545,0.03355009,0.072950184,-9.979393,0.27902622937947497,-0.016615653027446303,0.470286624176611
-0.002406512,-0.009641696,-0.0061145346,0.03563787,0.06652066,-9.960907,0.2792279880668258,-0.0165008064797136,0.47011996935560857
0.0008350772,-0.007947469,-0.00016187778,0.02303148,0.028647592,-9.8167515,0.2794047767661098,-0.016780564821002382,0.47007891725536993
0.002051138,-0.0058506518,0.0054397346,-0.06036191,-0.023521356,-9.689171,0.2795815654653938,-0.017060323162291165,0.47003786515513124
-0.0020033207,-0.008856673,-0.0004466436,0.043907464,0.030604566,-9.645369,0.27975835416467776,-0.01734008150357995,0.4699968130548926
0.0014428489,-0.010553529,-0.00036223498,0.033469327,0.06698392,-9.694713,0.2798308609785203,-0.01751235440572792,0.46998170085918856
0.0080793295,-0.007835716,-0.00043079,0.0034921714,0.08513789,-9.687397,0.27984990682577565,-0.01762952401312649,0.46997988696897375
0.003661432,-0.0023253716,0.001203102,0.01944015,-0.040701926,-9.882782,0.279868952673031,-0.01774669362052506,0.46997807307875894
0.0013177373,-0.004262248,-0.0004648204,-0.025958179,-0.04105112,-9.786449,0.27986176472553703,-0.01777782723389022,0.4700550462291169
-0.0005397427,-0.0072332816,-0.0056541464,0.037358463,0.03106047,-9.748423,0.2797113544391408,-0.01733925082577566,0.4705621540334129
-0.005561743,-0.009942449,0.0012717362,0.07024874,0.04430596,-9.681553,0.27956094415274463,-0.0169006744176611,0.47106926183770886
-0.001488834,-0.012999662,0.0019222326,0.021335684,0.0001617463,-9.671381,0.27941053386634845,-0.016462098009546542,0.4715763696420048
-0.0005326021,-0.012506256,0.000875985,0.006944824,0.0008288777,-9.669443,0.27957937363961816,-0.016538524453460615,0.4710720266109785
-0.0023114097,-0.0062967846,0.005397985,-0.065697595,-0.0053778184,-9.823885,0.2799212263484487,-0.01689404921718377,0.47001954248210026
-0.0039498354,-0.011793863,0.0014640996,-0.072342746,-0.017653683,-9.83209,0.2802630790572792,-0.01724957398090692,0.46896705835322194
0.0018302746,0.0014446749,-0.0022171384,-0.057765935,-0.07736182,-9.933438,0.28045919916467776,-0.017566572038186158,0.4681231816706444
0.00024526144,0.0026606382,-0.0054751225,0.0045105657,-0.08748526,-9.847824,0.2797766374105012,-0.017651276718377087,0.4685370851789976
-0.0009569042,-0.0017941371,-0.0014605722,0.0085382145,-0.0025153891,-9.881365,0.2790940756563246,-0.017735981398568017,0.4689509886873508
-0.0062751714,-0.0047210553,0.0054927142,-0.045959104,0.03628493,-9.849387,0.27841151390214797,-0.01782068607875895,0.46936489219570404
-0.0033105079,0.0026969675,0.006361711,-0.013309181,-0.026371293,-9.844834,0.27830511558472554,-0.01774352200477327,0.46969121976133654
-0.0013914765,0.007272808,0.0046602483,-0.012128407,-0.034436673,-9.826847,0.27852849502386634,-0.017573709367541768,0.4699674216229117
-0.0024374737,0.0022666168,0.0020479895,-0.07178255,-0.03303727,-9.785763,0.27875187446300714,-0.017403896730310266,0.4702436234844869
-0.007881302,0.00017239802,0.0027849758,0.010510253,-0.012741039,-9.817873,0.2789717051789976,-0.017312989266109784,0.47049239145584726
-0.008056819,0.00016288478,-0.0012422407,0.043869037,0.055697218,-9.793731,0.27916772510739857,-0.01775151005966587,0.4705570868735084
-0.006868074,0.0073944717,-0.0067186123,0.017447311,0.013055209,-9.781921,0.2793637450357995,-0.018190030853221947,0.47062178229116947
-0.013389161,0.016729014,-0.00042284757,0.038816813,-0.049532235,-9.818335,0.2795597649642005,-0.018628551646778034,0.47068647770883054
-0.015853656,0.003681209,-0.006395887,-0.037149154,0.011929432,-9.784962,0.27968821214797135,-0.018325224377088323,0.47068539976133655
-0.018869871,0.002265472,-0.010269766,-0.02792528,0.04077638,-9.822947,0.2797758435799523,-0.01757380096181386,0.4706445929355609
-0.0129574165,0.006275951,-0.0061985776,-0.01974338,0.042596884,-9.898886,0.2798634750119332,-0.016822377546539397,0.4706037861097852
-0.007956962,0.0039533195,-0.004115006,-0.07784188,0.008359459,-9.834166,0.2799161408591886,-0.016236309634844855,0.47063574921241047
-0.008050447,0.0042439424,-0.006824938,-0.063421115,-0.005718056,-9.878123,0.27970531605011933,-0.01689631355369927,0.47121608570405726
-0.005377068,0.004187672,-0.0047187163,-0.014762843,-0.022437243,-9.970724,0.27949449124105014,-0.017556317472553686,0.47179642219570406
-0.009807081,0.0011774125,0.0029160592,0.019039523,-0.06814065,-10.015587,0.2792836664319809,-0.0182163213914081,0.4723767586873508
0.0015715094,-0.0063337376,0.0025318516,-0.023639502,0.013272747,-9.874798,0.27919725696897374,-0.018204299854415282,0.4722220513842482
-0.0051335506,-0.0015223373,-0.0033158918,-0.017801717,-0.013598331,-9.906347,0.2791900983770883,-0.017764207307875902,0.4715991312529833
-0.013123676,-0.008302085,-0.009782955,0.06988586,-0.016877169,-9.880777,0.27918293978520287,-0.017324114761336523,0.4709762111217184
-0.0040904856,-0.021085862,-0.0031999196,-0.0005040326,-0.085608676,-9.961894,0.2791791946778043,-0.01694294157637231,0.47046774564439137
-0.0042432044,-0.022869134,-0.006463305,-0.04408398,-0.060296014,-9.85517,0.27920466899761337,-0.01706611812649164,0.4709390120047732
-0.004054907,-0.016792523,-0.0042022876,-0.0031927265,0.059297856,-9.805282,0.2792301433174224,-0.017189294676610976,0.4714102783651551
-0.0033394631,-0.01349441,-0.0038599775,0.065072045,0.07466079,-9.82123,0.2792556176372315,-0.017312471226730308,0.47188154472553695
0.00036330026,-0.014911134,0.0049588783,0.01755796,0.04720535,-9.77734,0.2790478500835322,-0.01770856464200475,0.4719611770883055
0.0009007201,-0.0101597365,-0.00016796097,-0.00178534,0.039571255,-9.683416,0.27868350057279234,-0.018287874973746995,0.4717778943198091
0.0008496408,-0.008622531,-0.0055881445,-0.009059794,0.06868848,-9.714453,0.2783191510620525,-0.01886718530548924,0.47159461155131266
-0.0026245995,-0.010345055,-0.0042778174,-0.057768364,0.022824349,-9.783152,0.2779771814319809,-0.019376912525059672,0.47138006961813844
0.0019058507,-0.008654993,-0.0055702673,-0.034242958,-0.052261233,-9.842964,0.27785595880668257,-0.019200297229116953,0.47085719865155135
-0.0024741464,-0.002586895,-0.009435599,0.040342554,-0.08082019,-9.891106,0.2777347361813843,-0.01902368193317423,0.47033432768496425
-0.0013671843,-0.007913535,-0.010229124,0.054481305,-0.042325802,-9.793602,0.27761351355608593,-0.01884706663723151,0.4698114567183771
-0.0004400245,-0.008048206,-0.009907976,-0.004728037,-0.042720594,-9.799455,0.27785964558472553,-0.01862105890692125,0.46943386665871123
-0.0028077986,-0.0026035171,-0.0038225716,-0.050788738,-0.070629634,-9.891056,0.27836554983293554,-0.018360123669451084,0.46915901095465395
-0.00054937025,-0.0073687895,-0.002713379,-0.024491403,-0.019622643,-9.804006,0.27887145408114555,-0.018099188431980915,0.4688841552505967
5.604954e-05,-0.0032032712,-0.0018358661,0.036573295,-0.06767544,-9.817894,0.2793339972911694,-0.017847522995226735,0.4686671883293556
0.00073331746,-0.0005815405,-0.0008931801,0.036299203,-0.032791186,-9.7493105,0.2792944653221957,-0.017703192093078766,0.4691205125775656
-0.0011798001,-0.0025231182,0.0005898076,-0.007054262,0.010023119,-9.721289,0.27925493335322193,-0.017558861190930794,0.46957383682577564
0.003348745,0.0008746742,-0.005752954,-0.05809249,-0.034168042,-9.753866,0.2792154013842482,-0.01741453028878282,0.4700271610739856
0.004890399,-0.00040880128,-0.0070151435,-0.04639353,-0.07444349,-9.761813,0.2791638925417661,-0.017644472106205237,0.47024834225536993
-0.0024628313,-0.0014044641,-0.0002710893,-0.0018564763,0.025017789,-9.851187,0.2791034666109785,-0.018153069525059653,0.4702966869928401
-0.0071836296,-0.00022029437,-0.006644056,0.052007485,0.07072935,-9.694237,0.2790430406801909,-0.01866166694391407,0.4703450317303103
0.003919532,0.0009672523,-0.007208662,0.07009629,-0.023811009,-9.870023,0.2789927844868735,-0.019053987360381896,0.47039178696897377
-0.0041765855,0.002358128,-0.0028023026,-0.04554425,0.06846346,-9.742287,0.2790842690095465,-0.01782569705608595,0.4704163885680191
-0.0049687224,0.0030415289,-0.0064765695,-0.045817453,-0.0019554459,-9.818773,0.2791757535322196,-0.016597406751790007,0.4704409901670645
-0.0039233943,0.005693327,-0.0082188435,-0.010660812,-0.012119221,-9.833267,0.2792672380548926,-0.015369116447494065,0.4704655917661098
0.00066823384,0.007833962,-0.010265298,-0.026632415,0.037202258,-9.839245,0.27959301470167064,-0.015279817988066807,0.4706207266348449
0.0021053376,0.0066739195,-0.007947821,-0.08252111,-0.010003941,-9.820654,0.2801023784606205,-0.016083013138424803,0.4708781450357995
-0.0038342145,0.0037663092,-0.0022470905,-0.087175,-0.008397177,-9.771414,0.2806117422195704,-0.016886208288782796,0.47113556343675417
-0.0020713168,0.0067054913,-0.0007798454,0.06682381,0.05948728,-9.794933,0.2810365276372315,-0.017650301533412887,0.4713631637470167
0.0030290636,0.005573468,-0.0027849018,0.037854604,-0.013827589,-9.900564,0.2799909511217184,-0.017734623186157514,0.47107238801909307
-0.0025309678,0.00043441486,0.0022093318,-0.053181116,0.00021902239,-9.898512,0.2789453746062053,-0.017818944838902145,0.4707816122911695
-0.007987001,-0.0022844283,0.0055051274,-0.0668831,0.057723995,-9.723042,0.2778997980906921,-0.017903266491646776,0.47049083656324586
-0.002149934,0.0046710484,-0.0034411931,-0.026270457,0.022021549,-9.642097,0.2779161203937947,-0.017785909110978528,0.4703541577923628
0.0038272205,-0.009631277,0.0027224228,0.08761883,-0.03560997,-9.806462,0.27880790126491645,-0.0175022819928401,0.4703445207875895
0.0038086826,-0.007831595,0.0007258239,0.07449019,0.008481215,-9.656023,0.2796996821360382,-0.017218654874701676,0.47033488378281624
-0.0005683733,-0.0010531329,0.0023767708,0.06935616,0.03618878,-9.660826,0.2805336947494034,-0.01696285171837708,0.4703582723150358
-0.00027634786,-0.0035894064,0.0050713546,0.012928523,-0.022393802,-9.717207,0.2800448142601432,-0.017344217287589492,0.4711379456443914
0.00080565276,-0.00943524,0.003857675,-0.0768958,-0.061607234,-9.730583,0.27955593377088306,-0.017725582856801904,0.471917618973747
0.00017564233,-0.011295873,-0.005795233,0.018957522,0.07720182,-9.686006,0.2790670532816229,-0.018106948426014315,0.47269729230310265
-0.007475348,-0.0058567016,-0.0047729337,0.055420835,0.051689077,-9.721712,0.2786481557995227,-0.018259053928400954,0.47259753078758954
-0.011667349,-0.0012614934,-0.0072444016,-0.024152022,0.04640017,-9.831261,0.2782899467064439,-0.018212347966587113,0.4717351343675418
-0.010249554,-0.0051907264,-0.001711552,-0.052615516,0.007873539,-9.78501,0.27793173761336515,-0.01816564200477327,0.47087273794749407
-0.0043779225,0.00011078684,0.004246845,0.0018519901,-0.008053832,-9.619614,0.2775837909546539,-0.018109694180190934,0.47003275155131263
-1.7819782e-05,-0.005765842,-0.009716439,-0.028059153,-0.010607065,-9.88142,0.2775759706921241,-0.01774744461813843,0.4699354973747017
-0.008180913,-0.003902565,-0.004635032,-0.08015773,0.048845164,-9.853588,0.27756815042959426,-0.017385195056085923,0.4698382431980907
-0.008455238,0.0049746684,-0.0065827146,0.0071454057,-0.023484346,-9.845693,0.27756033016706444,-0.017022945494033416,0.4697409890214797
-0.01207206,0.003004032,0.0076570315,0.064377904,0.012316243,-9.775463,0.27784967875894984,-0.017085945036992838,0.47002849618138426
-0.007320916,0.004446474,0.0072964197,0.054231826,-0.0001457544,-9.840027,0.278410045346062,-0.017536771763723147,0.47066690568019093
0.0009264444,0.011115884,0.0055365693,0.052278243,0.053331614,-9.888754,0.2789704119331742,-0.017987598490453456,0.47130531517899765
-0.0054833572,0.0098843435,-0.0066335476,0.022316843,-0.02358855,-9.896053,0.2795173735083532,-0.018434362338902145,0.47193056868735084
-0.01041943,0.007724212,-0.0047374205,-0.0053905593,-0.023862585,-9.81888,0.2792767906324582,-0.01864243208830549,0.4717829077565633
-0.009387773,0.007324669,0.002616128,0.011478651,-0.05863211,-9.823241,0.27903620775656324,-0.018850501837708828,0.4716352468257757
-0.009519033,0.010029042,0.0049933107,0.091545925,0.001101877,-9.787717,0.2787956248806683,-0.01905857158711217,0.47148758589498807
-0.0049013146,0.014766734,-0.0032243317,0.051631823,0.01868989,-9.788002,0.27864292713603817,-0.01886546471837709,0.47136705904534604
-0.0033986468,0.016432317,-0.009275992,0.00021871369,0.028017942,-9.80941,0.278574512673031,-0.018287622896181386,0.47127255422434366
-0.005858964,0.013848438,-0.0026631434,-0.020350715,0.0059856754,-9.791088,0.27850609821002387,-0.01770978107398568,0.4711780494033413
-0.0063916035,0.013049484,-0.00426105,-0.005985504,-0.026336048,-9.824608,0.27843592042959425,-0.017136222505966584,0.47108341453460617
-0.005858944,0.011185284,-0.0023968413,-0.009576809,-0.056263573,-9.843762,0.2779460731026253,-0.017582078431980907,0.47095782830548927
-0.0039947424,0.0085221175,-0.0018642144,0.00957681,-0.04548967,-9.777922,0.2774562257756563,-0.018027934357995226,0.4708322420763723
-0.0034621072,0.0055926405,-0.0002663137,0.02633622,-0.029927356,-9.759963,0.2769663784486874,-0.018473790284009545,0.47070665584725535
-0.00479369,0.0015978974,7.1203163e-09,0.0011971008,-0.021547647,-9.854535,0.2771678458591886,-0.018661465769689738,0.4708607025775656
-0.0034621065,0.004527379,0.0010652574,0.0047884043,-0.010773737,-9.856928,0.2780664373747017,-0.01858879123150358,0.471296732124105
-0.00026631315,0.0074568563,0.0037284181,0.0071826046,-0.034715753,-9.834185,0.2789650288902148,-0.018516116693317423,0.47173276167064443
-0.0005326423,0.0061252704,0.0010652662,0.020350713,-0.035912856,-9.738417,0.27986362040572793,-0.018443442155131266,0.4721687912171838
-0.0021305294,0.005858955,0.001065268,0.021547817,-0.038307067,-9.694122,0.2799393948687351,-0.018073679915274463,0.4723964191408115
0.0010652711,0.005326327,0.0026631497,0.037110135,-0.039504156,-9.726444,0.2800082257279236,-0.01770141060620525,0.47262228840095466
0.0050600055,0.0018642172,0.0007989402,0.037110135,-0.023941848,-9.782708,0.2800770565871122,-0.017329141297136034,0.4728481576610979
0.0074568554,0.0023968443,-0.003462101,-0.025139118,-0.04788386,-9.757568,0.28009315589498807,-0.017283668904534605,0.472668408973747
0.014114756,0.004527365,-0.0034621095,-0.071826056,-0.062249076,-9.884461,0.28005334157517897,-0.017584713931980894,0.47205856539379476
0.014913703,0.001065255,-0.0015979143,-0.07541737,-0.052672267,-9.902418,0.28001352725536993,-0.017885758959427196,0.4714487218138425
0.0165116,-0.0029294807,-0.0010652851,-0.051475346,-0.020350544,-9.817424,0.27997371293556084,-0.018186803986873494,0.47083887823389026
0.019707398,-0.0018641892,-0.0055926302,-0.017956514,0.002394373,-9.78989,0.2796408122195704,-0.01807426155369929,0.4702933288066826
0.019441087,0.0013316076,-0.009587361,0.033518832,-0.0071824347,-9.793484,0.279301648973747,-0.017952881781622916,0.46974915318615756
0.016777905,-0.003195816,-0.004793705,0.06464344,-0.016759243,-9.757568,0.2789624857279236,-0.017831502009546543,0.4692049775656325
0.017310545,-0.002396872,-0.0010652582,0.0071826056,-0.011970839,-9.648632,0.27865133245823387,-0.017785215187350833,0.46926054607398565
0.018642133,-0.0015978814,-0.0026631511,-0.043095633,-0.015562144,-9.645043,0.2783714115513126,-0.017822660326968973,0.469984855823389
0.018908447,-0.0045273756,-0.0026631795,-0.044292733,0.019153785,-9.714474,0.2780914906443914,-0.01786010546658711,0.47070916557279235
0.012250536,-0.013315817,0.004527363,0.017956514,0.07182623,-9.823412,0.2778115697374702,-0.01789755060620525,0.4714334753221957
0.017843187,-0.010652628,0.0021305645,0.037110135,0.05865812,-9.810242,0.27776465560859187,-0.01816670307995226,0.4711398276133652
0.017576866,-0.018908449,-0.00053266133,0.0011971008,-0.020350546,-9.742006,0.2777258109785203,-0.01844388005011932,0.47081092596658713
0.017044239,-0.014647385,-0.0010652432,-0.050278243,-0.010773741,-9.6522255,0.2776869663484487,-0.018721057020286386,0.4704820243198091
0.0143810725,-0.009054734,-0.008255811,-0.07302315,0.039504495,-9.623492,0.2777276551312649,-0.018653815720763738,0.47044245155131265
0.011984191,-0.011717937,-0.0037284612,-0.033518832,0.014365382,-9.759963,0.27786161491646777,-0.018182665723150374,0.4707421826491647
0.009054752,-0.004527374,-0.0023968392,0.015562311,-0.025138952,-9.745598,0.27799557470167063,-0.017711515725537006,0.4710419137470167
0.009853692,-0.0042610676,0.00053263427,-0.031124622,-0.04429256,-9.807848,0.2781295344868735,-0.017240365727923642,0.47134164484486873
0.0085221175,-0.0018642123,0.0002663221,-0.040701427,-0.070628785,-9.827002,0.2780094946539379,-0.01708738292840096,0.47104372482100243
0.0069242213,0.0002663305,-0.004793685,-0.005985504,-0.03112445,-9.773131,0.2778772004534606,-0.016949750300715993,0.47071697075179
0.0061252736,0.0021305275,-0.0037284233,-0.08020575,0.020350888,-9.813835,0.2777449062529833,-0.016812117673031028,0.4703902166825776
0.003462104,-0.0023968546,0.00026630136,-0.055066638,-0.043095462,-9.812635,0.27803542676610976,-0.016635711590692128,0.4704033446658711
0.0071905344,-0.006125272,0.0013315788,-0.017956512,-0.027533151,-9.804256,0.27884755047732696,-0.0164114728353222,0.47083576639618135
0.009587387,-0.0029294698,-0.0026631518,0.009576809,0.019153787,-9.805454,0.27965967418854415,-0.016187234079952272,0.4712681881264916
0.0071905395,-0.00053262245,-0.0050600013,0.035913028,0.01077408,-9.811439,0.2804717978997613,-0.015962995324582344,0.4717006098568019
0.0007989441,-0.0031957815,-0.0055926465,0.047884032,-0.037109964,-9.759963,0.279998347326969,-0.015789482792362773,0.4716009763961814
-0.0055926414,-0.004793679,-0.005592646,0.016759414,-0.026336052,-9.708489,0.2794449054653938,-0.015619126558472557,0.4714682372792363
-0.008255799,-0.0015978875,-0.003195804,-0.016759414,0.023942186,-9.71567,0.2788914636038186,-0.015448770324582342,0.4713354981622912
-0.008522116,-0.0002663173,-0.0037284296,-0.019153617,0.01556248,-9.698913,0.2784278055131265,-0.015708946663484467,0.4712142946062053
-0.0058589582,-0.0023968513,-0.0047936835,-0.016759416,-0.021547649,-9.7001095,0.2780806936634845,-0.016527987399761315,0.47110806509546543
-0.003462113,-0.0026631586,-0.0013315784,-0.019153617,-0.035912853,-9.752781,0.2777335818138425,-0.017347028136038167,0.4710018355847255
-0.008255802,-0.0039947396,-0.00079895125,-0.0011971008,1.7082407e-07,-9.787498,0.27738646996420047,-0.018166068872315016,0.4708956060739857
-0.011451593,-0.0058589545,-0.0010652638,0.038307227,0.02992769,-9.742006,0.2778687506443914,-0.017557309190930803,0.47107186229116943
-0.009587393,-0.002396816,0.0034620927,0.033518825,-0.0035911333,-9.710882,0.27841454336515514,-0.01683921344152746,0.47126975029832935
-0.01065265,0.0018642094,0.0029294596,-0.034715924,-0.038307063,-9.773131,0.27896033608591886,-0.01612111769212412,0.47146763830548927
-0.011185277,-0.0010652941,-0.001065243,-0.067037664,-0.039504156,-9.803061,0.2790938029355609,-0.01575277373389021,0.4716370836038186
-0.010652646,-0.0034621083,-0.0007989303,-0.041898537,-0.009576638,-9.791088,0.27866389384248214,-0.015862308460620523,0.47176766658711217
-0.011984225,-2.454461e-09,-0.0015979107,0.0,0.0395045,-9.770737,0.27823398474940336,-0.015971843187350832,0.4718982495704057
-0.009853697,-0.0010652762,-0.0042610546,0.0071826056,0.06224942,-9.779117,0.2778040756563246,-0.01608137791408114,0.47202883255369926
-0.0077231736,-0.0039947433,-0.0037284156,-0.040701427,0.013168281,-9.7803135,0.27811582391408113,-0.01598424694033413,0.47177071667064435
-0.010652644,-0.0031957973,-0.001597894,-0.029927526,-0.031124454,-9.65103,0.27849530343675416,-0.015868242386634847,0.47147710317422437
-0.011451594,-0.008255812,-0.005326305,-0.04548984,0.020350887,-9.751583,0.2788747829594272,-0.015752237832935563,0.4711834896778043
-0.008788436,-0.00852212,-0.004793682,-0.033518832,0.04189871,-9.841368,0.27923993436754174,-0.015877458408114553,0.4710193367541766
-0.0034621009,-0.003462119,-0.0034621092,0.016759414,0.015562484,-9.883265,0.2795844708353222,-0.016349747791169447,0.4710414485322196
-0.002130526,-0.0013315828,-0.0039947433,0.031124622,-0.005985332,-9.841368,0.27992900730310266,-0.016822037174224338,0.47106356031026253
-0.00053263444,-0.0026631628,-0.003195792,-0.015562311,0.0395045,-9.755177,0.2802735437708831,-0.017294326557279232,0.4710856720883055
-0.0007989488,-0.0018642124,-0.0018642134,-0.037110135,0.051475517,-9.727643,0.2804304669689738,-0.017274392665871125,0.47111765594272076
-0.00319579,0.0021305326,-0.0005326374,0.01316811,0.008379878,-9.746797,0.28056741282816233,-0.017202046110978524,0.4711506909904534
-0.0029294766,0.0026631625,0.0007989477,0.031124622,1.7048976e-07,-9.768345,0.28070435868735083,-0.017129699556085922,0.47118372603818615
-0.00079894863,-0.0002663166,-0.0002663152,0.0011971008,0.021547988,-9.842566,0.2807890364081146,-0.017147359379474942,0.47108788757756564
0.001331581,0.0029294773,-0.0015978976,0.020350713,0.037110306,-9.9108,0.2807944866348449,-0.017301449923627685,0.47079670400954654
-0.000266312,0.008255801,0.0010652683,0.016759414,0.04429291,-9.926362,0.2807999368615752,-0.017455540467780428,0.47050552044152744
9.362006e-09,0.0074568526,0.0026631604,0.020350713,0.063446514,-9.886856,0.2808053870883055,-0.017609631011933174,0.47021433687350833
-0.0018642062,0.004261057,0.0042610625,-0.0071826056,0.0442929,-9.7803135,0.28057573411694514,-0.017707411015513125,0.4705511322076372
-0.006657903,0.001597893,0.0023968476,-0.08619127,0.0035914723,-9.714474,0.28031738310262533,-0.017798317431980907,0.47096458224343674
-0.0002663149,-0.0015978971,3.6601746e-09,-0.050278243,-0.008379536,-9.755177,0.2800590320883055,-0.017889223848448686,0.47137803227923625
0.0002663176,-0.0005326326,-0.0013315803,0.033518832,-0.034715753,-9.815032,0.27955861787589503,-0.017724037725536997,0.47137059548926014
-0.0045273714,0.003462114,-0.0007989494,0.08619127,-0.02633605,-9.798271,0.2786714287708831,-0.017149660262529835,0.47069065474940336
-0.006657901,0.0055926405,-0.0005326337,0.05985505,-0.020350544,-9.770737,0.2777842396658711,-0.016575282799522674,0.4700107140095465
-0.0034621176,-0.0002663245,-0.0023968327,0.008379708,-0.04668677,-9.781511,0.2768970505608592,-0.016000905336515516,0.46933077326968975
-0.0034621167,-0.004793696,-0.0047936803,0.007182605,-0.017956343,-9.698914,0.2778020260143198,-0.0166595097947494,0.4699526295465394
-0.009054746,-0.003195785,-0.0047937017,-0.044292733,0.047884207,-9.731234,0.27895449085918855,-0.0174883831849642,0.4707542577923628
-0.012783168,0.0010652731,-0.003994759,-0.041898537,0.043095805,-9.870098,0.2801069557040573,-0.018317256575179,0.47155588603818616
-0.009853697,0.00026631905,-0.0023968427,0.011971009,-0.019153444,-9.907208,0.2806593268973747,-0.01845652599761336,0.4721652116229117
-0.006125273,-0.0015979043,-0.00372842,0.021547817,-0.01556214,-9.822214,0.2802003042959427,-0.017433541541766157,0.4724504315990453
-0.008522111,0.0021305257,-0.0069242287,0.015562311,0.028730594,-9.76954,0.27974128169451074,-0.016410557085918903,0.472735651575179
-0.012250529,0.007456865,-0.0053263353,0.015562311,0.0395045,-9.785105,0.2792822590930788,-0.015387572630071646,0.4730208715513126
-0.011185273,0.008522123,-0.0034621167,-0.015562313,0.033519,-9.805455,0.27891376317422434,-0.015779539391408085,0.4723204652267303
-0.0050600152,0.0053263092,-0.005060012,-0.049081136,0.050278418,-9.908405,0.2785592617183771,-0.016390242572792334,0.4714676915513127
-0.00479369,0.005060006,-0.00479369,-0.029927526,0.0311248,-9.9515,0.2782047602625298,-0.017000945754176582,0.47061491787589504
-0.011984213,0.007723187,8.007391e-09,0.0023942022,-0.043095466,-9.821015,0.27820492773269684,-0.017468702568019082,0.4702414392362768
-0.013582119,0.008255806,0.0010652666,0.008379708,-0.06823458,-9.763554,0.2788360759665871,-0.017682147821002376,0.4707206599045346
-0.008522129,0.006125251,-0.0015979052,0.023942016,-0.04548967,-9.852142,0.2794672242004773,-0.01789559307398567,0.47119988057279233
-0.0037284263,0.0034621088,-0.0010652667,0.005985504,-0.010773735,-9.902418,0.2800983724343675,-0.018109038326968967,0.4716791012410501
-0.00026631638,0.0029294766,-0.0010652678,-0.0071826056,0.044292904,-9.846155,0.27984458424821007,-0.017802304028639634,0.4721161635322195
2.5769156e-09,0.005060006,0.00079894805,0.050278246,0.063446514,-9.782708,0.27943896873508356,-0.0174063232386635,0.4725459927684964
-0.0053263186,0.009321062,0.003728435,0.06464345,0.014365382,-9.753978,0.27903335322195705,-0.017010342448687366,0.4729758220047732
-0.008788445,0.007723153,-0.00026629897,0.034715924,-0.053869367,-9.719261,0.2787575633770883,-0.016743057516706447,0.47298542659904536
-0.0058589736,0.005059985,-0.0042610583,0.008379708,-0.08140269,-9.758768,0.278725783221957,-0.016717658775656327,0.4722052113842482
0.0037284289,0.0061252695,0.0005326232,-0.040701427,-0.028730247,-9.910798,0.2786940030668258,-0.016692260034606207,0.4714249961694511
0.005858949,0.008788436,-0.00079895,-0.011971008,0.0359132,-9.80665,0.2786622229116945,-0.016666861293556087,0.47064478095465395
0.0042610685,0.01065264,0.0018642236,0.0059855045,0.058658123,-9.763555,0.2787400477207637,-0.016590144470167066,0.4705815265035799
0.00053262926,0.0063915877,0.00026632348,0.040701427,0.02154799,-9.873688,0.27883859386634846,-0.016503725720763727,0.4706538168735083
0.0013315688,0.006657904,-0.005326324,0.051475342,-0.016759245,-9.858126,0.27893714001193315,-0.016417306971360384,0.4707261072434367
0.00079894986,0.008788436,-0.006391585,0.010773908,-0.0071824365,-9.71567,0.27902175298329357,-0.016266999057279245,0.47067976849642
-0.000798955,0.009054756,-0.0077231578,-0.0047884034,-0.0059853345,-9.710882,0.2790786737708831,-0.015989711428400964,0.47039765437947495
0.0007989539,0.007989479,-0.005326328,-0.009576807,-0.019153442,-9.782707,0.2791355945584726,-0.015712423799522684,0.47011554026252983
-0.00079893775,0.0026631635,0.00053263735,-0.037110135,0.015562482,-9.793484,0.2791925153460621,-0.0154351361706444,0.4698334261455847
-0.0005326333,0.0018642127,-0.0007989484,-0.0035913012,0.025139293,-9.782708,0.2794645165871122,-0.015534912369928397,0.4700133206921241
0.0050600064,0.0042610555,-0.0013315885,0.05865795,0.009576978,-9.753978,0.27978105468973746,-0.01571276744272076,0.470288883699284
0.005858958,0.0031957896,0.0007989455,0.056263745,0.019153785,-9.749191,0.28009759279236274,-0.015890622515513122,0.47056444670644393
0.00079894933,0.0015978942,0.00079895294,0.0011970999,1.6996744e-07,-9.738417,0.2801980356324582,-0.016267913009546518,0.4707221749045346
-0.0005326301,-0.0037284265,0.0023968443,-0.057460845,-0.016759245,-9.707291,0.2798438364916468,-0.017064794909307856,0.47063199090692126
0.0018642175,-0.007989483,0.0015979004,-0.06344634,-0.0011969308,-9.759964,0.2794896373508353,-0.017861676809069194,0.47054180690930786
0.0015979038,-0.0061252695,-0.0013315803,-0.037110135,-0.008379534,-9.897633,0.27913543821002385,-0.018658558708830528,0.4704516229116945
0.0018642249,-0.0010652628,-0.0031957875,-0.008379708,-0.04668677,-9.9108,0.2790602286873508,-0.018591466115751798,0.47047825042959424
0.0018642172,0.0018642149,-0.0063915853,0.051475346,-0.055066474,-9.768345,0.27904797066825776,-0.018329425431980916,0.47053123541766106
-0.0005326434,-0.0010652557,-0.0053263227,0.05626375,-0.039504156,-9.71208,0.27903571264916466,-0.01806738474821003,0.47058422040572795
0.0021305245,-0.0026631653,-0.000266315,-0.0035913028,-0.02633605,-9.792285,0.2790627576372315,-0.01786000304295943,0.4705730002386635
0.005326323,0.0029294777,-0.0007989416,-0.0035913028,0.0323219,-9.829395,0.2791774377088306,-0.017774496087112176,0.47041861992840095
0.001331581,0.0063915895,-0.0013315706,0.043095633,0.06464362,-9.7803135,0.2792921177804296,-0.017688989131264918,0.4702642396181384
0.0042610546,0.00026631693,-0.0034621134,0.022744916,-0.019153442,-9.77313,0.27940679785202865,-0.017603482175417663,0.4701098593078759
0.0037284284,0.0023968485,-0.0050600027,-0.0071826046,0.008379879,-9.847351,0.279318132052506,-0.017797357673031023,0.4705660871121718
0.0047937026,0.005592631,-0.002663156,0.0035913025,0.020350888,-9.862916,0.27917968887828165,-0.018059623667064435,0.4711717866945107
0.0034621162,0.0053263176,0.0010652667,-0.019153614,-0.039504156,-9.76116,0.2790412457040573,-0.018321889661097848,0.4717774862768496
-0.0010652578,0.003994735,0.0029294887,-0.038307227,-0.037109952,-9.749189,0.278802995,-0.018258844245823407,0.47213095369928404
-0.005592638,0.005060001,0.0037284326,-0.0035913028,0.0059856754,-9.827001,0.27832858,-0.01742604789021481,0.47188759009546544
-0.0058589694,0.00985369,0.001864198,0.035913024,-0.023941845,-9.804256,0.277854165,-0.01659325153460622,0.4716442264916468
-0.0045273975,0.010120003,-0.0034621158,0.035913024,-0.027533153,-9.755177,0.27737975,-0.015760455178997625,0.4714008628878282
-0.0053263255,0.0042610536,-0.007456852,-0.05985505,0.06105232,-9.868899,0.27768646658711216,-0.015935912928400946,0.4712015466587112
-0.0021305261,0.0031957927,-0.0034621125,-0.065840565,0.06105232,-9.846155,0.27819983174224344,-0.016378104568019088,0.4710138831742244
-0.00026631635,0.00133158,-0.0015978976,-0.062249243,0.016759584,-9.769541,0.2787131968973747,-0.016820296207637225,0.4708262196897375
0.00079894863,0.0034621092,-0.0037284268,-0.08140285,-0.049080968,-9.665392,0.2791249645346062,-0.01709308280668258,0.47081337868735085
0.0007989496,0.00559264,-0.0050600055,-0.04908113,-0.059854884,-9.629479,0.27928124429594275,-0.016939865553699286,0.4712401648090692
-2.1986533e-09,0.0039947433,-0.004793689,0.043095633,1.6923616e-07,-9.696517,0.27943752405727923,-0.01678664830071599,0.4716669509307876
0.00053263496,0.0021305287,-0.00053263234,0.0035913025,0.020350887,-9.856929,0.27959380381861576,-0.016633431047732697,0.47209373705250596
-0.007456852,-0.0002663219,0.0013315784,0.02274492,-0.017956339,-9.885659,0.2795692729355609,-0.016334254289976136,0.4717232246300716
-0.0029294812,0.0010652549,-0.0061252713,0.03232173,0.0059856754,-9.777922,0.27949322073985683,-0.015993486920644395,0.4711255249880668
-0.008522112,0.0029294938,0.0034621095,-0.019153617,-0.0011969311,-9.73722,0.27941716854415277,-0.01565271955131265,0.470527825346062
-0.004261057,0.0021305373,0.004527373,-0.016759416,0.005985676,-9.806652,0.27937998914081147,-0.015505564532816225,0.47017075136038183
-0.0034621092,-3.7302974e-09,0.001065267,0.011971008,0.004788576,-9.837774,0.2794468692124105,-0.015876694884248206,0.4704578137470167
-0.004793688,-0.0047936924,5.448429e-09,0.005985504,-0.022744749,-9.751583,0.27951374928400957,-0.016247825235680188,0.47074487613365157
-0.006125278,-0.009054743,0.003994746,-0.041898537,-0.015562144,-9.765951,0.2795806293556086,-0.01661895558711217,0.4710319385202864
-0.009853706,-0.007989486,0.006125258,-0.047884036,0.02633639,-9.811439,0.2795156577088306,-0.01719805681264916,0.4705801744391408
-0.009054744,-0.00612528,0.0026631574,0.0011971008,0.034716096,-9.759963,0.27941033799522674,-0.017840799398568016,0.4699023213842482
-0.0077231545,-0.008788445,0.0002663375,0.017956512,-0.010773739,-9.7719345,0.2793050182816229,-0.01848354198448687,0.4692244683293556
-0.0090547595,-0.009054741,0.0034621065,-0.031124625,-0.04668677,-9.868902,0.27918937682577566,-0.01887082237470167,0.4688518528162291
-0.007456854,-0.009587375,0.0042610643,-0.043095633,-0.04429256,-9.876082,0.2790442684606205,-0.018528799399761337,0.4693506412529833
-0.00719052,-0.012516868,0.0007989564,-0.008379708,-0.014365039,-9.824609,0.2788991600954654,-0.018186776424821003,0.4698494296897375
-0.010918964,-0.0114515945,0.0013315623,0.01436521,-0.004788233,-9.7803135,0.27875405173031026,-0.017844753449880686,0.47034821812649164
-0.013848438,-0.009587386,0.0010652285,0.02274492,-0.020350544,-9.762358,0.27933536365155126,-0.017531347038186172,0.47076668102625296
-0.010652639,-0.00905476,-0.0013315731,0.015562311,-0.01556214,-9.835382,0.28015477999999994,-0.017227320500000014,0.471158815
-0.0071905376,-0.0045273714,-5.705677e-09,0.005985504,0.0059856772,-9.908405,0.2809741963484486,-0.016923293961813857,0.471550948973747
-0.008788437,0.0007989535,0.0021305138,-0.005985504,0.0023943742,-9.855731,0.2814130514319809,-0.01675909918377087,0.47194397076372313
-0.012250545,0.0037284135,0.002130518,0.06105214,-0.05626356,-9.787497,0.2806908721479714,-0.01702150977565631,0.4723397011455847
-0.013049502,0.009321044,-0.001597924,0.03351883,-0.045489665,-9.846155,0.27996869286396187,-0.01728392036754175,0.4727354315274463
-0.011717905,0.010652647,-0.0005326395,-0.005985504,-0.028730245,-9.840169,0.27924651357995234,-0.017546330959427196,0.4731311619093079
-0.009853692,0.0087884385,0.0005326333,0.010773908,-0.010773738,-9.809044,0.27929859735083534,-0.017945738284009527,0.4729151312887829
-0.0079895025,0.009054729,-0.0026631737,0.023942018,-0.020350542,-9.837774,0.27962189190930786,-0.018393133164677784,0.47248481150358
-0.010652645,0.010386331,-0.0029294726,-0.014365209,-0.03112445,-9.8509445,0.27994518646778044,-0.01884052804534604,0.4720544917183771
-0.013049479,0.011185292,0.0005326379,-0.040701427,-0.037109964,-9.824609,0.2801986821718377,-0.019097865875895004,0.4715824940334129
-0.010120009,0.007456855,0.0010652702,-0.02873042,0.0035914732,-9.838972,0.2802240851909308,-0.018734124417661115,0.47097429892601433
-0.0058589773,0.006657876,-0.0034621255,-0.037110135,0.034716096,-9.896433,0.2802494882100239,-0.018370382959427223,0.4703661038186158
-0.0063915784,0.012783178,-0.0023968555,-0.044292733,-0.010773737,-9.853338,0.280274891229117,-0.018006641501193334,0.46975790871121725
0.00053263403,0.0095873885,0.0021304903,-0.009576807,-0.033518653,-9.809044,0.27969816288782823,-0.017891018229116946,0.4695799960859189
0.005059995,0.0055926437,-0.0015979157,-0.009576809,-0.023941848,-9.835382,0.2788965004176611,-0.017868082785202865,0.4695628211694511
0.0021305257,0.006657908,-0.0037284188,-0.020350715,0.007182777,-9.800665,0.27809483794749407,-0.017845147341288784,0.46954564625298334
0.008255806,0.0013315763,0.0018642017,-0.016759414,0.0023943728,-9.77433,0.27751217931980904,-0.01762112173866352,0.4697103233174224
0.010918957,0.0039947587,-0.00053262,-0.033518832,0.027533496,-9.786301,0.27769810021479713,-0.016691383503579987,0.4705131978997613
0.007723165,0.0021305364,-0.0023968478,-0.019153617,0.023942187,-9.738417,0.27788402110978516,-0.015761645268496452,0.4713160724821002
0.009853693,-0.0039947475,-0.0007989658,0.039504327,-0.032321554,-9.7396145,0.27806994200477325,-0.014831907033412922,0.4721189470644391
0.011185277,-0.0074568554,-9.728565e-09,0.05267244,-0.03112445,-9.816229,0.27823372880668257,-0.015155190071599016,0.4720975016587112
0.0077231755,-0.008788423,-0.0026631753,0.037110135,0.0035914744,-9.832989,0.2783887137470167,-0.01597675057517897,0.47174825649164676
0.01251685,-0.008255818,-0.003195775,0.076614454,0.010774078,-9.834183,0.27854369868735085,-0.016798311078758923,0.47139901132458234
0.015446305,-0.00532638,0.0039947773,0.079008654,-0.0071824305,-9.890448,0.27873056071599045,-0.01733821042482102,0.4710565054176611
0.013049482,-0.0050600288,0.006924216,0.062249243,-0.06105198,-9.927559,0.2790379181384248,-0.01681343059546541,0.47073947391408116
0.009321084,-0.007456846,0.0042610243,0.0011971015,-0.044292558,-9.952697,0.2793452755608592,-0.016288650766109802,0.4704224424105012
0.004527383,-0.009321063,0.001864195,-0.020350715,-0.019153444,-9.925163,0.27965263298329357,-0.015763870936754194,0.47010541090692126
0.0007989456,-0.0074568554,0.002396836,0.015562313,-0.020350542,-9.866505,0.2792769942243437,-0.01594872992362767,0.47027378312649165
0.00026631914,-0.0029294775,-0.00026631635,0.029927526,-0.0047882325,-9.810242,0.27861270826968976,-0.01643349579116944,0.4706472962052506
0.0098536955,-0.0018642214,-0.0018642097,-0.023942016,-0.038307063,-9.776724,0.2779484223150358,-0.016918261658711204,0.4710208092840095
0.008788433,-0.0010652702,1.9436461e-09,-0.02274492,-0.038307063,-9.733627,0.2773907624224344,-0.017359331099045326,0.4712643668019093
0.0071905362,0.0013315846,-0.0013315743,-0.016759416,-0.041898366,-9.791088,0.2772686813365155,-0.01762189598568017,0.47097704202863966
0.005592641,0.00692422,-0.0015978827,0.02274492,-0.017956339,-9.891646,0.2771466002505967,-0.017884460872315017,0.47068971725536995
0.0023968494,0.011185278,-0.00079893286,0.037110135,0.0143653825,-9.842566,0.27702451916467785,-0.018147025758949862,0.47040239248210025
0.0010652617,0.01171791,-0.001597891,0.01436521,0.026336387,-9.733627,0.27727832894988064,-0.017872199822195744,0.47027172516706445
0.001065264,0.011185277,-0.0015978967,0.02753332,0.032321893,-9.768343,0.27770072009546537,-0.017356362243436792,0.4702113163484487
0.003462119,0.01012001,0.0005326208,0.015562313,0.04668711,-9.864112,0.2781231112410501,-0.016840524664677843,0.4701509075298329
0.0074568638,0.00932106,0.003994727,-0.033518832,0.044292904,-9.803061,0.27849647178997616,-0.01658648782100232,0.4702663144152744
0.008522121,0.0103863245,0.00612527,-0.059855044,0.029927691,-9.688137,0.2786525376491647,-0.017492704235083464,0.47116090453460613
0.0077231647,0.009587382,0.0053263227,-0.035913024,0.008379876,-9.689335,0.2788086035083532,-0.018398920649164614,0.47205549465393787
0.008255777,0.011185294,0.00026631934,0.0011971008,-0.022744749,-9.713276,0.2789646693675417,-0.01930513706324576,0.4729500847732696
0.0082557835,0.015712665,-0.0042610453,0.002394202,-0.034715757,-9.701307,0.27907109904534605,-0.019238178687350872,0.4732146882100239
0.004527385,0.014114753,-0.0018641974,-0.01316811,-0.04548966,-9.750385,0.27915393621718376,-0.01870866192362772,0.4731798535322196
0.001597928,0.010652635,0.0023968602,-0.02633622,-0.046686754,-9.779117,0.2792367733890215,-0.01817914515990457,0.4731450188544153
0.002663168,0.009054749,0.0034621044,-0.04668694,-0.032321557,-9.704897,0.2792733069809069,-0.017791733075178978,0.47306413892601434
0.0031957917,0.00559264,0.001597892,-0.04908113,-0.02873025,-9.697714,0.2790862281622912,-0.0180905826109785,0.4727608941288783
0.0015978918,0.002396848,-0.000798949,-0.035913028,0.009576974,-9.747992,0.27889914934367543,-0.018389432146778024,0.4724576493317423
0.0013315829,0.005060005,0.0005326345,-0.011971009,0.06584072,-9.7240505,0.2787120705250597,-0.018688281682577544,0.4721544045346062
0.002663168,0.012250541,0.005060007,0.04548984,0.087388545,-9.660606,0.27857798538186157,-0.01860837462410503,0.47157124573985687
0.0037284298,0.01304949,0.0063915835,0.070628956,0.07781173,-9.613918,0.2784705637231504,-0.018337898210023885,0.47084724971360387
0.003462107,0.010120014,0.0042610564,0.05267244,0.0371103,-9.6522255,0.27836314206443913,-0.01806742179594274,0.4701232536873509
0.0015978899,0.010652644,0.002396852,0.033518832,0.009576978,-9.788694,0.2783398214797136,-0.017762215830548957,0.469575837947494
0.0023968425,0.0069242204,-0.00026632118,0.005985504,-0.0095766345,-9.880873,0.2787613513126491,-0.017273308817422464,0.4699624389856802
0.00239684,0.010918963,-0.0015978902,0.010773908,-0.027533151,-9.855732,0.2791828811455847,-0.016784401804295974,0.47034904002386635
-0.0018642243,0.011185282,-0.0047936747,0.010773908,-0.010773738,-9.822214,0.2796044109785203,-0.01629549479116948,0.4707356410620525
-0.005060023,0.007723171,-0.007989472,0.03351883,-0.02873025,-9.858126,0.279583723627685,-0.016317100384248193,0.4706572373747017
-0.0079894895,0.0023968585,-0.0047936747,0.010773908,-0.040701255,-9.853339,0.2793277540572793,-0.016610324863961797,0.470331427326969
-0.008255811,-0.0039947126,0.00053266675,-0.041898537,0.007182776,-9.730038,0.27907178448687353,-0.0169035493436754,0.4700056172792363
-0.0063915835,-0.009054756,-0.0015978805,-0.023942016,0.0430958,-9.707291,0.27879038520286403,-0.01721974447374699,0.4698133038305489
-0.005326313,-0.009587389,-0.0050600017,-0.0035913028,0.010774082,-9.852142,0.2783607670167065,-0.017669825680190907,0.4703990848448687
-0.005858956,-0.009853694,-0.008788437,-0.035913024,-0.035912856,-9.78989,0.277931148830549,-0.01811990688663482,0.47098486585918853
-0.010652666,-0.013582104,-0.00612528,0.0,0.019153787,-9.795877,0.2775015306443914,-0.018569988093078735,0.4715706468735083
-0.012516889,-0.01464736,0.00026631125,-0.015562313,0.017956685,-9.770737,0.2774663146897374,-0.018292405498806723,0.471562289451074
-0.009587399,-0.012783158,0.003994748,-0.008379706,0.0011972708,-9.736021,0.2776527888782816,-0.017605809264916505,0.4712199718615752
-0.003994745,-0.011185264,0.003994774,0.028730422,-0.009576636,-9.776722,0.27783926306682577,-0.016919213031026288,0.4708776542720764
-0.004261049,-0.013582123,0.00292948,0.004788405,-0.01556214,-9.806652,0.2780310019809069,-0.016320682515513128,0.470562511097852
-0.0085221175,-0.013848441,0.0034620902,-0.037110128,0.001197271,-9.768343,0.2782567970883055,-0.016291827115751792,0.4704231524224344
-0.009587364,-0.012250555,0.0010652476,-0.022744916,-0.0023940315,-9.782707,0.27848259219570404,-0.016262971715990455,0.47028379374701673
-0.006391577,-0.0013315827,-0.003462126,0.008379706,-0.04189835,-9.79468,0.2787083873031026,-0.01623411631622912,0.47014443507159903
-0.0018642122,0.00053263304,0.00053263444,-0.013168109,-0.01795634,-9.847351,0.2786189425536993,-0.01626680154892601,0.4706127965632458
-0.0029294777,-0.0007989497,-0.0010652636,-0.03351883,-0.05027807,-9.8281975,0.2783424554892602,-0.016336000890214794,0.4714417386873508
-0.0034621092,0.00079894916,-0.000532634,-0.04548984,-0.05386937,-9.794682,0.27806596842482106,-0.016405200231503575,0.4722706808114558
-0.004527374,0.0031957952,0.0005326299,-0.055066645,-0.019153446,-9.791088,0.2777967351670645,-0.016464989280429596,0.4728853295465394
-0.0015979016,0.0071905307,-0.0031958024,-0.06584056,-0.028730249,-9.88207,0.27758002947494037,-0.016456634832935562,0.4719481985680191
0.002130531,0.009853692,-0.0037284363,-0.041898537,-0.021547645,-9.877279,0.27736332378281625,-0.01644828038544153,0.47101106758949884
0.001065287,0.011185276,-0.00079893944,0.02633622,0.0047885743,-9.737221,0.27714661809069213,-0.016439925937947495,0.47007393661097857
0.0042610457,0.014114755,-0.0042610685,0.035913028,-0.0011969316,-9.707291,0.27728170725536994,-0.01643322638066826,0.4700033004653938
0.005592636,0.017310547,-0.0055926414,-0.011971008,0.009576978,-9.751583,0.2776369673508353,-0.01642756253699284,0.4704749604057279
0.00079897896,0.019707393,-0.001065232,-0.019153617,0.003591472,-9.7396145,0.2779922274463007,-0.01642189869331742,0.47094662034606205
0.0002663123,0.01917476,-0.0013315737,-0.021547817,0.002394372,-9.764753,0.2782440078520287,-0.016427771062052503,0.4714599339618138
0.0023968322,0.016245281,-0.0021305569,-0.009576809,0.04668711,-9.736021,0.2776480507995227,-0.01652815163245823,0.4723144873031026
0.0066579184,0.014913699,0.00079892454,0.02274492,0.053869713,-9.660606,0.2770520937470167,-0.016628532202863956,0.47316904064439136
0.009054752,0.013315805,0.0013315656,0.03351883,0.020350885,-9.696517,0.2764561366945108,-0.016728912773269686,0.47402359398568017
0.0047936956,0.011451589,0.0023968588,0.027533323,0.027533494,-9.786302,0.2762634655608592,-0.0168245332673031,0.47378144985680193
0.002663164,0.011717908,0.0031958024,-0.011971008,0.043095805,-9.8198185,0.27633685110978523,-0.01691701343317422,0.47281579003579954
0.0031957775,0.008522123,-0.0018642178,-0.05985505,0.0407016,-9.822214,0.27641023665871123,-0.01700949359904534,0.47185013021479716
0.0034620836,0.004527382,-0.0055926493,-0.055066645,0.0323219,-9.797075,0.27648716168257753,-0.017064939510739868,0.4709821965155131
0.0039947443,0.0069242185,-0.00133158,-0.029927526,-0.0011969305,-9.770737,0.27659732699284006,-0.016772585470167075,0.47103203856801906
0.0050600027,0.0010652647,-0.001864223,-0.010773907,0.0023943735,-9.840169,0.2767074923031026,-0.01648023142959428,0.47108188062052503
-0.0053263176,-0.0034621062,-0.003994751,0.04309563,0.016759584,-9.910798,0.27681765761336513,-0.01618787738902149,0.471131722673031
-0.007456851,-0.0034621058,-0.0039947447,0.03351882,-0.021547643,-9.856928,0.2769162838066826,-0.016291562398568004,0.47094828544152745
-0.0031957931,-0.00053263514,-0.001864212,-0.0023942022,-0.03232155,-9.743204,0.2770068899045346,-0.016670508591885427,0.4706027108353222
-0.0010652734,-0.007989481,0.00026633055,-0.004788404,0.005985676,-9.811439,0.27709749600238665,-0.01704945478520285,0.47025713622911697
-0.002663161,-0.010386328,0.00026631085,-0.021547815,0.0418987,-9.9072075,0.27722989732696895,-0.01740041875894988,0.46998762367541763
-0.0058589317,-0.0055926456,-0.0037284528,-0.009576809,0.028730595,-9.874886,0.27781995638424817,-0.017444977428400954,0.47055099059665867
0.0034621067,-0.0045273765,0.0005326405,0.016759416,0.0011972733,-9.858126,0.27841001544152744,-0.01748953609785203,0.47111435751789976
0.0005326378,-0.004261055,-0.003195798,0.0035913025,0.016759586,-9.868899,0.2790000744988067,-0.017534094767303103,0.4716777244391408
-0.0037284298,-0.0058589457,-0.00292949,0.017956514,0.023942187,-9.823412,0.27903729040572794,-0.0171313648066826,0.47186942673031024
-0.0023968515,-0.008788432,-0.0010652584,0.02873042,0.04668711,-9.830592,0.2786698892243437,-0.016401271428400976,0.47178911360381864
-0.0015978881,-0.011717915,-0.0029294686,0.016759414,0.04549001,-9.7324295,0.27830248804295943,-0.015671178050119354,0.471708800477327
0.0002663117,-0.011984228,-0.0018642057,-0.010773908,0.01556248,-9.653423,0.2779463370883055,-0.014998514120525058,0.471674123221957
-0.007989469,-0.0069242064,-0.0047937343,-0.041898534,0.027533492,-9.726444,0.27773710085918857,-0.015075811226730308,0.4722353967541766
-0.00932107,-0.0034620948,-1.2353964e-08,0.019153617,-0.017956344,-9.67856,0.2775278646300716,-0.01515310833293556,0.47279667028639616
-0.0045273793,-0.0018642015,0.0037284265,0.044292733,-0.038307067,-9.637859,0.2773186284009546,-0.01523040543914081,0.47335794381861573
-0.010652648,0.0007989339,0.0013315617,-0.05626374,-0.029927349,-9.783905,0.277280310548926,-0.015865989729116917,0.4733757553579952
-0.009853699,0.004793683,-0.00026633404,-0.037110135,-0.03112445,-9.785105,0.277373663150358,-0.016931661923627658,0.47297489988066826
-0.0042610606,0.0031957896,-0.0013315844,0.033518832,-0.010773739,-9.767147,0.27746701575178995,-0.0179973341181384,0.4725740444033413
-0.0037284223,0.0023968504,0.0023968455,0.050278246,0.019153785,-9.764753,0.27755836775656323,-0.018950621847255388,0.47218852494033414
-0.006125269,0.0037284286,0.006391588,0.02274492,0.0323219,-9.767147,0.2776175673150358,-0.018097730668257775,0.4720494771360382
-0.007723186,0.012783162,-0.0002663351,0.017956512,-0.035912853,-9.829395,0.27767676687350834,-0.01724483948926016,0.4719104293317422
-0.0015978919,0.014913704,0.00079891697,0.04908113,-0.03950415,-9.939528,0.2777359664319809,-0.016391948310262548,0.4717713815274463
-0.0010652585,0.012250542,0.0013315786,0.076614454,-0.010773734,-9.950302,0.2780613649403341,-0.016325479737470155,0.4716911052267303
-0.005592655,0.0103863245,-0.0018641888,0.079008654,0.014365385,-9.965866,0.2786025459307876,-0.016896490095465382,0.47165846946300716
-0.007989476,0.012783181,0.00026632022,0.03351883,0.031124797,-9.903616,0.27914372692124106,-0.01746750045346061,0.471625833699284
-0.0077231764,0.014381068,-0.0005326428,-0.025139121,0.029927695,-9.792285,0.27962914906921243,-0.017997647399761344,0.47160889630071595
-0.002929519,0.013315784,-0.0047937306,-0.011971009,0.033519,-9.817424,0.27895884248210023,-0.01768080726730311,0.47191734319809064
-0.004793677,0.01651161,-0.0010652496,0.03711013,-0.010773738,-9.835382,0.2782885358949881,-0.017363967134844876,0.4722257900954654
-0.0037284049,0.013315814,0.0010652633,-0.035913028,0.01197118,-9.830593,0.2776182293078759,-0.01704712700238664,0.4725342369928401
-0.006125292,0.022636864,-0.004261047,-0.071826056,-0.041898366,-9.79827,0.2773477657637231,-0.016636510181384255,0.47275093687350833
-0.009321057,0.022636874,-0.0034620853,-0.031124622,-0.015562142,-9.770737,0.2774182536515513,-0.016145928742243444,0.4728894028639618
-0.008788429,0.020240026,-0.0026631576,-0.01316811,0.005985676,-9.824609,0.27748874153937947,-0.015655347303102633,0.4730278688544153
-0.0055926424,0.019973708,-0.0031958143,-0.039504327,0.0023943724,-9.747993,0.2775608699045346,-0.015215407400954641,0.4731538957040573
-0.00053262926,0.012516857,-0.00026632514,-0.0035913028,0.008379876,-9.797073,0.277680367052506,-0.016237741879474927,0.4729207423627685
0.0018641973,0.02157161,-0.0066578984,0.058657937,0.0383074,-9.762357,0.27779986420047736,-0.017260076357995216,0.4726875890214797
0.0039947634,0.020772649,-0.0039947606,0.057460837,-0.0023940322,-9.731233,0.2779193613484487,-0.0182824108365155,0.4724544356801909
0.0013315877,0.014114754,0.0015979091,-0.02873042,-0.06823458,-9.861719,0.2777910083770883,-0.01815771348687352,0.47230517307875897
0.004793704,0.01597897,0.0047936756,-0.031124622,-0.07900849,-9.955092,0.277440377124105,-0.01700432886276851,0.47223114582338904
0.00692423,0.013848439,0.0061252574,-0.023942016,-0.05506647,-9.929954,0.27708974587112173,-0.015850944238663494,0.4721571185680191
0.00292947,0.008522116,0.0029294898,-0.0071826046,0.02274509,-9.855732,0.27675543418854415,-0.01473726218615751,0.47207797042959426
-0.0015978976,0.0077231643,0.0023968576,0.019153617,0.06823491,-9.873688,0.2771848784009546,-0.015481660484486869,0.4717591649642005
-0.003462113,0.0082558,0.0013315852,0.017956512,0.073023334,-9.803061,0.27761432261336516,-0.016226058782816223,0.4714403594988067
-0.0029294959,0.0063915793,-0.005592638,-0.010773908,0.049081307,-9.686939,0.27804376682577564,-0.01697045708114558,0.4711215540334129
-0.0031957994,0.004793689,-0.006924217,-0.04668694,0.023942186,-9.685743,0.27809012034606206,-0.01739140853221957,0.4711423958949881
-0.0034621055,0.0037284312,-0.00266316,-0.07182605,0.032321896,-9.710884,0.2777751850835322,-0.01750732068019093,0.4714835555608592
-0.0042610583,0.0029294793,-0.001864211,-0.05985505,0.040701605,-9.77433,0.27746024982100237,-0.01762323282816229,0.4718247152267303
-0.003462109,0.0031957936,-0.0015978992,-0.029927526,0.047884203,-9.902418,0.27715014868735083,-0.017734897405727923,0.472159562673031
0.0007989441,-0.0015978976,-0.0045273756,-0.010773908,-0.021547647,-9.852142,0.27741289182577566,-0.0173432248902148,0.47174641210023865
-0.0013315744,0.0013315858,-0.0021305296,0.008379706,-0.0035911303,-9.832987,0.2776756349642005,-0.01695155237470167,0.47133326152744626
-0.0015978902,0.004793693,0.0007989459,-0.029927522,0.017956685,-9.861717,0.2779383781026253,-0.016559879859188546,0.4709201109546539
0.0018642083,0.003195793,-0.0018642189,-0.031124625,-0.0047882316,-9.873688,0.2782236878281623,-0.016498506627684963,0.47084050310262526
0.0031957892,0.004793693,-0.0071905367,0.015562313,-0.05386937,-9.886856,0.2785313760859189,-0.016764680186157517,0.47109165844868733
-0.0023968576,-0.00079894316,-0.007989482,-0.011971008,0.008379879,-9.931149,0.2788390643436754,-0.01703085374463007,0.4713428137947494
-0.00053263,0.0002663128,-0.006125272,-0.027533323,0.021547988,-9.868902,0.27914675260143196,-0.017297027303102626,0.4715939691408114
-3.900835e-09,-2.058007e-09,-0.0039947424,0.059855048,-0.06344618,-9.807847,0.2785047981384248,-0.01757862229594272,0.4721154334128878
0.0037284205,-0.0039947466,-0.0026631611,0.050278243,-0.067037486,-9.765951,0.27785885357995227,-0.017860282084725537,0.47263803343675415
0.00292948,0.0026631635,-0.003728422,-0.0047884043,0.008379878,-9.758768,0.2772129090214797,-0.018141941873508354,0.47316063346062054
-0.0021305361,-0.0026631483,-0.003994746,-0.046686932,-0.06703748,-9.788693,0.27685739113365154,-0.01814510354653938,0.47317152183770883
-0.002396834,0.0031957908,-0.0047936975,0.009576809,-0.022744749,-9.734824,0.27680471131264917,-0.017857865474940334,0.472648830548926
0.00026633017,0.008255801,0.0007989417,0.009576809,0.050278414,-9.7396145,0.2767520314916468,-0.017570627403341286,0.4721261392601432
0.0031958024,0.007989486,0.0039947336,-0.0011971011,0.08260013,-9.736021,0.27669935167064436,-0.01728338933174224,0.47160344797136033
0.006657914,0.0045273774,0.0061252587,0.020350715,0.038307402,-9.750386,0.2773535114677804,-0.0169589573221957,0.47132958186157514
0.008255804,0.0047936905,0.0074568484,0.058657948,-0.03351866,-9.706094,0.27801970257756564,-0.016633892224343673,0.4710599510739857
0.006924215,0.0039947503,0.0031957938,0.077811554,-0.058657777,-9.718067,0.27868589368735086,-0.016308827126491645,0.47079032028639617
0.0047936845,-0.0005326166,-0.004527382,0.04668694,-0.034715753,-9.788693,0.2789820037947494,-0.016201009842482104,0.47059772248210024
0.0077231615,-0.0026631798,0.0029294787,-0.053869545,-0.0023940303,-9.831791,0.2788723233293556,-0.01633140288066826,0.47048959066825774
-0.0005326047,-0.008788444,0.0029294516,-0.083797075,0.016759586,-9.885658,0.2787626428639618,-0.016461795918854417,0.4703814588544153
-0.0039947233,-0.009321069,-0.0034621197,-0.06584056,0.015562486,-9.846154,0.278652962398568,-0.016592188957040573,0.4702733270405728
-0.0015978919,-0.009321069,-0.0050599994,-0.0071826037,0.022745091,-9.777922,0.27845538770883055,-0.016101456257756556,0.47086195379474943
0.0058589457,-0.008788445,-0.0018641902,0.057460845,-0.02992735,-9.879675,0.27825516103818615,-0.015591982695704101,0.47147160343675415
0.005858954,-0.0069242204,-0.001065261,0.067037664,-0.03830706,-9.959879,0.2780549343675418,-0.015082509133651596,0.4720812530787589
-0.0021305208,-0.0050599948,-0.0026631907,0.037110135,0.0071827783,-9.921572,0.27777248689737477,-0.01519955215632451,0.472703981646778
-0.0013315793,-0.005060013,-0.0026631502,-0.040701427,0.01077408,-9.837775,0.27739522625298335,-0.01603906475417654,0.47334179221957035
-0.00053262233,0.0010652634,-0.002396848,-0.039504327,0.063446514,-9.855732,0.27701796560859193,-0.016878577352028568,0.47397960279236273
-0.004527371,0.0050600097,-0.0010652639,-0.05267244,0.059855223,-9.901223,0.2766407049642005,-0.017718089949880597,0.4746174133651551
-0.006125271,0.0066579035,-0.0010652643,-0.04548984,0.027533494,-9.835382,0.27680247698090693,-0.017969764193317403,0.4740745595107399
-0.0018642152,0.006657899,-0.0015979155,-0.01316811,0.037110303,-9.703699,0.2769877875417661,-0.01819576863961812,0.47348014825775664
0.002130531,0.003994741,-0.00026632333,-0.04070143,0.056263916,-9.718066,0.2771730981026253,-0.018421773085918837,0.4728857370047733
0.00053263083,0.007723168,-0.0058589554,-0.010773908,0.053869717,-9.846155,0.2771474748687351,-0.01850051089737471,0.472615802601432
0.006924226,0.010652633,-0.0055926554,-0.015562313,0.020350887,-9.824609,0.2768659967541766,-0.01840061973508354,0.4727394465990453
0.01118529,0.008255781,-0.00079896906,-0.02873042,-0.0155621385,-9.90601,0.2765845186396182,-0.01830072857279237,0.4728630905966587
0.013049493,0.0061252653,0.0005326193,-0.005985504,-0.040701255,-9.953894,0.2763030405250597,-0.0182008374105012,0.47298673459427204
0.013049484,0.0061252797,-0.0015978968,0.02873042,-0.025138948,-9.907209,0.2764228472553699,-0.01766183337231508,0.47251069918854416
0.01171791,0.0055926405,-0.0018642124,0.05267244,0.0323219,-9.817425,0.27656573674224344,-0.017097570628878324,0.47200016894988067
0.011185277,0.0023968443,-0.0015979084,0.035913028,0.06105232,-9.7719345,0.2767086262291169,-0.01653330788544157,0.47148963871121724
0.010386332,0.0013315597,0.001331574,-0.027533324,0.06105232,-9.815031,0.2769206490692124,-0.01631628740930786,0.47138524546539373
0.010652644,0.0047936854,0.002663173,-0.029927526,0.053869717,-9.855732,0.2772208992362768,-0.016542414207637215,0.47179916038186154
0.007989473,0.007989503,-0.0034620936,0.039504327,0.028730594,-9.795878,0.27752114940334127,-0.01676854100596657,0.4722130752983293
0.0063915746,0.008255816,-0.008522113,0.055066645,0.003591473,-9.758768,0.27782139957040575,-0.016994667804295926,0.4726269902147971
0.007456838,0.0037284105,-0.006391613,0.01316811,-0.021547649,-9.751583,0.2776274040334129,-0.017231151861575162,0.4725345780429594
0.004261053,-0.0018642199,-0.00079895847,-0.03232173,-0.045489673,-9.668983,0.2773979469212411,-0.017468379040572777,0.47240583747016707
0.009321073,-0.0069242106,-0.0026631504,-0.05267244,1.6881827e-07,-9.672575,0.2771684898090692,-0.01770560621957039,0.4722770968973747
0.009054746,-0.007190539,-0.0018642156,-0.065840565,-0.019153448,-9.674969,0.27707015747016706,-0.017731127773269708,0.4722477272076372
0.007456854,-0.007989484,-0.0015978938,-0.047884032,-0.0011969313,-9.720461,0.277147943699284,-0.01747229961455849,0.4723518262529833
0.007456852,-0.002663164,-0.0005326191,0.009576809,-0.0035911326,-9.749191,0.27722572992840094,-0.017213471455847274,0.47245592529832936
0.0055926396,-0.0015978973,-0.0002663152,0.0071826056,-0.0011969307,-9.767147,0.27730351615751786,-0.016954643297136057,0.4725600243436754
0.002663162,-0.0047936854,-0.002663169,-0.023942016,0.0011972714,-9.763554,0.2775799534606205,-0.01704818241766109,0.4723862355608592
-4.2554602e-10,-0.0047936877,-0.0023968492,0.0,-0.002394032,-9.72405,0.27787354699284006,-0.017172153257756555,0.47218844737470167
-0.0015979109,-0.0015978945,0.0042610527,-0.0035913028,-0.009576637,-9.701304,0.27816714052505964,-0.01729612409785202,0.47199065918854416
0.0045273686,0.002130541,-2.0609916e-09,0.005985505,-0.010773739,-9.676167,0.27826670350835325,-0.01745282034486872,0.4719667494988066
0.0015978933,-0.0007989405,-0.0034621132,-0.025139121,-0.032321554,-9.742006,0.27809187985680195,-0.017655794945107384,0.47218872859188543
-0.0005326317,1.6401535e-09,-0.0018642129,-0.027533319,-0.021547643,-9.841366,0.2779170562052506,-0.01785876954534605,0.4724107076849642
0.00026631844,0.0029294775,0.00026631553,0.04668694,0.0083798785,-9.799467,0.2777422325536993,-0.018061744145584712,0.47263268677804293
-0.001331576,0.0045273746,0.005060008,0.083797075,-0.021547649,-9.67856,0.27810382616945106,-0.01802584835680191,0.4724772360620525
-0.0031957908,0.004261055,0.0063915895,0.06464344,-0.02633605,-9.679758,0.2785198031026253,-0.01796573529355609,0.4722835205727924
-0.0026631642,0.0034621065,0.0034621095,0.01675941,0.0071827755,-9.759963,0.2789357800357995,-0.017905622230310267,0.4720898050835322
-0.0007989517,0.004793694,0.003195788,-0.01316811,1.6998833e-07,-9.7396145,0.279095615680191,-0.017665907830548958,0.4720961075417661
-0.00133158,0.005592639,0.004261059,-0.017956512,-0.002394033,-9.698913,0.278873907529833,-0.01715866227326972,0.47240035340095465
-0.0023968467,0.0045273723,0.0026631637,-0.02633622,0.020350885,-9.72884,0.278652199379475,-0.016651416715990484,0.4727045992601432
0.0021305291,-0.006924219,-0.001065265,0.040701427,-0.022744747,-9.871296,0.278430491229117,-0.016144171158711248,0.4730088451193317
-0.001065258,-0.006125268,-0.0037284328,0.0,-0.051475175,-9.824609,0.27802073632458235,-0.01615351291885441,0.47256696133651555
-0.0071905307,-0.0066578896,-0.005326347,-0.035913028,-0.05985488,-9.733627,0.2775890133412888,-0.0162232036646778,0.472037912875895
-0.010652652,-0.007989474,-0.0031957987,-0.011971009,-0.040701255,-9.745598,0.27715729035799525,-0.01629289441050119,0.4715088644152745
-0.008522123,-0.007989479,-0.0010652591,0.0035913025,-0.041898366,-9.800665,0.2768300037112172,-0.01649477255966585,0.4710997515513127
-0.004261064,-0.009054745,0.0010652789,-0.008379708,-0.07781139,-9.846155,0.2766666708830549,-0.016904170718377066,0.4708789246778043
-0.0026631602,-0.010386329,0.0007989549,-0.0035913025,-0.0909795,-9.88207,0.2765033380548926,-0.017313568877088285,0.47065809780429596
-0.0021305291,-0.010918962,0.00079895055,-0.008379707,-0.04548967,-9.834186,0.2763400052267303,-0.0177229670357995,0.4704372709307876
-0.0013315936,-0.009853694,0.004261061,-0.025139121,0.031124797,-9.7240505,0.2765204538424821,-0.017114351757159946,0.4707263817064439
-0.00026631964,-0.007989481,0.003994747,-0.0047884034,0.045490004,-9.744401,0.2767465227446301,-0.0163706446479714,0.4710831619331742
0.003728435,-0.009587374,0.0021305422,0.0035913028,-0.0071824347,-9.8198185,0.276972591646778,-0.015626937538782856,0.47143994215990453
0.0053263134,-0.014647392,0.0047936877,-0.009576808,-0.056263573,-9.78989,0.2772989632935561,-0.015143550489260147,0.47179478062052504
0.0050600083,-0.01571265,0.004527372,0.0023942022,-0.037109964,-9.750386,0.2777913917064439,-0.01509113776073986,0.4721464043794749
0.006391612,-0.01597896,6.2461507e-09,0.019153617,0.026336389,-9.738417,0.2782838201193317,-0.015038725032219574,0.4724980281384248
0.005326351,-0.015446325,-0.0026631705,0.027533323,0.028730592,-9.71208,0.27877624853221955,-0.014986312303699286,0.47284965189737466
0.0018641851,-0.0114516,0.0026631511,-0.023942018,0.049081307,-9.698914,0.2778857301193318,-0.015201952377088292,0.4725618816706444
-0.0010652661,-0.007190537,0.00213052,-0.03232172,0.05147551,-9.80665,0.2767890994391409,-0.015457542627684952,0.4721788171479714
-0.0013315752,-0.0026631628,-0.0010652674,-0.008379707,0.038307402,-9.895235,0.2756924687589499,-0.015713132878281612,0.4717957526252984
0.0021305273,-0.008522118,0.0015978968,0.008379707,0.06823493,-9.895236,0.27535105725536985,-0.016075059761336493,0.47157032317422437
0.00053263194,-0.0021305294,2.465125e-10,0.031124622,1.7109566e-07,-9.803061,0.2763291091408114,-0.016622770186157494,0.471620302124105
-3.782629e-09,-0.001597898,0.005326322,0.037110135,-0.0155621385,-9.913193,0.2773071610262529,-0.0171704806109785,0.4716702810739857
0.0074568186,0.00878846,-0.0018642148,0.020350713,-0.00239403,-9.848549,0.27828521291169445,-0.0177181910357995,0.4717202600238663
0.0071905153,0.009853717,-0.0055926326,0.02633622,-0.016759243,-9.794682,0.2781507801909308,-0.016718688912887882,0.4718718313961814
0.0015979051,0.0069242264,-0.0026631386,0.021547817,0.0023943724,-9.720461,0.2778318378281623,-0.015462575928401008,0.47204025224343676
-0.0010652567,0.0037284277,0.00026632508,-0.011971008,0.02274509,-9.672577,0.2775128954653938,-0.014206462943914132,0.47220867309069214
-0.0005326368,0.002130528,-0.0034621095,-0.047884032,0.009576977,-9.696517,0.27737311267303105,-0.013780531782816184,0.4723161077326969
0.00798948,-0.0037284368,-0.0037284235,-0.038307227,0.063446514,-9.753977,0.27756392194510743,-0.014886483748209979,0.4723110083054893
0.005060006,-0.0015979003,-0.0015978931,-0.03112462,0.02992769,-9.727641,0.27775473121718375,-0.015992435713603773,0.4723059088782816
0.002663159,-0.0053263213,-0.0015979065,-0.021547817,0.020350885,-9.7240505,0.2779455404892601,-0.01709838767899757,0.472300809451074
0.0039947433,-0.0066579026,-0.0029294766,-0.029927526,0.04908131,-9.78989,0.2779796165632458,-0.017356025458233885,0.4724607956085919
-0.0002663131,-0.0005326298,-0.001597898,-0.016759412,0.07422042,-9.856928,0.2779849840811456,-0.01745827895584725,0.47265102021479716
-0.0042610564,0.0018642156,-0.0013315819,-0.02394202,0.06943202,-9.883265,0.27799035159904534,-0.017560532453460617,0.47284124482100237
-0.004261059,-0.0007989511,-0.0039947387,-0.07182605,0.045490004,-9.892841,0.2780801717661098,-0.017530597334128886,0.4731425322195704
-0.002130532,-0.0029294838,-0.005592634,-0.06584054,0.020350887,-9.855732,0.2783347267303103,-0.01724281281384249,0.4736604606205251
0.0015978828,-0.005592647,-0.0023968352,-0.028730419,0.010774079,-9.751583,0.27858928169451075,-0.016955028293556093,0.4741783890214797
0.0013315701,-0.0071905376,0.00266316,-0.023942016,0.028730592,-9.671379,0.2788438366587112,-0.016667243773269697,0.47469631742243434
-0.0029294766,-0.008522121,0.0026631504,-0.0071826056,0.033518996,-9.670183,0.27862739804295944,-0.016026127628878305,0.47388563823389024
-0.003195786,-0.0122505445,0.0010652671,-0.0071826056,-0.009576639,-9.725247,0.2783162873508353,-0.015313990052505989,0.4728079022434368
0.0007989557,-0.011185279,-0.0007989334,-0.05267244,-0.067037486,-9.812637,0.2780051766587112,-0.014601852476133673,0.4717301662529833
0.0013315942,-0.005592638,-0.0039947387,-0.08738836,-0.0885853,-9.886856,0.2779786691646778,-0.014336867770883034,0.4709645959427208
-0.0021305282,-0.0047936854,-0.0039947475,-0.07182605,-0.070628785,-9.880873,0.27853961186157516,-0.0149948524534606,0.47084336761336515
-0.0047937017,-0.007190529,0.0007989457,-0.019153617,-0.05746067,-9.829395,0.27910055455847255,-0.015652837136038166,0.4707221392840095
0.0034621225,-0.010386323,0.0026631732,-0.035913024,0.044292904,-9.788693,0.27966149725536993,-0.016310821818615734,0.4706009109546539
0.0015979192,-0.015712647,-0.002396858,-0.05267244,0.08379724,-9.730038,0.27925496243436754,-0.01669949033890214,0.4706827765155131
0.001597904,-0.016511604,-0.003195795,0.0023942017,0.0407016,-9.69532,0.27863617489260145,-0.01702907419093078,0.47080919838902147
0.005326341,-0.017310554,-0.0050599664,0.053869545,-0.034715753,-9.744401,0.2780173873508353,-0.01735865804295942,0.47093562026252983
-2.5237224e-08,-0.027164228,-0.0042611468,-0.035913024,0.031124795,-9.970654,0.27750426389021476,-0.01762220582696897,0.47090678050119333
-0.0085221315,-0.02476739,-0.004527391,0.025139118,0.034716096,-9.858126,0.2772221925536993,-0.017741354742243434,0.4705384352983294
-0.0069243186,-0.026365265,0.0021305594,0.01436521,0.0023943717,-9.77313,0.27694012121718375,-0.017860503657517898,0.4701700900954654
-0.008788432,-0.024501087,0.0018641867,-0.0071826046,-0.011970838,-9.858126,0.2766580498806682,-0.01797965257279236,0.4698017448926014
-0.0111852735,-0.01438107,-0.0021305492,0.010773907,-0.021547643,-9.853336,0.27714529773269686,-0.017943812124105014,0.47006006700477326
-0.015180043,-0.014647361,0.0007989163,0.044292733,-0.004788231,-9.809044,0.27781590663484484,-0.017871031205250597,0.47046775023866344
-0.014381058,-0.011185294,-0.0005326422,0.051475346,-0.0059853317,-9.880873,0.27848651553699283,-0.017798250286396183,0.4708754334725537
-0.011984218,-0.0055926493,-0.0026631795,0.067037664,-0.052672267,-9.904813,0.27899691670644394,-0.017640837663484493,0.4711133814319809
-0.01251686,-0.001597889,-0.0007989654,0.044292733,-0.07182589,-9.798271,0.2791357249403341,-0.017287126504773275,0.47095763785202865
-0.012783173,-0.0031957931,-0.0007989419,0.039504327,-0.07541718,-9.755175,0.27927453317422435,-0.016933415346062058,0.47080189427207636
-0.010918964,-0.008522105,0.00053267524,0.020350711,-0.06943168,-9.775524,0.2794133414081146,-0.01657970418735084,0.4706461506921241
-0.010386344,-0.007989465,0.0045273746,-0.03232173,-0.049080964,-9.708489,0.2789173161097852,-0.016970213052505956,0.47134548873508353
-0.0119842375,-0.0018642116,0.005592613,-0.021547815,-0.013167941,-9.659407,0.27825757058472556,-0.017552652344868726,0.4722653478281623
-0.014114767,0.0031957661,0.0026631234,-0.0023942022,-0.0035911337,-9.670181,0.27759782505966585,-0.018135091637231496,0.47318520692124105
-0.0058589596,0.0013315699,-0.003462107,0.028730419,-0.026336053,-9.65103,0.2771026272434367,-0.018480816054892605,0.4735440021479714
-0.0029294894,-0.0037284328,-0.0034620925,0.05267244,-0.035912856,-9.685743,0.27701283682577565,-0.018243329911694514,0.47252046610978526
-0.004793693,-0.0045273714,-0.002396847,0.017956514,-0.03351866,-9.680956,0.27692304640811455,-0.018005843768496423,0.4714969300715991
-0.0031957915,0.0013315786,-0.0034621125,-0.009576809,-0.011970837,-9.870098,0.27683325599045344,-0.017768357625298332,0.47047339403341293
-0.0050600017,0.003994746,-0.0010652664,0.0035913025,0.0071827793,-9.949107,0.27688645362768494,-0.01757493452863962,0.47026808341288784
-0.0047936887,0.0034621116,0.00026631673,-0.031124622,0.032321904,-9.9383335,0.27697941264916465,-0.017393764257756565,0.4702903007159905
-0.0047936942,-0.0021305345,-0.003195785,-0.055066645,0.06224942,-9.860521,0.2770723716706444,-0.017212593986873508,0.4703125180190931
-0.0058589582,-0.0029294724,-0.00079894793,-0.041898537,0.037110306,-9.78989,0.27728364711217185,-0.01710278979952267,0.4704027121718377
-0.008522124,0.0010652866,0.0045273537,-0.06584055,-0.03232155,-9.795876,0.27780505498806685,-0.01718005125536993,0.4706710880668258
-0.008255798,0.00079894636,0.003994743,-0.08619127,-0.019153442,-9.807847,0.27832646286396184,-0.017257312711217183,0.47093946396181385
-0.0045273784,0.0021305252,0.0010652589,-0.050278243,0.01197118,-9.812637,0.2788478707398568,-0.017334574167064437,0.4712078398568019
-0.0039947433,0.0050600064,0.0013315759,0.01436521,-0.04429256,-9.79827,0.27850031116945106,-0.01746989442959427,0.47143127627684966
-0.0007989466,0.0018642147,0.0015978956,0.053869545,-0.07182589,-9.734823,0.27789300589498805,-0.01762256922673031,0.47164127970167063
0.00852212,0.0047936956,-0.0047936807,0.047884032,-0.032321554,-9.716867,0.27728570062052504,-0.017775244023866345,0.47185128312649166
0.0039947554,0.011185281,-0.0029294516,-0.010773908,-0.032321554,-9.844959,0.2769181456801909,-0.01775867676372315,0.47185165142004776
0.0015979423,0.013049479,0.0026631842,-0.014365211,-0.010773737,-9.888056,0.277220369451074,-0.017269306295942723,0.4712663723627685
0.00372844,0.013848438,0.0061252625,0.020350713,-0.0047882316,-9.884462,0.27752259322195705,-0.01677993582816229,0.47068109330548924
0.0031957722,0.016511608,0.0026631674,0.019153617,-0.03112445,-9.859323,0.2778248169928401,-0.016290565360381863,0.47009581424821
0.009321074,0.015978962,-0.001597919,0.031124622,0.020350888,-9.871296,0.27831637367541767,-0.016397554470167063,0.4703998910023866
0.0066579306,0.012783159,0.0037284303,0.005985504,0.034716096,-9.856928,0.27886860057279234,-0.016695642229116944,0.4709889547016706
0.007190551,0.0047936942,0.0031957536,0.019153617,0.0323219,-9.815032,0.27942082747016705,-0.016993729988066825,0.47157801840095465
0.014647389,0.0018642066,0.0061252723,0.017956514,0.039504502,-9.925163,0.2797184997136038,-0.01716389459665871,0.47207853054892607
0.012516861,0.00026633125,0.0021305226,0.04908113,0.04549001,-9.801862,0.27925675057279237,-0.016952421806682577,0.472314863902148
0.007190537,-0.0015978488,-0.004527389,0.05985505,0.04549001,-9.803061,0.2787950014319809,-0.016740949016706443,0.4725511972553699
0.005592638,-0.0031957864,-0.006657908,0.038307235,-0.0011969273,-9.888056,0.27833325229116945,-0.01652947622673031,0.4727875306085919
0.0037284289,-0.001065267,-0.003728422,0.015562311,-0.019153446,-9.821015,0.2775960874463007,-0.01648111473508353,0.4723496475417661
0.003195795,0.00106526,0.0005326348,-0.008379707,0.0071827746,-9.676167,0.2767645385680191,-0.01648865093556086,0.4716807127804296
0.007723168,0.0015978953,0.0026631604,-0.0035913023,-0.003591135,-9.62589,0.27593298968973756,-0.016496187136038187,0.47101177801909316
0.008522117,0.0029294791,0.0023968483,0.0,-0.011970841,-9.640253,0.2754543728400954,-0.01656311910501191,0.470667394319809
0.0026631632,-0.002663166,0.0039947378,0.051475346,0.021547986,-9.722853,0.2761026617661097,-0.0168197007207637,0.47135929646778035
0.003994749,-0.0029294675,0.00026631798,0.06344634,0.015562482,-9.751583,0.276750950692124,-0.01707628233651549,0.47205119861575173
0.0034621141,-0.0034621032,-0.0071905367,-0.023942016,0.06224941,-9.685743,0.27739923961813834,-0.01733286395226728,0.47274310076372306
0.0013315806,-0.0029294735,-0.006125273,-0.010773908,0.051475514,-9.727643,0.27769626094272076,-0.017196415406921267,0.4723736529713604
0.0013315782,-0.0042610588,-0.006391588,0.016759416,0.0359132,-9.824608,0.2778648186873508,-0.01691623011694513,0.4716160543436755
-0.0018642071,-0.0013315739,-0.0061252746,0.019153617,0.063446514,-9.8677025,0.2780333764319809,-0.016636044826969,0.4708584557159905
-0.007989487,-0.0015978699,-0.00452738,-0.015562311,0.051475514,-9.856929,0.27799363723150367,-0.016619413174224263,0.4702701155131265
-0.0053263265,-0.004261053,0.0002663175,-0.06703766,-0.0814027,-9.776724,0.2772402881264917,-0.01750569676014312,0.4702616421360382
-0.009054751,0.0026631558,-0.0018642169,0.027533324,0.002394374,-9.824609,0.27648693902147975,-0.018391980346061973,0.4702531687589499
-0.0074568554,-0.00026631646,-0.0015978819,0.037110135,0.015562482,-9.797075,0.27573358991646785,-0.01927826393198083,0.4702446953818616
-0.009054749,0.0010652642,-0.0021305324,0.0,-0.025138952,-9.76116,0.2759501052983293,-0.018917724238663558,0.47068919980906915
-0.008522116,0.0039947373,-0.0037284351,0.021547817,-0.052672267,-9.832989,0.2765444167303102,-0.01807150338424828,0.47131015489260136
-0.0069242157,0.0018642287,-0.00026630826,0.02873042,-0.008379535,-9.907209,0.2771387281622911,-0.01722528252983301,0.47193110997613363
-0.007989481,0.0005326446,0.0050600097,-0.04070143,0.019153787,-9.870098,0.27761723855608594,-0.01653011868496421,0.47243995208830547
-0.0029294924,0.0042610504,0.0007989348,0.02274492,-0.049080964,-9.862916,0.2776688745346062,-0.016391792443914092,0.4725355150119332
-0.0045273798,0.009587377,-0.0013315836,0.020350713,0.013168282,-9.840169,0.27772051051312646,-0.016253466202863973,0.47263107793556086
-0.012516856,0.020772658,0.0037284284,-0.047884032,0.0011972698,-9.67856,0.2777721464916468,-0.016115139961813855,0.47272664085918853
-0.011185307,0.020240007,-0.0005326389,-0.037110135,-0.01915345,-9.641452,0.27791222311455843,-0.01663448811097846,0.4725587493198091
-0.006125295,0.018642113,-0.0039947694,-0.0071826046,-0.008379538,-9.651029,0.27808893195704054,-0.017426245770882993,0.4722817346300716
-0.0021305268,0.017843176,-0.0034621328,0.034715924,-0.004788235,-9.692927,0.27826564079952265,-0.018218003430787527,0.47200471994033416
-0.0021305073,0.014913708,-0.0010652603,0.027533323,-0.0023940322,-9.725247,0.27834518400954655,-0.0187348760310263,0.4717773995704057
0.0018642198,0.011984227,0.0005326147,0.0011971011,0.025139295,-9.821015,0.27803808897374704,-0.01815793516467785,0.47174782118138425
0.00452737,0.012783176,-0.00053264224,0.014365211,0.038307402,-9.861719,0.27773099393794753,-0.017580994298329402,0.4717182427923628
0.0021305308,0.010120011,-0.0010652669,0.02633622,-0.03950416,-9.6845455,0.277423898902148,-0.017004053431980953,0.4716886644033413
0.00932106,0.0007989481,-0.0039947494,-0.03232173,-0.013167941,-9.733627,0.27770325334128876,-0.0167802288353222,0.47135013980906926
0.0053263186,-0.006125275,-1.9682007e-08,0.05746084,-0.037109964,-9.76595,0.27824050423627683,-0.016711690309069216,0.47087575332935566
0.004527387,-0.0061252685,-0.0029294598,0.08379706,0.016759586,-9.920374,0.27877775513126485,-0.016643151782816234,0.47040136684964207
0.007190544,-0.0005326334,-0.0039947242,0.06584055,0.0371103,-9.915586,0.2791588431384248,-0.016537860553699303,0.47009088293556084
0.005592636,-0.0018642055,-0.004793696,0.04309563,0.0430958,-9.856929,0.27886669558472554,-0.016274124338902168,0.4704870011933174
0.0015978836,-0.008522109,-0.0047937087,0.033518832,0.044292904,-9.904813,0.27857454803102627,-0.016010388124105032,0.470883119451074
-0.0010652677,-0.01145159,-0.005326332,0.020350715,0.013168284,-9.9108,0.278282400477327,-0.015746651909307897,0.47127923770883057
0.002130528,-0.00053263525,0.00026632156,-0.02633622,-0.032321554,-9.71208,0.2784025534486873,-0.01606000027207633,0.47128344989260146
0.005060005,-0.00053263555,0.002929479,-0.016759416,-0.010773738,-9.798271,0.27871494470167063,-0.01664241874463003,0.4711049328639619
0.0069242236,-0.0050600013,0.00079894095,-0.0047884043,-0.026336048,-9.900026,0.2790273359546539,-0.01722483721718373,0.47092641583532224
0.005858954,-0.004527378,0.0005326308,-0.047884032,-0.013167938,-9.823412,0.27914485221957047,-0.017656851634844886,0.47081240539379476
0.0018642121,0.0047936905,0.00026631844,-0.037110135,-0.052672267,-9.744401,0.27834831199284016,-0.017383399414081162,0.47100096156324583
0.007989484,0.006391589,-1.7477667e-08,-0.020350713,-0.041898366,-9.844959,0.27755177176610984,-0.017109947193317442,0.4711895177326969
0.011185279,0.0026631611,-3.342978e-08,-0.020350713,-0.004788231,-9.889252,0.27675523153937953,-0.01683649497255372,0.4713780739021479
0.010120013,0.0042610546,0.00053264614,-0.010773908,-0.0035911303,-9.888056,0.276639554319809,-0.016704464995226733,0.4713249441527446
0.011185273,0.009054757,-0.001864198,0.009576807,0.0047885757,-9.861717,0.2768600532100238,-0.016642262250596663,0.4711524819809069
0.0050600152,0.0047936793,0.0013315887,0.037110135,-0.025138948,-9.877279,0.27708055210023863,-0.016580059505966593,0.47098001980906923
0.0013315816,0.0063915835,0.0023968536,-0.005985504,-0.0095766345,-9.913193,0.2772985504295943,-0.016612751300715958,0.4707913479713604
0.0018642122,0.0047936914,0.0015978934,0.0011971008,0.0011972737,-9.892841,0.2775037253699284,-0.017132081758949848,0.4705195496420048
0.0063915905,0.0047936914,0.0031957866,0.019153617,-0.013167937,-9.94791,0.2777089003102625,-0.017651412217183738,0.4702477513126492
0.010386326,0.007989486,0.004261058,0.01556231,0.015562483,-9.947908,0.27791407525059664,-0.018170742675417628,0.4699759529832936
0.008788424,0.010386333,0.0029294936,0.029927526,0.031124797,-9.889251,0.2778982005608592,-0.018052116560859217,0.47038174642004765
0.008255787,0.012516869,-0.0013315745,0.053869545,-0.027533151,-9.902418,0.2777668731980907,-0.01760029019809072,0.47114144128878277
0.009587386,0.014913701,-0.000532631,0.04668694,-0.041898366,-9.868899,0.2776355458353222,-0.017148463835322224,0.47190113615751783
0.0069242525,0.013582102,0.0061252806,0.005985504,0.013168281,-9.803061,0.2775742638186157,-0.016702871873508378,0.4724402472553699
0.0061252834,0.009054746,0.0069242134,-0.016759416,0.034716096,-9.807847,0.27790795972553695,-0.01629243500596661,0.4717355109785203
0.010119988,0.008255839,0.0021305024,-0.021547817,-0.008379535,-9.797075,0.2782416556324582,-0.015881998138424846,0.47103077470167065
0.008522113,0.00719054,0.00026631705,-0.02633622,-0.037109964,-9.830592,0.27857535153937946,-0.015471561270883078,0.470326038424821
0.0031957934,0.0031957943,2.8927492e-09,0.014365211,-0.010773737,-9.855732,0.27848755054892604,-0.015607074985680166,0.4702160159665871
-0.00026631897,-0.0010652617,-0.0026631618,0.050278235,0.021547986,-9.831789,0.27816710516706444,-0.016043925060859162,0.47043424464200473
-0.0031958015,-0.0074568484,0.000532632,-0.021547817,0.013168282,-9.827002,0.2778466597852029,-0.01648077513603816,0.47065247331742244
-0.001065267,-0.0047936887,0.0013315831,-0.039504327,0.014365384,-9.862916,0.27752002906921247,-0.016857438960620523,0.470835461300716
0.003195789,-0.006924214,0.0034621248,-0.005985504,0.052672613,-9.93474,0.2771547868735084,-0.01685839467541766,0.47079846193317426
0.0002663304,-0.014114756,0.0005326181,-0.019153617,0.02154799,-9.908405,0.2767895446778043,-0.016859350390214797,0.4707614625656325
-0.0015979089,-0.01571265,0.0018641949,0.016759416,0.02274509,-9.763555,0.27642430248210026,-0.016860306105011935,0.4707244631980907
-0.0013316161,-0.0141147515,0.0050600064,0.008379709,1.696958e-07,-9.722853,0.27680305422434365,-0.01714887843914079,0.4711741361097852
-0.004793674,-0.013049496,-0.00026633102,-0.04548984,-0.070628785,-9.885658,0.2776153918377088,-0.0176050684057279,0.471907432601432
-0.0026631714,-0.0119842235,0.0021305364,-0.02873042,-0.06703748,-9.90601,0.27842772945107397,-0.018061258372315012,0.4726407290930787
0.0029294598,-0.012250535,0.0066579264,-0.02274492,-0.03950415,-9.925163,0.2791269291169451,-0.01841145354176613,0.4731426575656325
0.0015979046,-0.0122505445,0.0047936845,-0.021547817,-0.02753315,-9.927559,0.27903793441527447,-0.01802321829116947,0.4720327221718378
-0.0029294614,-0.007989489,-0.0007989647,-0.039504327,-0.01795634,-9.864112,0.2789489397136038,-0.017634983040572812,0.470922786778043
-0.010386339,-0.0045273607,0.0055926307,0.01316811,-0.034715753,-9.753977,0.2788599450119332,-0.017246747789976154,0.4698128513842483
-0.013848444,-0.0015979017,0.0061252564,-0.0011971008,-0.020350544,-9.682154,0.2790854556085919,-0.01680161342720766,0.46949485021479714
-0.012516851,-0.0018642641,3.844656e-09,0.01316811,0.016759584,-9.674969,0.27950434446300715,-0.016321493799522694,0.469663781575179
-0.0071905334,-0.0037284403,-0.0034620988,0.05267244,0.04908131,-9.7803135,0.2799232333174224,-0.01584137417183773,0.46983271293556084
-0.0061252723,-0.0029294752,-0.0018642136,0.05865795,0.037110306,-9.865309,0.2801829893914082,-0.015419037766109783,0.47003903639618133
-0.009587389,-0.002929457,0.0021305222,0.047884032,-0.027533151,-9.821015,0.2791932584486874,-0.015450406658711216,0.47053895708830545
-0.010120015,-0.0026631576,0.0034621086,0.05746084,-0.029927354,-9.683351,0.27820352750596666,-0.015481775551312648,0.4710388777804296
-0.009587383,0.00026631492,0.0029294684,0.07661447,0.031124793,-9.631875,0.27721379656324585,-0.01551314444391408,0.4715387984725537
-0.00772317,0.0037284356,0.0053263116,0.04070143,0.023942187,-9.676167,0.27716262051312646,-0.01578199772792361,0.47227991922434365
-0.002396849,0.005858982,0.0069241957,-0.013168109,-0.034715753,-9.749191,0.2777198869451074,-0.016204806410501177,0.4731774041527446
-0.0002663165,0.0039947447,0.004527372,-0.02274492,-0.037109964,-9.834186,0.2782771533770883,-0.01662761509307874,0.47407488908114553
-0.002130531,0.0015978938,0.000532635,-0.01436521,0.017956689,-9.889252,0.2788035803818616,-0.017006216147971362,0.4747210954415275
-0.00559264,0.0031957924,-0.00026631536,0.01316811,0.06943203,-9.896433,0.27905373751789975,-0.01698879053818616,0.47311626463007167
-0.0055926368,0.005592642,0.00053262344,0.0011971015,0.07661464,-9.811439,0.27930389465393796,-0.016971364928400956,0.4715114338186158
-0.001864213,0.00559264,0.00053262553,-0.019153617,0.05865812,-9.69532,0.27955405178997617,-0.016953939318615753,0.46990660300716
-0.0029294698,0.0031957962,0.0045273784,-0.005985504,0.014365381,-9.6917305,0.27932256966587116,-0.01745586040811453,0.46978480630071595
-0.0010652666,0.0010652626,0.0002663159,-0.009576809,-0.04309547,-9.708489,0.27876208044152745,-0.018312546496420015,0.47067606810262524
-0.005592641,0.0005326297,-0.005858952,-0.01675941,-0.02873025,-9.69532,0.2782015912171838,-0.019169232584725505,0.47156732990453454
-0.0061252653,0.002663166,-0.004261063,-0.013168109,-0.025138946,-9.770737,0.2776428707040573,-0.019914465683770897,0.4723523244391408
-0.0026631411,0.0061252895,0.0031957761,0.02633622,-0.031124454,-9.753978,0.277102511097852,-0.0195027106085919,0.47203416353221955
-0.00266316,0.0063915886,0.0037284256,0.020350713,-0.033518665,-9.68694,0.27656215149164676,-0.0190909555334129,0.47171600262529834
-0.0029294782,0.0010652582,0.0005326428,-0.02633622,-0.026336052,-9.755177,0.2760217918854415,-0.018679200458233906,0.4713978417183771
-0.0055926386,-0.002929478,0.00079895323,-0.062249243,-0.008379536,-9.776725,0.27602713168257753,-0.01836413016706445,0.4711660465871122
-0.0069242185,-0.0015979016,-0.0002663237,-0.04548984,-0.007182435,-9.72884,0.27642506097852027,-0.018118617274463015,0.4709963851073986
-0.0031957934,0.0005326316,-0.00026632202,-0.008379708,-0.010773739,-9.746797,0.276822990274463,-0.017873104381861585,0.47082672362768496
-0.0010652647,0.0029294763,-0.0013315837,-0.023942016,0.005985674,-9.719263,0.2771907878281623,-0.017653517718377087,0.47068995016706444
-0.0055926237,0.011185284,0.001864215,-0.034715924,-0.06344618,-9.788694,0.27718863454653936,-0.017752247534606202,0.47095696849642005
-0.0047936887,0.015180022,0.0029294675,-0.011971008,-0.039504156,-9.726444,0.27718648126491646,-0.01785097735083532,0.47122398682577565
-0.0031958185,0.012783167,-0.0023968494,-0.041898537,-0.0035911342,-9.653423,0.27718432798329357,-0.017949707167064437,0.47149100515513126
-0.0053263227,0.009587382,-0.0018642002,-0.05746084,-0.031124454,-9.704897,0.2774922125059666,-0.017703113346062067,0.47183879904534604
-0.0029294542,0.00905476,0.0018641998,-0.009576809,-0.06344618,-9.698913,0.27803490507159906,-0.017194987652744645,0.47224776854415274
0.0013315803,0.009587383,0.0018641998,0.029927526,-0.02394185,-9.63427,0.2785775976372315,-0.01668686195942722,0.47265673804295943
-0.0029294866,0.008255798,-0.0005326211,0.027533323,-0.023941848,-9.746797,0.2790663940214797,-0.016242853318615736,0.4730077670883055
0.0034621023,0.000532629,-0.0026631712,0.021547815,-0.055066466,-9.823409,0.2787503407637232,-0.016756325995226716,0.47249355202863963
0.005592636,-0.0023968462,-0.0037284305,-0.02274492,-0.020350544,-9.866506,0.2784342875059666,-0.017269798671837696,0.47197933696897376
-0.00026631725,-0.002929471,-0.0031957994,-0.040701427,-0.008379533,-9.907209,0.27811823424821003,-0.017783271348448676,0.4714651219093079
-0.0010652759,-0.005592637,-0.00026631734,-0.038307235,-0.014365039,-9.854535,0.27797655859188547,-0.01801188310143198,0.4712634282816229
0.0067243683,-0.029294804,0.00046589377,-0.04878186,0.029628418,-9.798271,0.2779738605727924,-0.018013462840095466,0.47131081188544155
0.008255761,-0.035686363,0.0042611132,0.03232173,0.0407016,-9.816229,0.2779711625536993,-0.01801504257875895,0.47135819548926017
0.008255842,-0.03675162,0.0026631546,0.029927526,-0.027533155,-9.75757,0.27796228238663484,-0.018027828684964196,0.4713801386634845
0.0042610522,-0.041012697,0.0034620485,-0.035913024,-0.049080964,-9.803061,0.2778364565871122,-0.01825260191050119,0.4709208337112172
0.000905884,-0.054062165,0.00442082,-0.020590136,-0.016579676,-9.854833,0.2777106307875895,-0.01847737513603818,0.47046152875894987
0.0045273704,-0.048469532,0.0021305713,0.040701427,0.0011972736,-9.900026,0.27758480498806687,-0.018702148361575174,0.47000222380668255
0.0013316323,-0.04820321,-0.0010653166,0.050278243,1.7165979e-07,-9.835382,0.27792014720763725,-0.018540848579952276,0.4701821992840095
0.0010653208,-0.046339005,-0.0045273798,0.04668694,-0.05386937,-9.76116,0.2786421610739857,-0.018055841430787596,0.47089818681384243
-3.631324e-08,-0.043143213,-0.0018642289,0.02873042,-0.052672267,-9.767146,0.2793641749403341,-0.01757083428162292,0.47161417434367536
-0.002663221,-0.036485303,0.0007988808,-0.01316811,0.0083798785,-9.886856,0.28002878878281623,-0.017090405715990457,0.472309742398568
-0.000798889,-0.02822951,-0.004261043,-0.07062895,0.02992769,-9.931149,0.27922651312649166,-0.016726985396181386,0.47248347942720764
0.001597949,-0.025300037,-0.008255772,-0.057460837,0.017956687,-9.873688,0.2784242374701671,-0.016363565076372318,0.47265721645584724
0.002396819,-0.021837924,-0.0039947336,0.023942018,0.004788576,-9.846155,0.27762196181384247,-0.01600014475656325,0.4728309534844869
0.002396797,-0.015712656,0.0037284305,0.071826056,-0.0035911303,-9.891646,0.2774081492959427,-0.016287907843675405,0.4722474431622912
0.0023968236,-0.010918964,0.006657907,0.046686932,0.008379878,-9.879673,0.27771329639618136,-0.0171499429116945,0.47099612415274467
0.001331592,-0.009054748,0.0037284212,0.0023942022,0.02633639,-9.81503,0.27801844349642,-0.018011977979713593,0.4697448051431981
-0.002663161,0.0018642124,-0.00026632252,0.0023942017,-0.0035911307,-9.862916,0.2783269584009546,-0.01883960181622912,0.4685275662052506
-0.0015978947,0.005592641,0.0010652567,-0.034715924,0.0023943728,-9.78989,0.278766256372315,-0.01833092282935561,0.4686337700477327
-0.0015978982,0.0050600055,0.0002663165,-0.043095633,0.025139293,-9.78989,0.2792055543436754,-0.017822243842482103,0.4687399738902148
-0.0023968483,0.0082558,-0.0013315808,-0.011971009,0.04908131,-9.878479,0.2796448523150358,-0.017313564855608594,0.46884617773269693
-0.00026630913,0.010918962,0.00079894054,0.017956514,0.06105232,-9.859323,0.2800266944868735,-0.017244250570405725,0.4692404433412888
0.0045273667,0.010918964,-0.00026635083,0.0071826056,0.047884203,-9.792284,0.28035525103818615,-0.017582411613365153,0.4699018630071599
0.007989482,0.0135821225,-0.0013315891,-0.019153617,0.031124793,-9.783907,0.2806838075894988,-0.01792057265632458,0.470563282673031
0.006391577,0.019973716,0.0005326407,-0.041898537,-0.017956343,-9.854535,0.28099891318615755,-0.018247917979713604,0.4712104623627685
0.008788408,0.021305297,-0.00292949,-0.050278243,-0.025138948,-9.879675,0.28025587701670646,-0.017724426696897375,0.4707374305966587
0.009321083,0.024501078,-0.00079894246,-0.050278243,-0.049080964,-9.781511,0.2795128408472555,-0.0172009354140812,0.470264398830549
0.008255798,0.026365299,0.002929481,-0.084994175,-0.05147518,-9.67856,0.2787698046778044,-0.01667744413126497,0.4697913670644392
0.009054735,0.02396846,-0.002663161,-0.083797075,0.026336389,-9.690533,0.2784488448090692,-0.016508850757756547,0.46991598866348444
0.004261077,0.026897933,-0.0018641182,-0.07422027,-0.01077374,-9.701307,0.2785394965393794,-0.016686356171837693,0.47062344577565624
0.0007989544,0.028762145,-0.0013315465,-0.038307235,0.028730594,-9.78989,0.27863014826968974,-0.01686386158591884,0.4713309028878281
0.0010652737,0.02609898,-0.00026631894,0.029927524,0.051475517,-9.876082,0.2787208,-0.017041367,0.47203836
