timestamp,roll_body,pitch_body,yaw_body,yaw_sp_move_rate,q_d[0],q_d[1],q_d[2],q_d[3],thrust_body[0],thrust_body[1],thrust_body[2],roll_reset_integral,pitch_reset_integral,yaw_reset_integral,fw_control_yaw,apply_flaps
7780000,0.0,-0.0,-0.004165235,0.0,0.99999785,0.0,-0.0,-0.002082616,0.0,0.0,-0.0,0,0,0,0,0
7784000,0.0,-0.0,-0.0041652624,0.0,0.99999785,0.0,-0.0,-0.0020826298,0.0,0.0,-0.0,0,0,0,0,0
7836000,0.0,-0.0,-0.0041655195,0.0,0.99999785,0.0,-0.0,-0.0020827584,0.0,0.0,-0.0,0,0,0,0,0
7885000,0.0,-0.0,-0.0041657384,0.0,0.99999785,0.0,-0.0,-0.0020828678,0.0,0.0,-0.0,0,0,0,0,0
7936000,0.0,-0.0,-0.004165869,0.0,0.99999785,0.0,-0.0,-0.0020829332,0.0,0.0,-0.0,0,0,0,0,0
7984000,0.0,-0.0,-0.0041659893,0.0,0.99999785,0.0,-0.0,-0.0020829933,0.0,0.0,-0.0,0,0,0,0,0
8036000,0.0,-0.0,-0.0041660774,0.0,0.99999785,0.0,-0.0,-0.0020830373,0.0,0.0,-0.0,0,0,0,0,0
8084000,0.0,-0.0,-0.0041661044,0.0,0.99999785,0.0,-0.0,-0.0020830508,0.0,0.0,-0.0,0,0,0,0,0
8132000,0.0,-0.0,-0.00416599,0.0,0.99999785,0.0,-0.0,-0.0020829935,0.0,0.0,-0.0,0,0,0,0,0
8185000,0.0,-0.0,-0.0041657723,0.0,0.99999785,0.0,-0.0,-0.0020828848,0.0,0.0,-0.0,0,0,0,0,0
8231000,0.0,-0.0,-0.00416552,0.0,0.99999785,0.0,-0.0,-0.0020827586,0.0,0.0,-0.0,0,0,0,0,0
8280000,0.0,-0.0,-0.0041652517,0.0,0.99999785,0.0,-0.0,-0.0020826245,0.0,0.0,-0.0,0,0,0,0,0
8336000,0.0,-0.0,-0.00416481,0.0,0.99999785,0.0,-0.0,-0.0020824035,0.0,0.0,-0.0,0,0,0,0,0
8385000,0.0,-0.0,-0.0041643353,0.0,0.99999785,0.0,-0.0,-0.0020821663,0.0,0.0,-0.0,0,0,0,0,0
8432000,0.0,-0.0,-0.0041638734,0.0,0.99999785,0.0,-0.0,-0.0020819353,0.0,0.0,-0.0,0,0,0,0,0
8484000,0.0,-0.0,-0.004163135,0.0,0.99999785,0.0,-0.0,-0.002081566,0.0,0.0,-0.0,0,0,0,0,0
8536000,0.0,-0.0,-0.0041623125,0.0,0.99999785,0.0,-0.0,-0.0020811548,0.0,0.0,-0.0,0,0,0,0,0
8580000,0.0,-0.0,-0.00416159,0.0,0.99999785,0.0,-0.0,-0.0020807935,0.0,0.0,-0.0,0,0,0,0,0
8636000,0.0,-0.0,-0.0041608196,0.0,0.99999785,0.0,-0.0,-0.0020804084,0.0,0.0,-0.0,0,0,0,0,0
8684000,0.0,-0.0,-0.004160032,0.0,0.99999785,0.0,-0.0,-0.0020800147,0.0,0.0,-0.0,0,0,0,0,0
8736000,0.0,-0.0,-0.0041592317,0.0,0.99999785,0.0,-0.0,-0.0020796144,0.0,0.0,-0.0,0,0,0,0,0
8785000,0.0,-0.0,-0.0041583567,0.0,0.99999785,0.0,-0.0,-0.002079177,0.0,0.0,-0.0,0,0,0,0,0
8836000,0.0,-0.0,-0.0041574826,0.0,0.99999785,0.0,-0.0,-0.00207874,0.0,0.0,-0.0,0,0,0,0,0
8884000,0.0,-0.0,-0.0041565895,0.0,0.99999785,0.0,-0.0,-0.0020782934,0.0,0.0,-0.0,0,0,0,0,0
8936000,0.0,-0.0,-0.0041555073,0.0,0.99999785,0.0,-0.0,-0.0020777523,0.0,0.0,-0.0,0,0,0,0,0
8980000,0.0,-0.0,-0.004154557,0.0,0.99999785,0.0,-0.0,-0.002077277,0.0,0.0,-0.0,0,0,0,0,0
9036000,0.0,-0.0,-0.004153237,0.0,0.99999785,0.0,-0.0,-0.0020766172,0.0,0.0,-0.0,0,0,0,0,0
9084000,0.0,-0.0,-0.004152127,0.0,0.99999785,0.0,-0.0,-0.0020760621,0.0,0.0,-0.0,0,0,0,0,0
9132000,0.0,-0.0,-0.004150997,0.0,0.99999785,0.0,-0.0,-0.002075497,0.0,0.0,-0.0,0,0,0,0,0
9185000,0.0,-0.0,-0.0041497797,0.0,0.99999785,0.0,-0.0,-0.0020748884,0.0,0.0,-0.0,0,0,0,0,0
9236000,0.0,-0.0,-0.0041486844,0.0,0.99999785,0.0,-0.0,-0.0020743408,0.0,0.0,-0.0,0,0,0,0,0
9285000,0.0,-0.0,-0.0041475575,0.0,0.99999785,0.0,-0.0,-0.0020737774,0.0,0.0,-0.0,0,0,0,0,0
9336000,0.0,-0.0,-0.0041464437,0.0,0.99999785,0.0,-0.0,-0.0020732204,0.0,0.0,-0.0,0,0,0,0,0
9384000,0.0,-0.0,-0.0041452106,0.0,0.99999785,0.0,-0.0,-0.002072604,0.0,0.0,-0.0,0,0,0,0,0
9436000,0.0,-0.0,-0.0041439077,0.0,0.99999785,0.0,-0.0,-0.0020719524,0.0,0.0,-0.0,0,0,0,0,0
9484000,0.0,-0.0,-0.004142996,0.0,0.99999785,0.0,-0.0,-0.0020714966,0.0,0.0,-0.0,0,0,0,0,0
9536000,0.0,-0.0,-0.004141751,0.0,0.99999785,0.0,-0.0,-0.0020708742,0.0,0.0,-0.0,0,0,0,0,0
9588000,0.0,-0.0,-0.0041406103,0.0,0.99999785,0.0,-0.0,-0.0020703038,0.0,0.0,-0.0,0,0,0,0,0
9636000,0.0,-0.0,-0.0041395323,0.0,0.99999785,0.0,-0.0,-0.0020697648,0.0,0.0,-0.0,0,0,0,0,0
9680000,0.0,-0.0,-0.0041386513,0.0,0.99999785,0.0,-0.0,-0.0020693243,0.0,0.0,-0.0,0,0,0,0,0
9732000,0.0,-0.0,-0.004137329,0.0,0.99999785,0.0,-0.0,-0.002068663,0.0,0.0,-0.0,0,0,0,0,0
9784000,0.0,-0.0,-0.004136288,0.0,0.99999785,0.0,-0.0,-0.0020681426,0.0,0.0,-0.0,0,0,0,0,0
9832000,0.0,-0.0,-0.0041353595,0.0,0.99999785,0.0,-0.0,-0.0020676784,0.0,0.0,-0.0,0,0,0,0,0
9884000,0.0,-0.0,-0.004134478,0.0,0.99999785,0.0,-0.0,-0.0020672376,0.0,0.0,-0.0,0,0,0,0,0
9929000,0.0,-0.0,-0.004133661,0.0,0.99999785,0.0,-0.0,-0.002066829,0.0,0.0,-0.0,0,0,0,0,0
9980000,0.0,-0.0,-0.0041326834,0.0,0.99999785,0.0,-0.0,-0.0020663403,0.0,0.0,-0.0,0,0,0,0,0
10036000,0.0,-0.0,-0.004131674,0.0,0.99999785,0.0,-0.0,-0.0020658355,0.0,0.0,-0.0,0,0,0,0,0
10085000,0.0,-0.0,-0.0041308384,0.0,0.99999785,0.0,-0.0,-0.0020654178,0.0,0.0,-0.0,0,0,0,0,0
10133000,0.0,-0.0,-0.004130076,0.0,0.99999785,0.0,-0.0,-0.0020650367,0.0,0.0,-0.0,0,0,0,0,0
10184000,0.0,-0.0,-0.0041294503,0.0,0.99999785,0.0,-0.0,-0.0020647238,0.0,0.0,-0.0,0,0,0,0,0
10232000,0.0,-0.0,-0.0041283006,0.0,0.99999785,0.0,-0.0,-0.002064149,0.0,0.0,-0.0,0,0,0,0,0
10284000,0.0,-0.0,-0.004127561,0.0,0.99999785,0.0,-0.0,-0.0020637792,0.0,0.0,-0.0,0,0,0,0,0
10340000,0.0,-0.0,-0.0041286726,0.0,0.99999785,0.0,-0.0,-0.002064335,0.0,0.0,-0.0,0,0,0,0,0
10384000,0.0,-0.0,-0.0041317446,0.0,0.99999785,0.0,-0.0,-0.002065871,0.0,0.0,-0.0,0,0,0,0,0
10436000,0.0,-0.0,-0.0041406383,0.0,0.99999785,0.0,-0.0,-0.0020703177,0.0,0.0,-0.0,0,0,0,0,0
10484000,0.0,-0.0,-0.0041523487,0.0,0.99999785,0.0,-0.0,-0.002076173,0.0,0.0,-0.0,0,0,0,0,0
10532000,0.0,-0.0,-0.004168832,0.0,0.99999785,0.0,-0.0,-0.0020844147,0.0,0.0,-0.0,0,0,0,0,0
10585000,0.0,-0.0,-0.0041896603,0.0,0.9999978,0.0,-0.0,-0.0020948285,0.0,0.0,-0.0,0,0,0,0,0
10636000,0.0,-0.0,-0.0042099673,0.0,0.9999978,0.0,-0.0,-0.002104982,0.0,0.0,-0.0,0,0,0,0,0
10685000,0.0,-0.0,-0.0042320294,0.0,0.99999774,0.0,-0.0,-0.002116013,0.0,0.0,-0.0,0,0,0,0,0
10740000,0.0,-0.0,-0.004253215,0.0,0.99999774,0.0,-0.0,-0.002126606,0.0,0.0,-0.0,0,0,0,0,0
10784000,0.0,-0.0,-0.004277199,0.0,0.99999774,0.0,-0.0,-0.002138598,0.0,0.0,-0.0,0,0,0,0,0
10836000,0.0,-0.0,-0.004302936,0.0,0.9999977,0.0,-0.0,-0.0021514664,0.0,0.0,-0.0,0,0,0,0,0
10885000,0.0,-0.0,-0.0043274425,0.0,0.9999977,0.0,-0.0,-0.0021637196,0.0,0.0,-0.0,0,0,0,0,0
10932000,0.0,-0.0,-0.004350351,0.0,0.9999976,0.0,-0.0,-0.002175174,0.0,0.0,-0.0,0,0,0,0,0
10980000,0.0,-0.0,-0.004376537,0.0,0.9999976,0.0,-0.0,-0.0021882667,0.0,0.0,-0.0,0,0,0,0,0
11032000,0.0,-0.0,-0.004410238,0.0,0.99999756,0.0,-0.0,-0.0022051171,0.0,0.0,-0.0,0,0,0,0,0
11076000,-0.0,-0.0,-0.0044388575,0.0,0.99999756,-0.0,0.0,-0.0022194271,0.0,0.0,-0.001,0,0,0,0,0
11125000,-0.0,-0.0,-0.0044712843,0.0,0.9999975,-0.0,0.0,-0.0022356405,0.0,0.0,-0.001,0,0,0,0,0
11184000,-0.0,-0.0,-0.004516815,0.0,0.99999744,-0.0,0.0,-0.0022584056,0.0,0.0,-0.001,0,0,0,0,0
11224000,-0.0,-0.0,-0.004546122,0.0,0.99999744,-0.0,0.0,-0.0022730592,0.0,0.0,-0.001,0,0,0,0,0
11285000,-0.0,-0.0,-0.0045884973,0.0,0.9999974,-0.0,0.0,-0.0022942468,0.0,0.0,-0.001,0,0,0,0,0
11336000,-0.0,-0.0,-0.004627384,0.0,0.9999973,-0.0,0.0,-0.0023136903,0.0,0.0,-0.001,0,0,0,0,0
11377000,-0.0,-0.0,-0.004663592,0.0,0.99999726,-0.0,0.0,-0.002331794,0.0,0.0,-0.001,0,0,0,0,0
11425000,-0.0,-0.0,-0.0047132648,0.0,0.9999972,-0.0,0.0,-0.0023566305,0.0,0.0,-0.001,0,0,0,0,0
11480000,-0.0,-0.0,-0.004772098,0.0,0.99999714,-0.0,0.0,-0.0023860466,0.0,0.0,-0.001,0,0,0,0,0
11524000,-0.0,-0.0,-0.0048278184,0.0,0.9999971,-0.0,0.0,-0.0024139073,0.0,0.0,-0.001,0,0,0,0,0
11584000,-0.0,-0.0,-0.0048987414,0.0,0.999997,-0.0,0.0,-0.0024493681,0.0,0.0,-0.001,0,0,0,0,0
11624000,-0.0,-0.0,-0.0049447366,0.0,0.99999696,-0.0,0.0,-0.002472366,0.0,0.0,-0.001,0,0,0,0,0
11676000,-0.0,-0.0,-0.0049965275,0.0,0.9999969,-0.0,0.0,-0.002498261,0.0,0.0,-0.001,0,0,0,0,0
11737000,-0.0,-0.0,-0.0050546527,0.0,0.9999968,-0.0,0.0,-0.0025273238,0.0,0.0,-0.001,0,0,0,0,0
11777000,-0.0,-0.0,-0.0050918185,0.0,0.9999968,-0.0,0.0,-0.0025459067,0.0,0.0,-0.001,0,0,0,0,0
11825000,-0.0,-0.0,-0.005150949,0.0,0.9999967,-0.0,0.0,-0.002575472,0.0,0.0,-0.001,0,0,0,0,0
11876000,-0.0,-0.0,-0.0052119684,0.0,0.9999966,-0.0,0.0,-0.0026059814,0.0,0.0,-0.001,0,0,0,0,0
11925000,-0.0,-0.0,-0.005276701,0.0,0.99999654,-0.0,0.0,-0.0026383474,0.0,0.0,-0.001,0,0,0,0,0
11976000,-0.0,-0.0,-0.0053418344,0.0,0.9999964,-0.0,0.0,-0.0026709142,0.0,0.0,-0.001,0,0,0,0,0
12024000,-0.0,-0.0,-0.005397205,0.0,0.99999636,-0.0,0.0,-0.0026985994,0.0,0.0,-0.001,0,0,0,0,0
12084000,-0.0,-0.0,-0.005457075,0.0,0.99999624,-0.0,0.0,-0.0027285342,0.0,0.0,-0.001,0,0,0,0,0
12124000,-0.0,-0.0,-0.0054943142,0.0,0.99999624,-0.0,0.0,-0.0027471539,0.0,0.0,-0.001,0,0,0,0,0
12176000,-0.0,-0.0,-0.005541424,0.0,0.9999962,-0.0,0.0,-0.0027707084,0.0,0.0,-0.001,0,0,0,0,0
12225000,-0.0,-0.0,-0.0055989358,0.0,0.99999607,-0.0,0.0,-0.0027994644,0.0,0.0,-0.001,0,0,0,0,0
12276000,-0.0,-0.0,-0.005677296,0.0,0.99999595,-0.0,0.0,-0.0028386442,0.0,0.0,-0.001,0,0,0,0,0
12325000,-0.0,-0.0,-0.0057459204,0.0,0.9999959,-0.0,0.0,-0.0028729562,0.0,0.0,-0.001,0,0,0,0,0
12376000,-0.0,-0.0,-0.0058161844,0.0,0.99999577,-0.0,0.0,-0.0029080885,0.0,0.0,-0.001,0,0,0,0,0
12428000,-0.0,-0.0,-0.00586332,0.0,0.9999957,-0.0,0.0,-0.0029316559,0.0,0.0,-0.001,0,0,0,0,0
12476000,-0.0,-0.0,-0.0058942935,0.0,0.99999565,-0.0,0.0,-0.0029471428,0.0,0.0,-0.001,0,0,0,0,0
12537000,-0.0,-0.0,-0.00590835,0.0,0.99999565,-0.0,0.0,-0.0029541708,0.0,0.0,-0.001,0,0,0,0,0
12585000,-0.0,-0.0,-0.005908537,0.0,0.99999565,-0.0,0.0,-0.0029542644,0.0,0.0,-0.001,0,0,0,0,0
12628000,-0.0,-0.0,-0.005905863,0.0,0.99999565,-0.0,0.0,-0.0029529275,0.0,0.0,-0.001,0,0,0,0,0
12680000,-0.0,-0.0,-0.0059010372,0.0,0.99999565,-0.0,0.0,-0.0029505144,0.0,0.0,-0.001,0,0,0,0,0
12725000,-0.0,-0.0,-0.00589527,0.0,0.99999565,-0.0,0.0,-0.0029476313,0.0,0.0,-0.001,0,0,0,0,0
12776000,-0.0,-0.0,-0.005886918,0.0,0.9999957,-0.0,0.0,-0.0029434548,0.0,0.0,-0.001,0,0,0,0,0
12824000,-0.0,-0.0,-0.00587919,0.0,0.99999565,-0.0,0.0,-0.002939591,0.0,0.0,-0.001,0,0,0,0,0
12877000,-0.0,-0.0,-0.005871895,0.0,0.9999957,-0.0,0.0,-0.0029359432,0.0,0.0,-0.001,0,0,0,0,0
12936000,-0.0,-0.0,-0.0058601457,0.0,0.9999957,-0.0,0.0,-0.0029300686,0.0,0.0,-0.001,0,0,0,0,0
12976000,-0.0,-0.0,-0.005848184,0.0,0.9999957,-0.0,0.0,-0.002924088,0.0,0.0,-0.001,0,0,0,0,0
13028000,-0.0,-0.0,-0.005833257,0.0,0.99999577,-0.0,0.0,-0.0029166245,0.0,0.0,-0.001,0,0,0,0,0
13076000,-0.0,-0.0,-0.005815915,0.0,0.99999577,-0.0,0.0,-0.002907954,0.0,0.0,-0.001,0,0,0,0,0
13128000,-0.0,-0.0,-0.0057945177,0.0,0.9999958,-0.0,0.0,-0.002897255,0.0,0.0,-0.001,0,0,0,0,0
13176000,-0.0,-0.0,-0.005770353,0.0,0.9999958,-0.0,0.0,-0.0028851728,0.0,0.0,-0.001,0,0,0,0,0
13228000,-0.0,-0.0,-0.0057479064,0.0,0.9999959,-0.0,0.0,-0.0028739495,0.0,0.0,-0.001,0,0,0,0,0
13277000,-0.0,-0.0,-0.005719124,0.0,0.9999959,-0.0,0.0,-0.0028595582,0.0,0.0,-0.001,0,0,0,0,0
13324000,-0.0,-0.0,-0.0056971232,0.0,0.99999595,-0.0,0.0,-0.002848558,0.0,0.0,-0.001,0,0,0,0,0
13376000,-0.0,-0.0,-0.0056717084,0.0,0.99999595,-0.0,0.0,-0.0028358505,0.0,0.0,-0.001,0,0,0,0,0
13424000,-0.0,-0.0,-0.005649975,0.0,0.999996,-0.0,0.0,-0.0028249838,0.0,0.0,-0.001,0,0,0,0,0
13477000,-0.0,-0.0,-0.005628414,0.0,0.99999607,-0.0,0.0,-0.0028142037,0.0,0.0,-0.001,0,0,0,0,0
13524000,-0.0,-0.0,-0.005603614,0.0,0.99999607,-0.0,0.0,-0.0028018032,0.0,0.0,-0.001,0,0,0,0,0
13576000,-0.0,-0.0,-0.005567313,0.0,0.9999961,-0.0,0.0,-0.0027836533,0.0,0.0,-0.001,0,0,0,0,0
13628000,-0.0,-0.0,-0.005529969,0.0,0.9999962,-0.0,0.0,-0.002764981,0.0,0.0,-0.001,0,0,0,0,0
13684000,-0.0,-0.0,-0.00546778,0.0,0.99999624,-0.0,0.0,-0.0027338867,0.0,0.0,-0.001,0,0,0,0,0
13725000,-0.0,-0.0,-0.005423216,0.0,0.99999636,-0.0,0.0,-0.002711605,0.0,0.0,-0.001,0,0,0,0,0
13784000,-0.0,-0.0,-0.0053513283,0.0,0.9999964,-0.0,0.0,-0.0026756611,0.0,0.0,-0.001,0,0,0,0,0
13828000,-0.0,-0.0,-0.0053053396,0.0,0.9999965,-0.0,0.0,-0.002652667,0.0,0.0,-0.001,0,0,0,0,0
13884000,-0.0,-0.0,-0.00523394,0.0,0.99999654,-0.0,0.0,-0.0026169673,0.0,0.0,-0.001,0,0,0,0,0
13928000,-0.0,-0.0,-0.005187895,0.0,0.9999966,-0.0,0.0,-0.002593945,0.0,0.0,-0.001,0,0,0,0,0
13984000,-0.0,-0.0,-0.0051365164,0.0,0.9999967,-0.0,0.0,-0.0025682556,0.0,0.0,-0.001,0,0,0,0,0
14024000,-0.0,-0.0,-0.005112191,0.0,0.9999967,-0.0,0.0,-0.0025560933,0.0,0.0,-0.001,0,0,0,0,0
14076000,-0.0,-0.0,-0.0050861146,0.0,0.9999968,-0.0,0.0,-0.0025430545,0.0,0.0,-0.001,0,0,0,0,0
14136000,-0.0,-0.0,-0.005076211,0.0,0.9999968,-0.0,0.0,-0.002538103,0.0,0.0,-0.001,0,0,0,0,0
14176000,-0.0,-0.0,-0.0050786333,0.0,0.9999968,-0.0,0.0,-0.002539314,0.0,0.0,-0.001,0,0,0,0,0
14237000,-0.0,-0.0,-0.0050963056,0.0,0.9999967,-0.0,0.0,-0.0025481505,0.0,0.0,-0.001,0,0,0,0,0
14284000,-0.0,-0.0,-0.0051212767,0.0,0.9999967,-0.0,0.0,-0.0025606358,0.0,0.0,-0.001,0,0,0,0,0
14328000,-0.0,-0.0,-0.0051423875,0.0,0.99999666,-0.0,0.0,-0.002571191,0.0,0.0,-0.001,0,0,0,0,0
14384000,-0.0,-0.0,-0.0051713726,0.0,0.99999666,-0.0,0.0,-0.0025856835,0.0,0.0,-0.001,0,0,0,0,0
14425000,-0.0,-0.0,-0.005184915,0.0,0.99999666,-0.0,0.0,-0.0025924547,0.0,0.0,-0.001,0,0,0,0,0
14484000,-0.0,-0.0,-0.00519142,0.0,0.9999966,-0.0,0.0,-0.0025957075,0.0,0.0,-0.001,0,0,0,0,0
14524000,-0.0,-0.0,-0.0051889964,0.0,0.9999966,-0.0,0.0,-0.0025944957,0.0,0.0,-0.001,0,0,0,0,0
14576000,-0.0,-0.0,-0.0051786625,0.0,0.99999666,-0.0,0.0,-0.0025893282,0.0,0.0,-0.001,0,0,0,0,0
14624000,-0.0,-0.0,-0.0051644784,0.0,0.99999666,-0.0,0.0,-0.0025822367,0.0,0.0,-0.001,0,0,0,0,0
14688000,-0.0,-0.0,-0.005144701,0.0,0.99999666,-0.0,0.0,-0.0025723476,0.0,0.0,-0.001,0,0,0,0,0
14724000,-0.0,-0.0,-0.0051329895,0.0,0.9999967,-0.0,0.0,-0.0025664922,0.0,0.0,-0.001,0,0,0,0,0
14773000,-0.0,-0.0,-0.0051209745,0.0,0.9999967,-0.0,0.0,-0.0025604847,0.0,0.0,-0.001,0,0,0,0,0
14824000,-0.0,-0.0,-0.005116353,0.0,0.9999967,-0.0,0.0,-0.002558174,0.0,0.0,-0.001,0,0,0,0,0
14873000,-0.0,-0.0,-0.005120448,0.0,0.9999967,-0.0,0.0,-0.0025602214,0.0,0.0,-0.001,0,0,0,0,0
14924000,-0.0,-0.0,-0.0051334063,0.0,0.9999967,-0.0,0.0,-0.0025667006,0.0,0.0,-0.001,0,0,0,0,0
14976000,-0.0,-0.0,-0.005152028,0.0,0.9999967,-0.0,0.0,-0.0025760115,0.0,0.0,-0.001,0,0,0,0,0
15036000,-0.0,-0.0,-0.0051745884,0.0,0.99999666,-0.0,0.0,-0.0025872914,0.0,0.0,-0.001,0,0,0,0,0
15084000,-0.0,-0.0,-0.005194932,0.0,0.9999966,-0.0,0.0,-0.0025974636,0.0,0.0,-0.001,0,0,0,0,0
15124000,-0.0,-0.0,-0.005211986,0.0,0.9999966,-0.0,0.0,-0.0026059903,0.0,0.0,-0.001,0,0,0,0,0
15176000,-0.0,-0.0,-0.005233829,0.0,0.99999654,-0.0,0.0,-0.0026169117,0.0,0.0,-0.001,0,0,0,0,0
15224000,-0.0,-0.0,-0.005255064,0.0,0.99999654,-0.0,0.0,-0.0026275292,0.0,0.0,-0.001,0,0,0,0,0
15276000,-0.0,-0.0,-0.0052845064,0.0,0.9999965,-0.0,0.0,-0.0026422506,0.0,0.0,-0.001,0,0,0,0,0
15328000,-0.0,-0.0,-0.005313269,0.0,0.9999965,-0.0,0.0,-0.0026566314,0.0,0.0,-0.001,0,0,0,0,0
15385000,-0.0,-0.0,-0.0053542685,0.0,0.9999964,-0.0,0.0,-0.0026771312,0.0,0.0,-0.001,0,0,0,0,0
15436000,-0.0,-0.0,-0.0053879833,0.0,0.99999636,-0.0,0.0,-0.0026939888,0.0,0.0,-0.001,0,0,0,0,0
15476000,-0.0,-0.0,-0.005420813,0.0,0.99999636,-0.0,0.0,-0.0027104034,0.0,0.0,-0.001,0,0,0,0,0
15536000,-0.0,-0.0,-0.0054626814,0.0,0.99999624,-0.0,0.0,-0.0027313377,0.0,0.0,-0.001,0,0,0,0,0
15576000,-0.0,-0.0,-0.0054917294,0.0,0.99999624,-0.0,0.0,-0.0027458614,0.0,0.0,-0.001,0,0,0,0,0
15624000,-0.0,-0.0,-0.0055290307,0.0,0.9999962,-0.0,0.0,-0.0027645119,0.0,0.0,-0.001,0,0,0,0,0
15684000,-0.0,-0.0,-0.005574703,0.0,0.9999961,-0.0,0.0,-0.0027873483,0.0,0.0,-0.001,0,0,0,0,0
15728000,-0.0,-0.0,-0.0056041377,0.0,0.99999607,-0.0,0.0,-0.002802065,0.0,0.0,-0.001,0,0,0,0,0
15784000,-0.0,-0.0,-0.005641279,0.0,0.999996,-0.0,0.0,-0.002820636,0.0,0.0,-0.001,0,0,0,0,0
15828000,-0.0,-0.0,-0.005662251,0.0,0.999996,-0.0,0.0,-0.0028311217,0.0,0.0,-0.001,0,0,0,0,0
15885000,-0.0,-0.0,-0.005687451,0.0,0.99999595,-0.0,0.0,-0.002843722,0.0,0.0,-0.001,0,0,0,0,0
15925000,-0.0,-0.0,-0.0056973784,0.0,0.99999595,-0.0,0.0,-0.0028486855,0.0,0.0,-0.001,0,0,0,0,0
15984000,-0.0,-0.0,-0.005701788,0.0,0.99999595,-0.0,0.0,-0.0028508904,0.0,0.0,-0.001,0,0,0,0,0
16025000,-0.0,-0.0,-0.0056961663,0.0,0.99999595,-0.0,0.0,-0.0028480794,0.0,0.0,-0.001,0,0,0,0,0
16084000,-0.0,-0.0,-0.005679164,0.0,0.999996,-0.0,0.0,-0.0028395783,0.0,0.0,-0.001,0,0,0,0,0
16136000,-0.0,-0.0,-0.005655369,0.0,0.999996,-0.0,0.0,-0.0028276807,0.0,0.0,-0.001,0,0,0,0,0
16185000,-0.0,-0.0,-0.005627652,0.0,0.99999607,-0.0,0.0,-0.0028138228,0.0,0.0,-0.001,0,0,0,0,0
16224000,-0.0,-0.0,-0.0056024296,0.0,0.99999607,-0.0,0.0,-0.002801211,0.0,0.0,-0.001,0,0,0,0,0
16288000,-0.0,-0.0,-0.0055673304,0.0,0.9999961,-0.0,0.0,-0.002783662,0.0,0.0,-0.001,0,0,0,0,0
16328000,-0.0,-0.0,-0.0055462867,0.0,0.9999961,-0.0,0.0,-0.00277314,0.0,0.0,-0.001,0,0,0,0,0
16385000,-0.0,-0.0,-0.005519532,0.0,0.9999962,-0.0,0.0,-0.0027597628,0.0,0.0,-0.001,0,0,0,0,0
16436000,-0.0,-0.0,-0.0055000223,0.0,0.9999962,-0.0,0.0,-0.0027500077,0.0,0.0,-0.001,0,0,0,0,0
16476000,-0.0,-0.0,-0.0054873778,0.0,0.99999624,-0.0,0.0,-0.0027436859,0.0,0.0,-0.001,0,0,0,0,0
16536000,-0.0,-0.0,-0.0054768445,0.0,0.99999624,-0.0,0.0,-0.0027384195,0.0,0.0,-0.001,0,0,0,0,0
16584000,-0.0,-0.0,-0.00547167,0.0,0.99999624,-0.0,0.0,-0.0027358318,0.0,0.0,-0.001,0,0,0,0,0
16633000,-0.0,-0.0,-0.005471601,0.0,0.99999624,-0.0,0.0,-0.0027357973,0.0,0.0,-0.001,0,0,0,0,0
16676000,-0.0,-0.0,-0.0054749805,0.0,0.99999624,-0.0,0.0,-0.002737487,0.0,0.0,-0.001,0,0,0,0,0
16728000,-0.0,-0.0,-0.0054816105,0.0,0.99999624,-0.0,0.0,-0.002740802,0.0,0.0,-0.001,0,0,0,0,0
16776000,-0.0,-0.0,-0.0054894374,0.0,0.99999624,-0.0,0.0,-0.0027447152,0.0,0.0,-0.001,0,0,0,0,0
16832000,-0.0,-0.0,-0.005497787,0.0,0.99999624,-0.0,0.0,-0.0027488905,0.0,0.0,-0.001,0,0,0,0,0
16885000,-0.0,-0.0,-0.005504889,0.0,0.9999962,-0.0,0.0,-0.002752441,0.0,0.0,-0.001,0,0,0,0,0
16928000,-0.0,-0.0,-0.005509043,0.0,0.99999624,-0.0,0.0,-0.0027545185,0.0,0.0,-0.001,0,0,0,0,0
16976000,-0.0,-0.0,-0.005513268,0.0,0.9999962,-0.0,0.0,-0.0027566305,0.0,0.0,-0.001,0,0,0,0,0
17036000,-0.0,-0.0,-0.0055199037,0.0,0.9999962,-0.0,0.0,-0.0027599486,0.0,0.0,-0.001,0,0,0,0,0
17076000,-0.0,-0.0,-0.0055256835,0.0,0.9999962,-0.0,0.0,-0.0027628383,0.0,0.0,-0.001,0,0,0,0,0
17124000,-0.0,-0.0,-0.005534018,0.0,0.9999962,-0.0,0.0,-0.0027670052,0.0,0.0,-0.001,0,0,0,0,0
17180000,-0.0,-0.0,-0.005540999,0.0,0.9999962,-0.0,0.0,-0.002770496,0.0,0.0,-0.001,0,0,0,0,0
17236000,-0.0,-0.0,-0.0055465596,0.0,0.9999961,-0.0,0.0,-0.0027732765,0.0,0.0,-0.001,0,0,0,0,0
17276000,-0.0,-0.0,-0.005545911,0.0,0.9999961,-0.0,0.0,-0.0027729522,0.0,0.0,-0.001,0,0,0,0,0
17336000,-0.0,-0.0,-0.0055347728,0.0,0.9999962,-0.0,0.0,-0.0027673827,0.0,0.0,-0.001,0,0,0,0,0
17376000,-0.0,-0.0,-0.0055212025,0.0,0.9999962,-0.0,0.0,-0.0027605977,0.0,0.0,-0.001,0,0,0,0,0
17436000,-0.0,-0.0,-0.0054952,0.0,0.99999624,-0.0,0.0,-0.0027475967,0.0,0.0,-0.001,0,0,0,0,0
17477000,-0.0,-0.0,-0.005471089,0.0,0.99999624,-0.0,0.0,-0.0027355412,0.0,0.0,-0.001,0,0,0,0,0
17524000,-0.0,-0.0,-0.005440156,0.0,0.9999963,-0.0,0.0,-0.0027200745,0.0,0.0,-0.001,0,0,0,0,0
17576000,-0.0,-0.0,-0.0054054824,0.0,0.99999636,-0.0,0.0,-0.002702738,0.0,0.0,-0.001,0,0,0,0,0
17625000,-0.0,-0.0,-0.00537016,0.0,0.99999636,-0.0,0.0,-0.0026850773,0.0,0.0,-0.001,0,0,0,0,0
17676000,-0.0,-0.0,-0.0053361473,0.0,0.9999964,-0.0,0.0,-0.0026680706,0.0,0.0,-0.001,0,0,0,0,0
17725000,-0.0,-0.0,-0.0053044925,0.0,0.9999965,-0.0,0.0,-0.0026522435,0.0,0.0,-0.001,0,0,0,0,0
17784000,-0.0,-0.0,-0.0052693435,0.0,0.99999654,-0.0,0.0,-0.0026346687,0.0,0.0,-0.001,0,0,0,0,0
17824000,-0.0,-0.0,-0.0052494463,0.0,0.99999654,-0.0,0.0,-0.0026247203,0.0,0.0,-0.001,0,0,0,0,0
17876000,-0.0,-0.0,-0.0052259937,0.0,0.9999966,-0.0,0.0,-0.002612994,0.0,0.0,-0.001,0,0,0,0,0
17925000,-0.0,-0.0,-0.005209402,0.0,0.9999966,-0.0,0.0,-0.0026046985,0.0,0.0,-0.001,0,0,0,0,0
17985000,-0.0,-0.0,-0.0051934896,0.0,0.9999966,-0.0,0.0,-0.0025967422,0.0,0.0,-0.001,0,0,0,0,0
18037000,-0.0,-0.0,-0.005183062,0.0,0.99999666,-0.0,0.0,-0.0025915282,0.0,0.0,-0.001,0,0,0,0,0
18085000,-0.0,-0.0,-0.0051739756,0.0,0.99999666,-0.0,0.0,-0.002586985,0.0,0.0,-0.001,0,0,0,0,0
18124000,-0.0,-0.0,-0.005168882,0.0,0.99999666,-0.0,0.0,-0.0025844383,0.0,0.0,-0.001,0,0,0,0,0
18176000,-0.0,-0.0,-0.0051628193,0.0,0.99999666,-0.0,0.0,-0.002581407,0.0,0.0,-0.001,0,0,0,0,0
18224000,-0.0,-0.0,-0.005158781,0.0,0.99999666,-0.0,0.0,-0.0025793877,0.0,0.0,-0.001,0,0,0,0,0
18276000,-0.0,-0.0,-0.005155192,0.0,0.99999666,-0.0,0.0,-0.0025775933,0.0,0.0,-0.001,0,0,0,0,0
18324000,0.0008077505,-0.012763424,0.0,0.0,0.99997956,0.00040386707,-0.0063816686,2.577398e-06,0.0,0.0,-0.011813891,0,0,0,0,0
18377000,0.00015179011,-0.012152329,0.0,0.0,0.9999816,7.589366e-05,-0.0060761273,4.6114803e-07,0.0,0.0,-0.021497764,0,0,0,0,0
18424000,-0.0007402211,-0.011115316,0.0,0.0,0.9999845,-0.00037010483,-0.005557629,-2.0569373e-06,0.0,0.0,-0.02866595,0,0,0,0,0
18476000,-0.001516664,-0.010823526,0.0,0.0,0.9999851,-0.0007583208,-0.005411735,-4.1038925e-06,0.0,0.0,-0.03920575,0,0,0,0,0
18528000,-0.002373139,-0.010606885,0.0,0.0,0.9999852,-0.0011865526,-0.0053034136,-6.2928716e-06,0.0,0.0,-0.050502542,0,0,0,0,0
18584000,-0.0033820574,-0.010254263,0.0,0.0,0.9999854,-0.0016910058,-0.0051271017,-8.670085e-06,0.0,0.0,-0.06094692,0,0,0,0,0
18628000,-0.004008172,-0.01026116,0.0,0.0,0.99998486,-0.002004058,-0.0051305476,-1.0282072e-05,0.0,0.0,-0.069277674,0,0,0,0,0
18676000,-0.004495153,-0.009805288,0.0,0.0,0.99998546,-0.0022475475,-0.004902612,-1.1019014e-05,0.0,0.0,-0.08134665,0,0,0,0,0
18725000,-0.0044725137,-0.008701895,0.0,0.0,0.9999881,-0.0022362336,-0.0043509225,-9.729798e-06,0.0,0.0,-0.0964556,0,0,0,0,0
18776000,-0.0042164777,-0.007420173,0.0,0.0,0.9999909,-0.002108223,-0.00371007,-7.821725e-06,0.0,0.0,-0.1043541,0,0,0,0,0
18824000,-0.0037586794,-0.0059751314,0.0,0.0,0.9999938,-0.00187933,-0.002987556,-5.614639e-06,0.0,0.0,-0.12548596,0,0,0,0,0
18884000,-0.0032295226,-0.0044014393,0.0,0.0,0.99999624,-0.0016147565,-0.0022007148,-3.553632e-06,0.0,0.0,-0.13279645,0,0,0,0,0
18924000,-0.002711322,-0.0029364643,0.0,0.0,0.99999803,-0.0013556592,-0.0014682303,-1.990424e-06,0.0,0.0,-0.15676084,0,0,0,0,0
18976000,-0.002237287,-0.0016562492,0.0,0.0,0.99999905,-0.0011186429,-0.00082812394,-9.2637583e-07,0.0,0.0,-0.16130614,0,0,0,0,0
19025000,-0.0015739279,0.00016169822,0.0,0.0,0.9999997,-0.0007869639,8.084909e-05,6.362533e-08,0.0,0.0,-0.18836132,0,0,0,0,0
19084000,-0.0013036539,0.0013699514,0.0,0.0,0.9999996,-0.0006518268,0.00068497553,4.4648556e-07,0.0,0.0,-0.19585128,0,0,0,0,0
19124000,-0.0012561617,0.0018192423,0.0,0.0,0.9999994,-0.00062808057,0.0009096207,5.7131547e-07,0.0,0.0,-0.21702713,0,0,0,0,0
19176000,-0.0012614647,0.0023328231,0.0,0.0,0.99999917,-0.00063073187,0.001166411,7.356932e-07,0.0,0.0,-0.24267344,0,0,0,0,0
19236000,-0.0016143065,0.0026098972,0.0,0.0,0.9999988,-0.0008071524,0.0013049477,1.0532929e-06,0.0,0.0,-0.24586412,0,0,0,0,0
19276000,-0.0018628356,0.0030666715,0.0,0.0,0.9999984,-0.0009314166,0.0015333345,1.4281754e-06,0.0,0.0,-0.271855,0,0,0,0,0
19328000,-0.0024821495,0.004118934,0.0,0.0,0.9999971,-0.0012410718,0.0020594639,2.55595e-06,0.0,0.0,-0.30025932,0,0,0,0,0
19376000,-0.003013141,0.0050725006,0.0,0.0,0.99999565,-0.0015065653,0.0025362447,3.8210346e-06,0.0,0.0,-0.29273492,0,0,0,0,0
19424000,-0.0034229297,0.006584731,0.0,0.0,0.99999315,-0.0017114547,0.0032923548,5.6347544e-06,0.0,0.0,-0.32795036,0,0,0,0,0
19485000,-0.0032548544,0.008337588,0.0,0.0,0.99999,-0.0016274122,0.0041687763,6.784385e-06,0.0,0.0,-0.36054283,0,0,0,0,0
19524000,-0.002777928,0.009894633,0.0,0.0,0.9999868,-0.0013889465,0.0049472917,6.871614e-06,0.0,0.0,-0.35253742,0,0,0,0,0
19584000,-0.0017069145,0.01181285,0.0,0.0,0.9999822,-0.0008534423,0.0059063886,5.040851e-06,0.0,0.0,-0.37609538,0,0,0,0,0
19628000,-0.00048623112,0.012756368,0.0,0.0,0.9999796,-0.0002431106,0.0063781408,1.5506251e-06,0.0,0.0,-0.42681822,0,0,0,0,0
19676000,0.0007014656,0.01403713,0.0,0.0,0.9999753,0.00035072412,0.0070185065,-2.4616204e-06,0.0,0.0,-0.4116074,0,0,0,0,0
19724000,0.003025477,0.013448779,0.0,0.0,0.9999762,0.001512704,0.0067243315,-1.01721635e-05,0.0,0.0,-0.472961,0,0,0,0,0
19776000,0.00422771,0.01403377,0.0,0.0,0.9999732,0.0021138014,0.0070168115,-1.4832542e-05,0.0,0.0,-0.45553508,0,0,0,0,0
19833000,0.0064211963,0.012261431,0.0,0.0,0.99997604,0.0032105322,0.006130645,-1.9683106e-05,0.0,0.0,-0.5152104,0,0,0,0,0
19885000,0.006257422,0.015127332,0.0,0.0,0.9999665,0.003128616,0.0075635565,-2.3664257e-05,0.0,0.0,-0.50457704,0,0,0,0,0
19925000,0.005823348,0.0138088865,0.0,0.0,0.9999719,0.0029116007,0.0069043594,-2.01033e-05,0.0,0.0,-0.5233593,0,0,0,0,0
19976000,0.005069618,0.012673884,0.0,0.0,0.9999767,0.0025347555,0.00633688,-1.6062813e-05,0.0,0.0,-0.5555607,0,0,0,0,0
20036000,0.0027744055,0.011776833,0.0,0.0,0.9999817,0.0013871785,0.0058883773,-8.168379e-06,0.0,0.0,-0.58016676,0,0,0,0,0
20076000,0.0014560528,0.010433833,0.0,0.0,0.9999862,0.0007280164,0.0052168914,-3.7980353e-06,0.0,0.0,-0.5876574,0,0,0,0,0
20125000,-0.00082690676,0.0073992447,0.0,0.0,0.9999931,-0.00041345053,0.0036996135,1.5296177e-06,0.0,0.0,-0.59090376,0,0,0,0,0
20176000,-0.0023964278,0.004843917,0.0,0.0,0.99999636,-0.0011982103,0.0024219544,2.9020212e-06,0.0,0.0,-0.58368146,0,0,0,0,0
20224000,-0.0044253953,0.0014532813,0.0,0.0,0.9999973,-0.0022126953,0.00072663877,1.6078345e-06,0.0,0.0,-0.555714,0,0,0,0,0
20284000,-0.0064332862,-0.001612841,0.0,0.0,0.9999945,-0.0032166364,-0.00080641627,-2.593962e-06,0.0,0.0,-0.53040457,0,0,0,0,0
20336000,-0.008105594,-0.00394981,0.0,0.0,0.99998987,-0.004052778,-0.0019748872,-8.003861e-06,0.0,0.0,-0.5189206,0,0,0,0,0
20385000,-0.00975836,-0.00619764,0.0,0.0,0.9999833,-0.004879137,-0.003098778,-1.51196155e-05,0.0,0.0,-0.5145691,0,0,0,0,0
20436000,-0.0112234065,-0.008289147,0.0,0.0,0.9999757,-0.005611625,-0.0041444963,-2.3257926e-05,0.0,0.0,-0.51328474,0,0,0,0,0
20484000,-0.012542108,-0.0101577025,0.0,0.0,0.99996746,-0.006270932,-0.0050787292,-3.1849402e-05,0.0,0.0,-0.51383567,0,0,0,0,0
20524000,-0.0133449575,-0.011415877,0.0,0.0,0.99996144,-0.0066723204,-0.0057077804,-3.808561e-05,0.0,0.0,-0.51471746,0,0,0,0,0
20576000,-0.013924748,-0.012518638,0.0,0.0,0.99995613,-0.0069621815,-0.0062591266,-4.3579083e-05,0.0,0.0,-0.5161433,0,0,0,0,0
20625000,-0.0145195,-0.013344284,0.0,0.0,0.99995136,-0.007259525,-0.006671917,-4.8437305e-05,0.0,0.0,-0.51759446,0,0,0,0,0
20676000,-0.014819387,-0.013737003,0.0,0.0,0.9999489,-0.0074094515,-0.00686826,-5.0892628e-05,0.0,0.0,-0.5191865,0,0,0,0,0
20736000,-0.01492746,-0.013327473,0.0,0.0,0.99994993,-0.0074634952,-0.0066635013,-4.97355e-05,0.0,0.0,-0.5211977,0,0,0,0,0
20780000,-0.014676712,-0.01293829,0.0,0.0,0.99995214,-0.0073381374,-0.0064689256,-4.7472135e-05,0.0,0.0,-0.52261627,0,0,0,0,0
20836000,-0.0143439155,-0.011876517,0.0,0.0,0.99995667,-0.0071717687,-0.0059380704,-4.2588315e-05,0.0,0.0,-0.52444565,0,0,0,0,0
20876000,-0.013776435,-0.011043457,0.0,0.0,0.999961,-0.006888058,-0.0055215694,-3.8034374e-05,0.0,0.0,-0.5256198,0,0,0,0,0
20936000,-0.012229956,-0.009032358,0.0,0.0,0.9999711,-0.0061148778,-0.0045160796,-2.761607e-05,0.0,0.0,-0.52713597,0,0,0,0,0
20984000,-0.010610439,-0.0073537393,0.0,0.0,0.99997914,-0.005305159,-0.0036768096,-1.9506466e-05,0.0,0.0,-0.5283102,0,0,0,0,0
21028000,-0.009070956,-0.0060078925,0.0,0.0,0.9999852,-0.0045354413,-0.0030039106,-1.36242625e-05,0.0,0.0,-0.5290716,0,0,0,0,0
21085000,-0.006140024,-0.004281233,0.0,0.0,0.999993,-0.0030700003,-0.0021406051,-6.5717036e-06,0.0,0.0,-0.52986217,0,0,0,0,0
21124000,-0.0035128896,-0.0031922169,0.0,0.0,0.99999714,-0.0017564414,-0.0015961052,-2.8034733e-06,0.0,0.0,-0.5303879,0,0,0,0,0
21184000,3.8877886e-05,-0.0018907059,0.0,0.0,0.9999995,1.9438934e-05,-0.00094535283,1.837666e-08,0.0,0.0,-0.53073156,0,0,0,0,0
21224000,0.0025659746,-0.0010223396,0.0,0.0,0.99999905,0.0012829868,-0.0005111693,6.5582407e-07,0.0,0.0,-0.53079927,0,0,0,0,0
21284000,0.005423284,0.00018097258,0.0,0.0,0.9999963,0.0027116388,9.0485955e-05,-2.4536615e-07,0.0,0.0,-0.5304237,0,0,0,0,0
21324000,0.0070857527,0.0010258348,0.0,0.0,0.99999356,0.0035428684,0.00051291415,-1.817199e-06,0.0,0.0,-0.5299344,0,0,0,0,0
21380000,0.008666616,0.0018890492,0.0,0.0,0.99999017,0.0043332926,0.00094451563,-4.0929026e-06,0.0,0.0,-0.5291275,0,0,0,0,0
21424000,0.010425911,0.0028922886,0.0,0.0,0.99998534,0.0052129272,0.0014461242,-7.53865e-06,0.0,0.0,-0.528534,0,0,0,0,0
21476000,0.01138693,0.0034927242,0.0,0.0,0.9999823,0.0056934254,0.0017463327,-9.942792e-06,0.0,0.0,-0.5278903,0,0,0,0,0
21525000,0.012552523,0.004288429,0.0,0.0,0.999978,0.006276206,0.0021441707,-1.3457553e-05,0.0,0.0,-0.52760977,0,0,0,0,0
21576000,0.013260252,0.004846474,0.0,0.0,0.9999751,0.006630058,0.0024231812,-1.6066233e-05,0.0,0.0,-0.5273697,0,0,0,0,0
21636000,0.014065593,0.005593368,0.0,0.0,0.9999714,0.007032711,0.002796611,-1.966832e-05,0.0,0.0,-0.5272275,0,0,0,0,0
21676000,0.0144424215,0.006052892,0.0,0.0,0.99996936,0.0072211144,0.0030263625,-2.1854381e-05,0.0,0.0,-0.5270366,0,0,0,0,0
21733000,0.015113119,0.0070172767,0.0,0.0,0.9999653,0.007556441,0.0035085308,-2.6512927e-05,0.0,0.0,-0.52636147,0,0,0,0,0
21785000,0.015380337,0.0073138685,0.0,0.0,0.99996376,0.0076900404,0.0036568178,-2.8122096e-05,0.0,0.0,-0.5259586,0,0,0,0,0
21836000,0.015611335,0.007442733,0.0,0.0,0.9999626,0.0078055346,0.0037212446,-2.9047389e-05,0.0,0.0,-0.52542675,0,0,0,0,0
21884000,0.01605118,0.006755707,0.0,0.0,0.9999621,0.008025458,0.003377738,-2.7108923e-05,0.0,0.0,-0.52515143,0,0,0,0,0
21924000,0.016399108,0.005768494,0.0,0.0,0.9999623,0.008199428,0.002884146,-2.364924e-05,0.0,0.0,-0.5248556,0,0,0,0,0
21984000,0.016776513,0.004243999,0.0,0.0,0.99996257,0.00838814,0.0021219233,-1.7799655e-05,0.0,0.0,-0.5248924,0,0,0,0,0
22028000,0.016866494,0.0031205767,0.0,0.0,0.9999632,0.008433137,0.0015602324,-1.31581355e-05,0.0,0.0,-0.5250512,0,0,0,0,0
22076000,0.017209232,0.002203173,0.0,0.0,0.9999624,0.008604504,0.0011015454,-9.478608e-06,0.0,0.0,-0.52554923,0,0,0,0,0
22125000,0.017654033,0.0017137582,0.0,0.0,0.99996066,0.008826899,0.0008568456,-7.5635867e-06,0.0,0.0,-0.5266014,0,0,0,0,0
22176000,0.017631635,0.0013490173,0.0,0.0,0.99996096,0.008815701,0.0006744824,-5.946267e-06,0.0,0.0,-0.5276754,0,0,0,0,0
22225000,0.017753895,0.0011438304,0.0,0.0,0.9999604,0.008876829,0.00057189265,-5.0767944e-06,0.0,0.0,-0.5287379,0,0,0,0,0
22284000,0.017164137,0.00066535996,0.0,0.0,0.9999631,0.008581963,0.00033266773,-2.8550473e-06,0.0,0.0,-0.52924955,0,0,0,0,0
22325000,0.016332332,0.0002263295,0.0,0.0,0.9999667,0.008166077,0.00011316098,-9.2411204e-07,0.0,0.0,-0.52908516,0,0,0,0,0
22376000,0.015221235,-0.0002477797,0.0,0.0,0.99997103,0.0076105436,-0.00012388628,9.428691e-07,0.0,0.0,-0.5288338,0,0,0,0,0
22432000,0.013578421,-0.00080139766,0.0,0.0,0.9999769,0.0067891576,-0.00040068958,2.7204076e-06,0.0,0.0,-0.5284976,0,0,0,0,0
22480000,0.012007705,-0.0012209055,0.0,0.0,0.9999818,0.006003815,-0.00061044167,3.6650458e-06,0.0,0.0,-0.5286277,0,0,0,0,0
22536000,0.009877334,-0.0016046715,0.0,0.0,0.9999875,0.0049386458,-0.0008023259,3.962453e-06,0.0,0.0,-0.5290579,0,0,0,0,0
22576000,0.008439935,-0.0018093871,0.0,0.0,0.9999907,0.0042199525,-0.00090468535,3.817765e-06,0.0,0.0,-0.5295068,0,0,0,0,0
22624000,0.006388784,-0.0020015885,0.0,0.0,0.9999944,0.003194385,-0.001000789,3.1969232e-06,0.0,0.0,-0.5302332,0,0,0,0,0
22676000,0.004666589,-0.0022725195,0.0,0.0,0.99999666,0.0023332906,-0.0011362565,2.6512257e-06,0.0,0.0,-0.5307357,0,0,0,0,0
22725000,0.002870983,-0.0027805655,0.0,0.0,0.99999803,0.0014354897,-0.001390281,1.995738e-06,0.0,0.0,-0.5313133,0,0,0,0,0
22784000,0.0011098315,-0.0033415654,0.0,0.0,0.99999845,0.000554915,-0.0016707815,9.271431e-07,0.0,0.0,-0.5317554,0,0,0,0,0
22828000,7.683848e-05,-0.003685644,0.0,0.0,0.9999983,3.8419177e-05,-0.0018428209,7.079978e-08,0.0,0.0,-0.53186595,0,0,0,0,0
22885000,-0.0010176759,-0.0043028705,0.0,0.0,0.99999756,-0.0005088368,-0.0021514334,-1.094731e-06,0.0,0.0,-0.5318217,0,0,0,0,0
22936000,-0.0015770164,-0.004785882,0.0,0.0,0.99999684,-0.000788506,-0.0023929381,-1.8868517e-06,0.0,0.0,-0.53124785,0,0,0,0,0
22976000,-0.0019589786,-0.0051305424,0.0,0.0,0.99999624,-0.000979486,-0.0025652675,-2.5126528e-06,0.0,0.0,-0.53087705,0,0,0,0,0
23037000,-0.0023258054,-0.0057528615,0.0,0.0,0.9999952,-0.0011628976,-0.0028764247,-3.3450033e-06,0.0,0.0,-0.5305146,0,0,0,0,0
23076000,-0.0026815252,-0.0061345245,0.0,0.0,0.9999944,-0.0013407558,-0.0030672546,-4.112462e-06,0.0,0.0,-0.5307149,0,0,0,0,0
23124000,-0.0033195259,-0.0067531927,0.0,0.0,0.99999297,-0.0016597527,-0.0033765852,-5.6043364e-06,0.0,0.0,-0.53183913,0,0,0,0,0
23176000,-0.0038670416,-0.0071392814,0.0,0.0,0.9999918,-0.0019335073,-0.0035696262,-6.9019557e-06,0.0,0.0,-0.5328122,0,0,0,0,0
23224000,-0.004349821,-0.007738043,0.0,0.0,0.99999017,-0.0021748925,-0.0038690027,-8.414748e-06,0.0,0.0,-0.5340253,0,0,0,0,0
23284000,-0.004448733,-0.008300699,0.0,0.0,0.9999889,-0.0022243452,-0.0041503278,-9.231864e-06,0.0,0.0,-0.53438044,0,0,0,0,0
23325000,-0.00426339,-0.008669809,0.0,0.0,0.9999883,-0.002131673,-0.0043348814,-9.240657e-06,0.0,0.0,-0.53419966,0,0,0,0,0
23372000,-0.008167611,-0.0015972438,0.00042656084,0.0,0.9999913,-0.0040836222,-0.0007994862,0.00021001717,0.0,0.0,-0.48528042,0,0,0,0,0
23432000,-0.0072403876,-0.0016284343,0.00041139824,0.0,0.9999931,-0.0036200166,-0.0008149563,0.00020275009,0.0,0.0,-0.49444786,0,0,0,0,0
23476000,-0.0066786204,-0.0017886296,0.00041405333,0.0,0.999994,-0.0033391176,-0.00089500105,0.00020403905,0.0,0.0,-0.50909615,0,0,0,0,0
23525000,-0.006093109,-0.0018453592,0.000418158,0.0,0.9999949,-0.0030463554,-0.0009233121,0.00020626695,0.0,0.0,-0.52204496,0,0,0,0,0
23576000,-0.006005378,-0.002548212,0.0,0.0,0.9999947,-0.003002682,-0.0012740999,-3.825737e-06,0.0,0.0,-0.5336778,0,0,0,0,0
23628000,-0.0058652023,-0.0028975506,0.0,0.0,0.99999464,-0.0029325937,-0.0014487685,-4.248672e-06,0.0,0.0,-0.53938735,0,0,0,0,0
23676000,-0.005786917,-0.0032403856,0.0,0.0,0.9999945,-0.0028934507,-0.0016201853,-4.6879527e-06,0.0,0.0,-0.5411053,0,0,0,0,0
23725000,-0.006044881,-0.003694173,0.0,0.0,0.99999374,-0.0030224305,-0.0018470769,-5.5826968e-06,0.0,0.0,-0.5403629,0,0,0,0,0
23776000,-0.0061156936,-0.003940513,0.0,0.0,0.9999934,-0.0030578363,-0.001970246,-6.024729e-06,0.0,0.0,-0.538704,0,0,0,0,0
23824000,-0.006285311,-0.0042512915,0.0,0.0,0.9999928,-0.0031426433,-0.0021256334,-6.6801563e-06,0.0,0.0,-0.5366947,0,0,0,0,0
23884000,-0.0059771007,-0.0043579605,0.0,0.0,0.99999315,-0.002988539,-0.0021789689,-6.5119766e-06,0.0,0.0,-0.5350051,0,0,0,0,0
23924000,-0.005546974,-0.0043384945,0.0,0.0,0.9999938,-0.002773477,-0.0021692375,-6.016367e-06,0.0,0.0,-0.53444076,0,0,0,0,0
23984000,-0.004725153,-0.0040810076,0.0,0.0,0.9999951,-0.0023625693,-0.0020404968,-4.8208385e-06,0.0,0.0,-0.53418535,0,0,0,0,0
24028000,-0.004073332,-0.0037635248,0.0,0.0,0.9999962,-0.0020366607,-0.0018817573,-3.832516e-06,0.0,0.0,-0.53427684,0,0,0,0,0
24085000,-0.0029690552,-0.00305034,0.0,0.0,0.99999774,-0.0014845253,-0.0015251678,-2.2641555e-06,0.0,0.0,-0.53481054,0,0,0,0,0
24136000,-0.0018824467,-0.0021911312,0.0,0.0,0.9999989,-0.0009412226,-0.0010955648,-1.0311715e-06,0.0,0.0,-0.5354117,0,0,0,0,0
24184000,-0.000956094,-0.0012124652,0.0,0.0,0.9999997,-0.00047804692,-0.00060623256,-2.8980767e-07,0.0,0.0,-0.5359053,0,0,0,0,0
24228000,-0.00022722766,-0.00025995556,0.0,0.0,1.0,-0.00011361382,-0.00012997777,-1.4767273e-08,0.0,0.0,-0.53610545,0,0,0,0,0
24285000,7.353335e-05,0.0008425251,0.0,0.0,0.9999999,3.6766673e-05,0.00042126255,-1.5488423e-08,0.0,0.0,-0.53600335,0,0,0,0,0
24336000,6.237239e-05,0.0019213535,0.0,0.0,0.9999995,3.118618e-05,0.0009606766,-2.9959846e-08,0.0,0.0,-0.5353491,0,0,0,0,0
24384000,-0.00018437878,0.0029034244,0.0,0.0,0.9999989,-9.2189286e-05,0.0014517115,1.3383239e-07,0.0,0.0,-0.5345941,0,0,0,0,0
24436000,-0.00054183527,0.0037432,0.0,0.0,0.9999982,-0.00027091717,0.0018715989,5.0704915e-07,0.0,0.0,-0.5335939,0,0,0,0,0
24476000,-0.0007514996,0.0042743827,0.0,0.0,0.9999977,-0.00037574896,0.0021371897,8.0304864e-07,0.0,0.0,-0.5329045,0,0,0,0,0
24524000,-0.0010499585,0.004879794,0.0,0.0,0.9999969,-0.0005249777,0.002439894,1.2808939e-06,0.0,0.0,-0.5317434,0,0,0,0,0
24573000,-0.001259726,0.0053230366,0.0,0.0,0.9999963,-0.00062986073,0.0026615143,1.6763896e-06,0.0,0.0,-0.5309137,0,0,0,0,0
24628000,-0.0014401342,0.0056057065,0.0,0.0,0.9999958,-0.0007200643,0.0028028488,2.0182397e-06,0.0,0.0,-0.5301129,0,0,0,0,0
24676000,-0.0017018616,0.0060071014,0.0,0.0,0.9999952,-0.0008509269,0.003003545,2.5558097e-06,0.0,0.0,-0.52982813,0,0,0,0,0
24736000,-0.0023279467,0.006717566,0.0,0.0,0.9999937,-0.0011639664,0.0033587744,3.9095253e-06,0.0,0.0,-0.5303081,0,0,0,0,0
24776000,-0.0026971472,0.0070588267,0.0,0.0,0.99999285,-0.001348565,0.003529403,4.7596627e-06,0.0,0.0,-0.5307877,0,0,0,0,0
24836000,-0.0033732944,0.007647103,0.0,0.0,0.99999124,-0.001686634,0.003823537,6.448963e-06,0.0,0.0,-0.5317141,0,0,0,0,0
24876000,-0.0037602335,0.0078459745,0.0,0.0,0.9999905,-0.0018801013,0.0039229705,7.3756514e-06,0.0,0.0,-0.53211,0,0,0,0,0
24932000,-0.004232126,0.007848732,0.0,0.0,0.9999901,-0.002116045,0.003924347,8.304177e-06,0.0,0.0,-0.5327094,0,0,0,0,0
24976000,-0.0047170613,0.007943823,0.0,0.0,0.99998933,-0.00235851,0.00397189,9.367842e-06,0.0,0.0,-0.53318995,0,0,0,0,0
25025000,-0.005071181,0.0077225715,0.0,0.0,0.99998933,-0.002535569,0.0038612639,9.790604e-06,0.0,0.0,-0.53373957,0,0,0,0,0
25085000,-0.005167341,0.007209558,0.0,0.0,0.99999017,-0.002583651,0.0036047592,9.313531e-06,0.0,0.0,-0.53424615,0,0,0,0,0
25136000,-0.0050699823,0.0065997466,0.0,0.0,0.99999136,-0.0025349746,0.0032998568,8.365126e-06,0.0,0.0,-0.5348661,0,0,0,0,0
25176000,-0.004877738,0.0061222427,0.0,0.0,0.9999924,-0.0024388551,0.0030611074,7.4656546e-06,0.0,0.0,-0.5351595,0,0,0,0,0
25224000,-0.004507207,0.005443729,0.0,0.0,0.99999374,-0.0022535932,0.0027218543,6.1339906e-06,0.0,0.0,-0.5357105,0,0,0,0,0
25276000,-0.0039816834,0.0048091467,0.0,0.0,0.9999951,-0.0019908345,0.0024045662,4.7871163e-06,0.0,0.0,-0.5356195,0,0,0,0,0
25325000,-0.0032862052,0.0042484873,0.0,0.0,0.9999964,-0.001643098,0.0021242392,3.4903458e-06,0.0,0.0,-0.53566504,0,0,0,0,0
25376000,-0.002538701,0.0037015446,0.0,0.0,0.9999975,-0.001269348,0.0018507699,2.3492769e-06,0.0,0.0,-0.53522956,0,0,0,0,0
25424000,-0.001622793,0.0033100492,0.0,0.0,0.9999983,-0.00081139535,0.0016550234,1.3428804e-06,0.0,0.0,-0.53472626,0,0,0,0,0
25480000,-0.0007024552,0.0028231938,0.0,0.0,0.9999989,-0.0003512272,0.0014115963,4.957915e-07,0.0,0.0,-0.5335207,0,0,0,0,0
25532000,0.0004512701,0.0025673504,0.0,0.0,0.99999917,0.00022563484,0.0012836746,-2.89642e-07,0.0,0.0,-0.5319796,0,0,0,0,0
25576000,0.0013207732,0.002299764,0.0,0.0,0.9999991,0.0006603861,0.0011498813,-7.5936634e-07,0.0,0.0,-0.5310546,0,0,0,0,0
25628000,0.0024668411,0.0021548902,0.0,0.0,0.9999986,0.0012334195,0.0010774442,-1.3289425e-06,0.0,0.0,-0.52979213,0,0,0,0,0
25676000,0.0032948374,0.0019511086,0.0,0.0,0.99999815,0.0016474172,0.00097555283,-1.6071454e-06,0.0,0.0,-0.5290933,0,0,0,0,0
25725000,0.0040150424,0.002006455,0.0,0.0,0.9999975,0.002007519,0.0010032253,-2.0139987e-06,0.0,0.0,-0.5285056,0,0,0,0,0
25776000,0.0045636958,0.0018685439,0.0,0.0,0.99999696,0.0022818446,0.00093426945,-2.1318642e-06,0.0,0.0,-0.5283127,0,0,0,0,0
25825000,0.004954277,0.001862637,0.0,0.0,0.9999965,0.002477135,0.0009313156,-2.3070022e-06,0.0,0.0,-0.527983,0,0,0,0,0
25884000,0.005323223,0.0016664446,0.0,0.0,0.9999961,0.002661607,0.00083321915,-2.2177107e-06,0.0,0.0,-0.52774197,0,0,0,0,0
25924000,0.005463051,0.0014085665,0.0,0.0,0.999996,0.0027315216,0.00070428057,-1.923765e-06,0.0,0.0,-0.5272764,0,0,0,0,0
25984000,0.0055623422,0.00094304595,0.0,0.0,0.999996,0.002781167,0.00047152117,-1.3113843e-06,0.0,0.0,-0.5270084,0,0,0,0,0
26024000,0.0055491626,0.00044867178,0.0,0.0,0.9999961,0.0027745776,0.00022433502,-6.2243726e-07,0.0,0.0,-0.52683735,0,0,0,0,0
26084000,0.0054840785,-0.00029141014,0.0,0.0,0.99999624,0.0027420358,-0.00014570451,3.9952852e-07,0.0,0.0,-0.5270642,0,0,0,0,0
26124000,0.005415963,-0.0010885823,0.0,0.0,0.9999962,0.0027079778,-0.0005442891,1.4739286e-06,0.0,0.0,-0.52756196,0,0,0,0,0
26188000,0.0052990634,-0.002055666,0.0,0.0,0.99999595,0.0026495273,-0.0010278292,2.7232727e-06,0.0,0.0,-0.528626,0,0,0,0,0
26228000,0.005329061,-0.002925096,0.0,0.0,0.99999535,0.0026645244,-0.0014625423,3.896998e-06,0.0,0.0,-0.5295141,0,0,0,0,0
26285000,0.0053863744,-0.004050439,0.0,0.0,0.99999434,0.0026931786,-0.0020252108,5.4542857e-06,0.0,0.0,-0.5306076,0,0,0,0,0
26324000,0.0055745025,-0.005031047,0.0,0.0,0.99999297,0.0027872385,-0.0025155107,7.0113783e-06,0.0,0.0,-0.5316586,0,0,0,0,0
26373000,0.0056431727,-0.0058274213,0.0,0.0,0.9999918,0.0028215707,-0.0029136948,8.221263e-06,0.0,0.0,-0.5324849,0,0,0,0,0
26424000,0.00613868,-0.0070750187,0.0,0.0,0.99998903,0.0030693163,-0.0035374854,1.085778e-05,0.0,0.0,-0.533613,0,0,0,0,0
26476000,0.006300704,-0.007766556,0.0,0.0,0.9999875,0.0031503227,-0.003883249,1.22336405e-05,0.0,0.0,-0.5340419,0,0,0,0,0
26536000,0.0071129445,-0.009060288,0.0,0.0,0.99998343,0.0035564282,-0.0045300997,1.611124e-05,0.0,0.0,-0.53464955,0,0,0,0,0
26577000,0.0073461337,-0.00954544,0.0,0.0,0.9999819,0.0036730166,-0.0047726696,1.7530412e-05,0.0,0.0,-0.53471214,0,0,0,0,0
26624000,0.007694514,-0.01018616,0.0,0.0,0.9999796,0.0038471976,-0.00509302,1.9594254e-05,0.0,0.0,-0.53487986,0,0,0,0,0
26684000,0.007743536,-0.010432765,0.0,0.0,0.9999789,0.0038717054,-0.005216319,2.0196478e-05,0.0,0.0,-0.5344731,0,0,0,0,0
26725000,0.007218752,-0.009988288,0.0,0.0,0.99998105,0.0036093234,-0.004994091,1.8025632e-05,0.0,0.0,-0.5340047,0,0,0,0,0
26776000,0.006737477,-0.009563556,0.0,0.0,0.9999829,0.0033686939,-0.0047817323,1.6108468e-05,0.0,0.0,-0.533397,0,0,0,0,0
26824000,0.0062452257,-0.008637455,0.0,0.0,0.99998575,0.0031225786,-0.004318694,1.3485651e-05,0.0,0.0,-0.53251314,0,0,0,0,0
26876000,0.005717816,-0.007764744,0.0,0.0,0.9999884,0.0028588823,-0.0038823464,1.10993005e-05,0.0,0.0,-0.5316701,0,0,0,0,0
26924000,0.005707414,-0.0063827927,0.0,0.0,0.9999908,0.0028536886,-0.003191378,9.1072825e-06,0.0,0.0,-0.530382,0,0,0,0,0
26985000,0.0055442173,-0.0050878874,0.0,0.0,0.99999297,0.002772096,-0.0025439311,7.0520714e-06,0.0,0.0,-0.5292708,0,0,0,0,0
27036000,0.005968956,-0.0038776167,0.0,0.0,0.9999937,0.0029844677,-0.0019387983,5.7863176e-06,0.0,0.0,-0.5288648,0,0,0,0,0
27088000,0.006224566,-0.0030096513,0.0,0.0,0.99999404,0.0031122747,-0.0015048177,4.6834343e-06,0.0,0.0,-0.5290397,0,0,0,0,0
27133000,0.006912691,-0.002370822,0.0,0.0,0.9999933,0.0034563362,-0.0011854037,4.097181e-06,0.0,0.0,-0.52993137,0,0,0,0,0
27184000,0.007073767,-0.0018351785,0.0,0.0,0.9999933,0.0035368742,-0.0009175833,3.2453986e-06,0.0,0.0,-0.53072,0,0,0,0,0
27225000,0.0076350025,-0.001691584,0.0,0.0,0.9999924,0.0038174905,-0.0008457857,3.2288035e-06,0.0,0.0,-0.5313541,0,0,0,0,0
27276000,0.007820346,-0.0014224923,0.0,0.0,0.99999213,0.003910162,-0.00071124063,2.7810881e-06,0.0,0.0,-0.53182024,0,0,0,0,0
27324000,0.008482583,-0.0014813887,0.0,0.0,0.99999076,0.004241278,-0.0007406876,3.1414904e-06,0.0,0.0,-0.53168005,0,0,0,0,0
27384000,0.008701974,-0.001414449,0.0,0.0,0.9999903,0.004350972,-0.0007072178,3.0771146e-06,0.0,0.0,-0.53124344,0,0,0,0,0
27424000,0.009121397,-0.001426689,0.0,0.0,0.99998933,0.0045606815,-0.00071333704,3.2533374e-06,0.0,0.0,-0.5310603,0,0,0,0,0
27484000,0.009201177,-0.0013288046,0.0,0.0,0.9999892,0.004600572,-0.0006643953,3.0566312e-06,0.0,0.0,-0.5309523,0,0,0,0,0
27536000,0.009435086,-0.0010497975,0.0,0.0,0.99998873,0.0047175246,-0.0005248929,2.4762228e-06,0.0,0.0,-0.53169197,0,0,0,0,0
27588000,0.009431261,-0.00083508954,0.0,0.0,0.9999888,0.004715612,-0.0004175401,1.9689794e-06,0.0,0.0,-0.53220093,0,0,0,0,0
27625000,0.009700541,-0.00074326474,0.0,0.0,0.9999882,0.004850251,-0.000371628,1.8025104e-06,0.0,0.0,-0.53257203,0,0,0,0,0
27676000,0.009527029,-0.0005588527,0.0,0.0,0.9999886,0.0047634966,-0.0002794232,1.3310464e-06,0.0,0.0,-0.5326852,0,0,0,0,0
27725000,0.009558377,-0.0006552143,0.0,0.0,0.9999885,0.0047791703,-0.00032760343,1.5656902e-06,0.0,0.0,-0.53244,0,0,0,0,0
27776000,0.009254281,-0.0006542498,0.0,0.0,0.9999893,0.004627124,-0.00032712138,1.5136472e-06,0.0,0.0,-0.5320811,0,0,0,0,0
27825000,0.008635043,-0.00054767996,0.0,0.0,0.99999064,0.0043175076,-0.00027383745,1.1823063e-06,0.0,0.0,-0.53127176,0,0,0,0,0
27876000,0.007922924,-0.0004124784,0.0,0.0,0.99999213,0.003961451,-0.00020623757,8.170065e-07,0.0,0.0,-0.5306058,0,0,0,0,0
27936000,0.0062427376,9.892558e-05,0.0,0.0,0.9999951,0.003121364,4.9462546e-05,-1.5439136e-07,0.0,0.0,-0.52938765,0,0,0,0,0
27976000,0.005313462,0.00037283314,0.0,0.0,0.9999964,0.0026567278,0.00018641591,-4.9525806e-07,0.0,0.0,-0.52887505,0,0,0,0,0
28033000,0.003455165,0.000583441,0.0,0.0,0.99999845,0.0017275816,0.00029172006,-5.03971e-07,0.0,0.0,-0.52807355,0,0,0,0,0
28081000,0.0023275986,0.00073671836,0.0,0.0,0.9999992,0.001163799,0.00036835895,-4.2869607e-07,0.0,0.0,-0.52810675,0,0,0,0,0
28132000,0.0007667575,0.00035684562,0.0,0.0,0.99999994,0.00038337876,0.0001784228,-6.840351e-08,0.0,0.0,-0.5281308,0,0,0,0,0
28172000,0.0,0.0,0.0,0.0,1.0,0.0,0.0,0.0,0.0,0.0,-0.5282904,0,0,0,0,0
28228000,-0.0015198833,-0.00027228968,0.0,0.0,0.9999997,-0.0007599416,-0.0001361448,-1.0346212e-07,0.0,0.0,-0.5285504,0,0,0,0,0
28284000,-0.0024852243,-0.0005108495,0.0,0.0,0.9999992,-0.0012426119,-0.00025542456,-3.1739384e-07,0.0,0.0,-0.52901137,0,0,0,0,0
28324000,-0.0026874777,-0.00063786074,0.0,0.0,0.99999905,-0.0013437384,-0.00031893005,-4.2855893e-07,0.0,0.0,-0.5294612,0,0,0,0,0
28376000,-0.00303605,-0.0006620918,0.0,0.0,0.9999988,-0.0015180242,-0.00033104554,-5.025357e-07,0.0,0.0,-0.5299907,0,0,0,0,0
28424000,-0.0035379531,-0.00059791584,0.0,0.0,0.9999984,-0.0017689756,-0.00029895746,-5.2884934e-07,0.0,0.0,-0.53007674,0,0,0,0,0
28480000,-0.0039874846,-0.00043960375,0.0,0.0,0.999998,-0.0019937407,-0.00021980144,-4.3822794e-07,0.0,0.0,-0.5302322,0,0,0,0,0
28528000,-0.005155607,-5.866637e-05,0.0,0.0,0.99999666,-0.0025778008,-2.9333089e-05,-7.561511e-08,0.0,0.0,-0.52958065,0,0,0,0,0
28584000,-0.008681184,0.0024369003,-0.00012487479,0.0,0.9999898,-0.0043404996,0.0012187095,-5.7147983e-05,0.0,0.0,-0.53198487,0,0,0,0,0
28633000,-0.008494998,0.0025985118,-0.000152339,0.0,0.99999017,-0.004247383,0.0012995673,-7.065018e-05,0.0,0.0,-0.5316768,0,0,0,0,0
28684000,-0.00794418,0.0025040742,-0.00014676015,0.0,0.99999136,-0.0039719837,0.0012523185,-6.8406254e-05,0.0,0.0,-0.5311874,0,0,0,0,0
28736000,-0.0068447734,0.0023667437,-0.00014537017,0.0,0.99999344,-0.0034222915,0.0011836134,-6.863466e-05,0.0,0.0,-0.5306583,0,0,0,0,0
28773000,-0.0062513934,-0.034444347,-0.00016414923,0.0,0.9998468,-0.0031266415,-0.017220981,-0.00013589059,0.0,0.0,-0.53078437,0,0,0,0,0
28836000,-0.005324666,-0.034523766,-0.00016869351,0.0,0.99984753,-0.0026633888,-0.01726074,-0.00013028843,0.0,0.0,-0.5306814,0,0,0,0,0
28885000,-0.0047676004,-0.032385595,-9.620873e-05,0.0,0.99986607,-0.0023842643,-0.01619193,-8.6696586e-05,0.0,0.0,-0.5305478,0,0,0,0,0
28933000,-0.004660646,-0.028549476,-8.145101e-05,0.0,0.9998954,-0.0023306648,-0.014274119,-7.398483e-05,0.0,0.0,-0.53060776,0,0,0,0,0
28976000,-0.0044415384,-0.025825605,-8.003867e-05,0.0,0.99991417,-0.002221099,-0.012912323,-6.8691435e-05,0.0,0.0,-0.530789,0,0,0,0,0
29033000,-0.004641271,-0.021908825,-9.774375e-05,0.0,0.9999373,-0.0023210295,-0.010954049,-7.428948e-05,0.0,0.0,-0.53114563,0,0,0,0,0
29084000,-0.00456286,-0.019382628,-0.0001265635,0.0,0.99995047,-0.002281934,-0.0096909925,-8.53883e-05,0.0,0.0,-0.5314282,0,0,0,0,0
29124000,-0.0050054695,-0.017813668,-0.00014937407,0.0,0.9999572,-0.0025032982,-0.0089065,-9.697497e-05,0.0,0.0,-0.5317312,0,0,0,0,0
29188000,-0.005050754,-0.015818642,-0.00018523303,0.0,0.99996555,-0.0025260278,-0.00790898,-0.00011258711,0.0,0.0,-0.53200823,0,0,0,0,0
29236000,-0.005202001,-0.014484981,-0.00020731581,0.0,0.9999704,-0.0026016806,-0.007242134,-0.00012249239,0.0,0.0,-0.5322104,0,0,0,0,0
29284000,-0.005123305,-0.013349185,-0.00022563155,0.0,0.9999744,-0.0025623457,-0.006674232,-0.00012991074,0.0,0.0,-0.53229594,0,0,0,0,0
29324000,-0.0048719137,-0.012361928,-0.00023612777,0.0,0.9999779,-0.0024366379,-0.006180619,-0.00013311775,0.0,0.0,-0.5324133,0,0,0,0,0
29388000,-0.0044755116,-0.010929186,-0.00024817412,0.0,0.9999826,-0.0022383984,-0.0054642735,-0.00013631325,0.0,0.0,-0.5324176,0,0,0,0,0
29428000,-0.004376647,-0.009925035,-0.00025152948,0.0,0.9999853,-0.0021889193,-0.0049622105,-0.00013662245,0.0,0.0,-0.53237706,0,0,0,0,0
29484000,-0.004202662,-0.008747238,-0.0002536257,0.0,0.9999882,-0.0021018644,-0.004373329,-0.00013600176,0.0,0.0,-0.5322806,0,0,0,0,0
29532000,-0.004309018,-0.007558512,-0.000251541,0.0,0.9999905,-0.002154967,-0.0037789673,-0.00013391173,0.0,0.0,-0.5321029,0,0,0,0,0
29585000,-0.004282796,-0.006515748,-0.00024461493,0.0,0.99999243,-0.002141783,-0.0032575987,-0.00012928294,0.0,0.0,-0.5319955,0,0,0,0,0
29636000,-0.004178892,-0.005453817,-0.00023638699,0.0,0.9999941,-0.002089759,-0.0027266524,-0.00012389054,0.0,0.0,-0.53177726,0,0,0,0,0
29688000,-0.0039833123,-0.0044871652,-0.000225148,0.0,0.99999547,-0.0019919022,-0.0022433521,-0.000117041935,0.0,0.0,-0.5315811,0,0,0,0,0
29724000,-0.0034717422,-0.0040690745,-0.00022089022,0.0,0.9999964,-0.0017360912,-0.002034341,-0.00011397639,0.0,0.0,-0.5313257,0,0,0,0,0
29776000,-0.002981199,-0.0036774834,-0.00021636087,0.0,0.9999972,-0.0014907955,-0.0018385773,-0.00011092096,0.0,0.0,-0.53109294,0,0,0,0,0
29824000,-0.0022047155,-0.003524858,-0.00021841862,0.0,0.99999785,-0.0011025481,-0.0017623066,-0.0001111519,0.0,0.0,-0.5309209,0,0,0,0,0
29876000,-0.0016838334,-0.0033513326,-0.00022480566,0.0,0.9999982,-0.0008421038,-0.0016755703,-0.0001138134,0.0,0.0,-0.5308485,0,0,0,0,0
29936000,-0.00066783786,-0.00360897,-0.00024135872,0.0,0.99999833,-0.00033413616,-0.0018044435,-0.00012128171,0.0,0.0,-0.53095895,0,0,0,0,0
29985000,-0.00024428798,-0.0035125634,-0.00025779015,0.0,0.99999845,-0.00012237017,-0.001756265,-0.00012910941,0.0,0.0,-0.531063,0,0,0,0,0
30036000,0.00045465282,-0.0038950366,-0.00027922363,0.0,0.9999981,0.00022705406,-0.0019475487,-0.00013916881,0.0,0.0,-0.53136796,0,0,0,0,0
30080000,0.0007055875,-0.0038729026,-0.0002642995,0.0,0.9999981,0.00035253714,-0.0019364965,-0.00013146632,0.0,0.0,-0.5315407,0,0,0,0,0
30132000,0.001362699,-0.004262659,-0.00025449216,0.0,0.9999975,0.0006810766,-0.002131414,-0.0001257936,0.0,0.0,-0.5318782,0,0,0,0,0
30184000,0.0017982229,-0.0044198907,-0.00028699895,0.0,0.99999714,0.00089879194,-0.0022100715,-0.00014151208,0.0,0.0,-0.53206,0,0,0,0,0
30236000,0.0018189094,-0.0043433346,-0.0003158441,0.0,0.9999972,0.00090910954,-0.0021718086,-0.0001559466,0.0,0.0,-0.53232735,0,0,0,0,0
30285000,0.0018384313,-0.0042236815,-0.00034160053,0.0,0.9999974,0.0009188527,-0.0021119951,-0.00016885858,0.0,0.0,-0.53245693,0,0,0,0,0
30336000,0.0013101684,-0.0037759154,-0.00036381473,0.0,0.999998,0.00065473956,-0.0018880753,-0.00018067025,0.0,0.0,-0.5326734,0,0,0,0,0
30376000,0.0010921026,-0.0035209644,-0.00037767517,0.0,0.9999983,0.00054571807,-0.0017605842,-0.00018787598,0.0,0.0,-0.53272206,0,0,0,0,0
30432000,0.0006636964,-0.0027901533,-0.00038111565,0.0,0.9999989,0.00033158204,-0.0013951393,-0.00019009468,0.0,0.0,-0.53259695,0,0,0,0,0
30480000,0.00045551022,-0.0023735561,-0.00033734605,0.0,0.9999992,0.00022755477,-0.0011868164,-0.00016840262,0.0,0.0,-0.5325085,0,0,0,0,0
30524000,0.0004155029,-0.0016028638,-0.00029505964,0.0,0.99999964,0.00020763314,-0.0008014624,-0.00014736329,0.0,0.0,-0.5322867,0,0,0,0,0
30588000,0.00040199832,-0.0010722405,-0.00024497963,0.0,0.9999998,0.00020093347,-0.0005361448,-0.00012238204,0.0,0.0,-0.53187835,0,0,0,0,0
30636000,0.00019609295,-0.00066210626,-0.00024779476,0.0,0.99999994,9.800546e-05,-0.00033106527,-0.00012386493,0.0,0.0,-0.53162557,0,0,0,0,0
30685000,-0.0,-0.0,-0.00024977198,0.0,1.0,-0.0,0.0,-0.00012488599,0.0,0.0,-0.5315379,0,0,0,0,0
30728000,-0.00065037864,-0.0002320445,-0.0002495594,0.0,0.99999994,-0.0003252038,-0.000115981675,-0.00012481742,0.0,0.0,-0.53159416,0,0,0,0,0
30776000,-0.00083736895,-0.00011861371,-0.00024726873,0.0,0.9999999,-0.00041869178,-5.9255086e-05,-0.00012365919,0.0,0.0,-0.5316408,0,0,0,0,0
30828000,-0.0013353844,-0.00035227425,-0.00024400892,0.0,0.99999976,-0.00066771376,-0.00017605563,-0.00012212203,0.0,0.0,-0.53186625,0,0,0,0,0
30877000,-0.0015164263,-0.00045149427,-0.00023931576,0.0,0.9999997,-0.0007582402,-0.00022565635,-0.00011982901,0.0,0.0,-0.53197664,0,0,0,0,0
30925000,-0.0017282162,-0.00097323064,-0.00023352152,0.0,0.9999995,-0.00086416473,-0.0004865142,-0.00011718119,0.0,0.0,-0.5322359,0,0,0,0,0
30984000,-0.0017270476,-0.0012438901,-0.00022639464,0.0,0.99999946,-0.00086359394,-0.000621847,-0.00011373433,0.0,0.0,-0.532441,0,0,0,0,0
31024000,-0.001839,-0.001678383,-0.00019752348,0.0,0.9999992,-0.0009195826,-0.00083910034,-9.953331e-05,0.0,0.0,-0.53249776,0,0,0,0,0
31076000,-0.0017999036,-0.0018212266,-0.00017542682,0.0,0.99999917,-0.0009000311,-0.00091053377,-8.853285e-05,0.0,0.0,-0.5324127,0,0,0,0,0
31124000,-0.0021046207,-0.0022599404,-0.00016606055,0.0,0.9999988,-0.0010524032,-0.001129882,-8.421925e-05,0.0,0.0,-0.53213423,0,0,0,0,0
31176000,-0.0021185998,-0.002325064,-0.00015385404,0.0,0.99999875,-0.0010593885,-0.0011624497,-7.815841e-05,0.0,0.0,-0.5318185,0,0,0,0,0
31224000,-0.002354947,-0.0025011934,-0.00014076172,0.0,0.9999985,-0.0011775603,-0.0012505128,-7.1853305e-05,0.0,0.0,-0.5316353,0,0,0,0,0
31276000,-0.0023340972,-0.002448694,-0.00012542628,0.0,0.99999857,-0.0011671241,-0.0012242725,-6.4141925e-05,0.0,0.0,-0.5315377,0,0,0,0,0
31325000,-0.0023897719,-0.0023943898,-0.000109084,0.0,0.99999857,-0.0011949501,-0.0011971287,-5.5972432e-05,0.0,0.0,-0.5316571,0,0,0,0,0
31377000,-0.0023075459,-0.0022728117,-9.051254e-05,0.0,0.9999987,-0.0011538232,-0.0011363527,-4.6567366e-05,0.0,0.0,-0.53179,0,0,0,0,0
31424000,-0.0024272432,-0.0023309656,-7.171585e-05,0.0,0.99999857,-0.001213662,-0.001165438,-3.7272333e-05,0.0,0.0,-0.5318902,0,0,0,0,0
31485000,-0.0023597095,-0.0022186048,-4.423682e-05,0.0,0.9999987,-0.0011798783,-0.0011092753,-2.3427196e-05,0.0,0.0,-0.53189075,0,0,0,0,0
31524000,-0.0026013246,-0.0024713848,-2.7700064e-05,0.0,0.9999984,-0.001300678,-0.001235673,-1.5457228e-05,0.0,0.0,-0.53179365,0,0,0,0,0
31580000,-0.0025397944,-0.0024141313,-3.5941166e-06,0.0,0.99999845,-0.001269898,-0.0012070622,-3.329904e-06,0.0,0.0,-0.53164077,0,0,0,0,0
31625000,-0.0028125783,-0.0025984964,1.867419e-05,0.0,0.9999982,-0.0014062754,-0.0012992596,7.5099615e-06,0.0,0.0,-0.5315679,0,0,0,0,0
31676000,-0.0027440907,-0.0024857726,4.6356505e-05,0.0,0.9999983,-0.0013720152,-0.0012429167,2.147292e-05,0.0,0.0,-0.5315276,0,0,0,0,0
31725000,-0.0028295608,-0.0023629381,7.2487375e-05,0.0,0.9999983,-0.0014147362,-0.001181519,3.457211e-05,0.0,0.0,-0.53151023,0,0,0,0,0
31785000,-0.0027005177,-0.0021234285,0.00010988603,0.0,0.9999985,-0.0013501993,-0.0010617872,5.350935e-05,0.0,0.0,-0.53148526,0,0,0,0,0
31824000,-0.0026562843,-0.0017877833,0.00013299045,0.0,0.99999875,-0.0013280819,-0.0008939791,6.530793e-05,0.0,0.0,-0.5313362,0,0,0,0,0
31876000,-0.002485546,-0.0014719793,0.00016922496,0.0,0.9999989,-0.0012427099,-0.0007360942,8.369773e-05,0.0,0.0,-0.5312111,0,0,0,0,0
31924000,-0.0024477735,-0.0010206662,0.00019923715,0.0,0.9999991,-0.0012238355,-0.00051045464,9.899391e-05,0.0,0.0,-0.530874,0,0,0,0,0
31976000,-0.0022578684,-0.0007105438,0.00023176693,0.0,0.9999993,-0.0011288926,-0.0003554025,0.00011548231,0.0,0.0,-0.5305909,0,0,0,0,0
32028000,-0.0018952866,-0.0003215242,0.00026912332,0.0,0.9999995,-0.0009476214,-0.00016088954,0.00013440923,0.0,0.0,-0.5304599,0,0,0,0,0
32076000,-0.0015813925,-5.0929037e-05,0.0003060879,0.0,0.99999964,-0.0007906921,-2.5585521e-05,0.00015302378,0.0,0.0,-0.5304315,0,0,0,0,0
32124000,-0.001057831,0.00027034525,0.0003424324,0.0,0.9999998,-0.0005289386,0.00013508205,0.00017128768,0.0,0.0,-0.5305904,0,0,0,0,0
32184000,-0.00053019373,0.0004424159,0.0003835991,0.0,0.99999994,-0.0002651393,0.0002211571,0.00019185821,0.0,0.0,-0.53082716,0,0,0,0,0
32225000,-0.00013193974,0.00076068286,0.00041156367,0.0,0.9999999,-6.6048124e-05,0.00038032787,0.00020580692,0.0,0.0,-0.53109354,0,0,0,0,0
32276000,0.00017875756,0.0010202596,0.00044513098,0.0,0.9999998,8.926523e-05,0.00051014964,0.00022251991,0.0,0.0,-0.5313777,0,0,0,0,0
32328000,0.00036447504,0.0014601832,0.000472745,0.0,0.9999997,0.00018206489,0.00073013455,0.00023623942,0.0,0.0,-0.5317795,0,0,0,0,0
32376000,0.000529856,0.0016788973,0.00051038474,0.0,0.9999996,0.0002647137,0.0008395161,0.0002549699,0.0,0.0,-0.5320061,0,0,0,0,0
32425000,0.0006568805,0.0022740602,0.0005384911,0.0,0.9999993,0.00032813387,0.0011371182,0.00026887193,0.0,0.0,-0.5320807,0,0,0,0,0
32476000,0.00072507595,0.0025038368,0.000568782,0.0,0.9999991,0.00036218163,0.0012520211,0.00028393688,0.0,0.0,-0.532048,0,0,0,0,0
32537000,0.0008113375,0.0030973766,0.0006040387,0.0,0.9999987,0.0004052005,0.0015488098,0.0003013907,0.0,0.0,-0.53178835,0,0,0,0,0
32576000,0.0008565571,0.0032726768,0.0006267085,0.0,0.9999985,0.00042776522,0.0016364718,0.000312653,0.0,0.0,-0.53165394,0,0,0,0,0
32628000,0.0008904085,0.003170998,0.0006527691,0.0,0.99999857,0.00044468616,0.0015856434,0.00032567827,0.0,0.0,-0.53161496,0,0,0,0,0
32680000,0.0009319075,0.0030632599,0.00067781657,0.0,0.9999987,0.00046543407,0.0015317869,0.00033819416,0.0,0.0,-0.53160876,0,0,0,0,0
32724000,0.0009853778,0.0026033914,0.000699062,0.0,0.999999,0.0004922335,0.0013018672,0.00034888936,0.0,0.0,-0.53189385,0,0,0,0,0
32776000,0.0009875319,0.0022059106,0.0007221369,0.0,0.9999992,0.0004933674,0.0011031332,0.00036052358,0.0,0.0,-0.53210604,0,0,0,0,0
32833000,0.0009347592,0.00164393,0.00074392173,0.0,0.99999946,0.0004670737,0.0008221386,0.00037157655,0.0,0.0,-0.5322683,0,0,0,0,0
32876000,0.00086020876,0.0013279446,0.0007589061,0.0,0.9999996,0.00042985237,0.0006641354,0.00037916738,0.0,0.0,-0.53221595,0,0,0,0,0
32933000,0.00084790896,0.0010340168,0.000778588,0.0,0.9999997,0.00042375308,0.0005171733,0.00038907476,0.0,0.0,-0.53201187,0,0,0,0,0
32976000,0.000780668,0.00083777093,0.0007938305,0.0,0.99999976,0.00039016764,0.0004190403,0.0003967517,0.0,0.0,-0.53184587,0,0,0,0,0
33024000,0.000975323,0.0006000397,0.0008121989,0.0,0.9999998,0.00048753963,0.00030021783,0.00040595312,0.0,0.0,-0.531766,0,0,0,0,0
33076000,0.0010476786,0.00046224674,0.0008304518,0.0,0.99999976,0.0005237432,0.00023134082,0.00041510473,0.0,0.0,-0.53175974,0,0,0,0,0
33124000,0.0013729582,0.00014944954,0.0008490146,0.0,0.99999964,0.0006864472,7.5016156e-05,0.00042445594,0.0,0.0,-0.5319689,0,0,0,0,0
33184000,0.0015820208,-2.46215e-05,0.00087631,0.0,0.9999996,0.0007910157,-1.1964161e-05,0.00043816466,0.0,0.0,-0.5321149,0,0,0,0,0
33233000,0.0021912386,-0.00029335357,0.00089977245,0.0,0.9999993,0.0010956848,-0.00014618378,0.00045004665,0.0,0.0,-0.5322956,0,0,0,0,0
33280000,0.0022669497,-0.00032580434,0.0009170436,0.0,0.9999992,0.0011335493,-0.00016238233,0.0004587061,0.0,0.0,-0.5323451,0,0,0,0,0
33324000,0.0030504628,-0.000592146,0.0009370819,0.0,0.9999987,0.0015253694,-0.00029535798,0.00046899193,0.0,0.0,-0.5325113,0,0,0,0,0
33373000,0.0033167193,-0.00066594203,0.0009558248,0.0,0.99999845,0.0016585176,-0.00033217797,0.00047846392,0.0,0.0,-0.5325727,0,0,0,0,0
33424000,0.003475365,-0.00044767265,0.00097211864,0.0,0.99999833,0.0017377901,-0.00022299134,0.00048644753,0.0,0.0,-0.53245395,0,0,0,0,0
33476000,0.0034233334,-0.00028726523,0.0009833912,0.0,0.9999984,0.0017117362,-0.00014279077,0.00049194077,0.0,0.0,-0.5322776,0,0,0,0,0
33525000,0.003135234,0.00025433855,0.0009911935,0.0,0.9999986,0.001567553,0.00012794601,0.0004953968,0.0,0.0,-0.5319229,0,0,0,0,0
33584000,0.0028480804,0.00059355155,0.0009967963,0.0,0.99999887,0.0014238918,0.00029748518,0.00049797504,0.0,0.0,-0.5315022,0,0,0,0,0
33636000,0.0023121338,0.0009235401,0.0009990223,0.0,0.9999991,0.0011558357,0.00046234715,0.0004989769,0.0,0.0,-0.5310064,0,0,0,0,0
33676000,0.0020595135,0.001059635,0.0009739972,0.0,0.9999992,0.0010294983,0.0005303186,0.00048645269,0.0,0.0,-0.53078985,0,0,0,0,0
33725000,0.0015485012,0.0011391378,0.0009448397,0.0,0.9999994,0.0007739812,0.0005699344,0.00047197868,0.0,0.0,-0.5304476,0,0,0,0,0
33780000,0.0012263856,0.0011125616,0.00094681367,0.0,0.9999996,0.0006129293,0.00055657094,0.0004730656,0.0,0.0,-0.53030777,0,0,0,0,0
33828000,0.0011015707,0.0013292013,0.00095060404,0.0,0.9999995,0.00055046927,0.00066486216,0.00047493583,0.0,0.0,-0.53011364,0,0,0,0,0
33884000,0.0010115225,0.001440925,0.00095838885,0.0,0.99999946,0.0005054158,0.00072070473,0.00047882987,0.0,0.0,-0.52991724,0,0,0,0,0
33928000,0.0012819386,0.001733724,0.0009663832,0.0,0.9999993,0.00064055005,0.0008671714,0.0004826357,0.0,0.0,-0.52995664,0,0,0,0,0
33976000,0.0014170158,0.0018960246,0.0009775731,0.0,0.99999917,0.00070804404,0.0009483581,0.00048811454,0.0,0.0,-0.5300735,0,0,0,0,0
34036000,0.0018532212,0.0020481641,0.0009916732,0.0,0.9999989,0.000926102,0.0010245406,0.0004948873,0.0,0.0,-0.5300746,0,0,0,0,0
34076000,0.0019974837,0.002058036,0.0010023565,0.0,0.9999988,0.0009982251,0.0010295177,0.00050014997,0.0,0.0,-0.5301131,0,0,0,0,0
34124000,0.0022801955,0.0018068148,0.0010140897,0.0,0.9999988,0.001139639,0.0009039847,0.0005060143,0.0,0.0,-0.52991927,0,0,0,0,0
34184000,0.0024208333,0.0016135168,0.0010269065,0.0,0.9999988,0.0012100014,0.00080737914,0.00051247614,0.0,0.0,-0.52986455,0,0,0,0,0
34224000,0.0024729057,0.0012780266,0.0010335773,0.0,0.9999989,0.0012361216,0.00063965167,0.00051599805,0.0,0.0,-0.529748,0,0,0,0,0
34280000,0.002346267,0.0010254505,0.0010403568,0.0,0.99999905,0.0011728662,0.000513335,0.0005195764,0.0,0.0,-0.5298428,0,0,0,0,0
34324000,0.0022701651,0.00067021715,0.0010440819,0.0,0.99999917,0.0011349071,0.00033570087,0.00052166014,0.0,0.0,-0.52973217,0,0,0,0,0
34376000,0.0020870105,0.00041754363,0.0010200023,0.0,0.99999934,0.0010433984,0.00020930386,0.000509783,0.0,0.0,-0.52982306,0,0,0,0,0
34424000,0.001726043,-3.1754724e-05,0.0009853571,0.0,0.9999995,0.0008630291,-1.5452162e-05,0.0004926921,0.0,0.0,-0.5298756,0,0,0,0,0
34484000,0.0013575762,-0.00025364597,0.0009832514,0.0,0.99999964,0.0006788502,-0.00012648922,0.0004917116,0.0,0.0,-0.53009516,0,0,0,0,0
34528000,0.00095121015,-0.0009398611,0.0009468408,0.0,0.99999964,0.00047582743,-0.00046970532,0.00047364377,0.0,0.0,-0.53018695,0,0,0,0,0
34584000,0.00057354715,-0.0012079667,0.0009414345,0.0,0.99999964,0.0002870578,-0.00060384825,0.00047089043,0.0,0.0,-0.5303584,0,0,0,0,0
34624000,0.00024167809,-0.0011193275,0.0009379758,0.0,0.99999976,0.0001211015,-0.00055960694,0.0004690555,0.0,0.0,-0.530619,0,0,0,0,0
34684000,-1.1674628e-05,-0.0010917677,0.00093415484,0.0,0.99999976,-5.582342e-06,-0.00054588646,0.00046707416,0.0,0.0,-0.5310007,0,0,0,0,0
34728000,-0.00020029263,-0.0006608479,0.0009321092,0.0,0.9999998,-9.99923e-05,-0.0003304706,0.00046602148,0.0,0.0,-0.5313262,0,0,0,0,0
34780000,0.0,0.0,0.00093047245,0.0,0.9999999,0.0,0.0,0.00046523623,0.0,0.0,-0.53162384,0,0,0,0,0
34836000,-0.00030426195,0.00016319926,0.00089188875,0.0,0.99999994,-0.00015216734,8.153178e-05,0.00044595683,0.0,0.0,-0.53191406,0,0,0,0,0
34876000,-0.00026444177,0.00022199075,0.0008509754,0.0,0.9999999,-0.00013226808,0.0001109391,0.00042550237,0.0,0.0,-0.53196186,0,0,0,0,0
34936000,-0.00018846206,0.00028929458,0.0008507409,0.0,0.9999999,-9.4292554e-05,0.0001446072,0.00042538412,0.0,0.0,-0.53192043,0,0,0,0,0
34976000,0.0,0.0,0.00085574365,0.0,0.9999999,0.0,0.0,0.00042787186,0.0,0.0,-0.5318472,0,0,0,0,0
35024000,-9.9686236e-05,0.0003305631,0.000862064,0.0,0.9999999,-4.991435e-05,0.00016526005,0.00043104027,0.0,0.0,-0.5317772,0,0,0,0,0
35084000,-0.00017147456,0.0006689048,0.0008691371,0.0,0.9999998,-8.588262e-05,0.00033441515,0.00043459726,0.0,0.0,-0.5317026,0,0,0,0,0
35125000,-0.00037657967,0.00075726066,0.00087248196,0.0,0.9999998,-0.00018845497,0.00037854814,0.0004363123,0.0,0.0,-0.53171027,0,0,0,0,0
35176000,-0.0005468998,0.0009449834,0.00087606284,0.0,0.99999976,-0.0002736568,0.00047237184,0.00043816058,0.0,0.0,-0.5316945,0,0,0,0,0
35236000,-0.00043545186,0.0012162697,0.0008813865,0.0,0.9999997,-0.00021799387,0.0006080388,0.00044082562,0.0,0.0,-0.5317345,0,0,0,0,0
35277000,-0.00033394946,0.0012479618,0.00088565313,0.0,0.9999997,-0.00016725098,0.0006239068,0.0004429307,0.0,0.0,-0.5317814,0,0,0,0,0
35324000,0.00018024216,0.001369256,0.0008926481,0.0,0.99999964,8.981547e-05,0.0006846681,0.00044626222,0.0,0.0,-0.5318774,0,0,0,0,0
35377000,0.00057519187,0.0014329485,0.0009006684,0.0,0.9999996,0.00028727317,0.00071660365,0.00045012805,0.0,0.0,-0.53186584,0,0,0,0,0
35436000,0.0010879595,0.0012482626,0.0009100967,0.0,0.9999995,0.0005436955,0.0006243786,0.00045470864,0.0,0.0,-0.53188103,0,0,0,0,0
35476000,0.0012957562,0.0011407234,0.0009173027,0.0,0.9999995,0.0006476162,0.00057065865,0.00045828163,0.0,0.0,-0.53190565,0,0,0,0,0
35524000,0.0014138136,0.0007103009,0.00092381705,0.0,0.9999996,0.0007067426,0.00035547686,0.00046165742,0.0,0.0,-0.5319881,0,0,0,0,0
35584000,0.0015374658,0.00037362336,0.0009293993,0.0,0.9999996,0.0007686459,0.00018716884,0.00046455592,0.0,0.0,-0.53203076,0,0,0,0,0
35625000,0.0013457804,0.00031020006,0.0009084509,0.0,0.99999964,0.00067281973,0.00015540564,0.000454121,0.0,0.0,-0.5319052,0,0,0,0,0
35676000,0.0013069224,0.00028300838,0.0008693172,0.0,0.99999964,0.0006533996,0.00014178817,0.00043456606,0.0,0.0,-0.5317318,0,0,0,0,0
35724000,0.0009959388,0.0005651622,0.0008667692,0.0,0.9999997,0.0004978469,0.00028279683,0.00043324384,0.0,0.0,-0.5314485,0,0,0,0,0
35776000,0.0007664781,0.00077756285,0.00086220505,0.0,0.99999976,0.0003830714,0.0003889466,0.00043095349,0.0,0.0,-0.53112704,0,0,0,0,0
35824000,0.0007236259,0.0008175933,0.00083710154,0.0,0.99999976,0.00036164178,0.00040894802,0.0004184028,0.0,0.0,-0.5309527,0,0,0,0,0
35876000,0.00068115187,0.00078033085,0.0008210831,0.0,0.9999998,0.00034041572,0.00039030515,0.00041040863,0.0,0.0,-0.5309021,0,0,0,0,0
35924000,0.0007822568,0.00032144992,0.00081902405,0.0,0.9999998,0.0003910625,0.00016088512,0.0004094491,0.0,0.0,-0.530913,0,0,0,0,0
35980000,0.0008438392,5.649007e-05,0.0008186366,0.0,0.9999998,0.00042190801,2.8417733e-05,0.0004093064,0.0,0.0,-0.5310155,0,0,0,0,0
36032000,0.0013301478,-0.00013728303,0.0008190049,0.0,0.9999997,0.0006651019,-6.836914e-05,0.00040954803,0.0,0.0,-0.53113633,0,0,0,0,0
36076000,0.0015580929,-0.00027521327,0.00081948546,0.0,0.9999996,0.0007791027,-0.00013728737,0.00040984986,0.0,0.0,-0.5312146,0,0,0,0,0
36125000,0.0018869288,-0.00012561821,0.0008191696,0.0,0.99999946,0.00094348995,-6.2422645e-05,0.00040964392,0.0,0.0,-0.53133976,0,0,0,0,0
36185000,0.0021282085,2.6169411e-05,0.0008170733,0.0,0.99999934,0.0010640987,1.3519423e-05,0.00040852255,0.0,0.0,-0.53152066,0,0,0,0,0
36225000,0.0024886578,-7.395093e-05,0.0008156306,0.0,0.99999917,0.0012443435,-3.6467973e-05,0.00040786102,0.0,0.0,-0.53170186,0,0,0,0,0
36276000,0.0026929637,-0.00014042312,0.0008127236,0.0,0.99999905,0.0013465099,-6.966432e-05,0.00040645598,0.0,0.0,-0.5319552,0,0,0,0,0
36325000,0.0031570236,-0.0005340526,0.0008078335,0.0,0.9999987,0.0015786189,-0.00026638835,0.00040433774,0.0,0.0,-0.53225017,0,0,0,0,0
36384000,0.003413714,-0.0008627513,0.000800483,0.0,0.9999984,0.0017070286,-0.0004306918,0.00040097724,0.0,0.0,-0.53248036,0,0,0,0,0
36440000,0.003548185,-0.0010001314,0.0007902811,0.0,0.9999982,0.0017742888,-0.0004993638,0.00039602706,0.0,0.0,-0.5324398,0,0,0,0,0
36473000,0.0038391678,-0.001163648,0.0007810423,0.0,0.9999979,0.0019198094,-0.0005810732,0.00039163727,0.0,0.0,-0.53239435,0,0,0,0,0
36536000,0.003879822,-0.0010199336,0.000761723,0.0,0.9999979,0.0019401037,-0.000509227,0.00038185006,0.0,0.0,-0.53197503,0,0,0,0,0
36576000,0.0038968474,-0.0009528179,0.00074556784,0.0,0.9999979,0.0019485998,-0.0004756817,0.00037371146,0.0,0.0,-0.5316957,0,0,0,0,0
36636000,0.003942805,-0.00065449305,0.00072242494,0.0,0.9999979,0.001971519,-0.0003265338,0.00036185692,0.0,0.0,-0.53138214,0,0,0,0,0
36676000,0.0038888715,-0.00050467637,0.00070572714,0.0,0.999998,0.0019445233,-0.0002516516,0.0003533536,0.0,0.0,-0.53123313,0,0,0,0,0
36733000,0.0038587537,-0.000105830215,0.00067648845,0.0,0.9999981,0.0019293936,-5.2262403e-05,0.00033834568,0.0,0.0,-0.5310368,0,0,0,0,0
36784000,0.0037007376,0.00011672546,0.00065054616,0.0,0.9999982,0.0018503487,5.8964502e-05,0.00032516455,0.0,0.0,-0.53101265,0,0,0,0,0
36825000,0.0035376048,0.00034864122,0.0006295609,0.0,0.9999984,0.0017687465,0.00017487712,0.0003144716,0.0,0.0,-0.53096277,0,0,0,0,0
36885000,0.0033189717,0.0005561701,0.0006014636,0.0,0.99999857,0.0016594012,0.00027858376,0.0003002699,0.0,0.0,-0.53089243,0,0,0,0,0
36924000,0.0031336166,0.0006576156,0.00057793135,0.0,0.9999986,0.0015667125,0.00032926013,0.00028845016,0.0,0.0,-0.5307014,0,0,0,0,0
36976000,0.0029019627,0.0007206374,0.0005488334,0.0,0.9999988,0.001450882,0.00036071648,0.00027389356,0.0,0.0,-0.53054786,0,0,0,0,0
37036000,0.0028490392,0.0008393285,0.000516914,0.0,0.99999887,0.0014244105,0.00042003198,0.00025785892,0.0,0.0,-0.5304521,0,0,0,0,0
37085000,0.0027750907,0.0008733485,0.0004912806,0.0,0.9999989,0.0013874375,0.00043701462,0.00024503414,0.0,0.0,-0.53042865,0,0,0,0,0
37124000,0.0029044542,0.0009908017,0.00047085955,0.0,0.9999988,0.0014521097,0.0004957422,0.00023471007,0.0,0.0,-0.53047276,0,0,0,0,0
37180000,0.0028170948,0.0010023393,0.00044503107,0.0,0.99999887,0.0014084354,0.0005014826,0.00022180937,0.0,0.0,-0.53064865,0,0,0,0,0
37236000,0.0029285864,0.0011479382,0.00040957413,0.0,0.99999875,0.001464175,0.00057426834,0.00020394637,0.0,0.0,-0.5308862,0,0,0,0,0
37288000,0.0029139083,0.0011847019,0.00038309972,0.0,0.99999875,0.00145684,0.0005926295,0.00019068662,0.0,0.0,-0.5311498,0,0,0,0,0
37324000,0.0030224745,0.0013087043,0.0003586836,0.0,0.9999986,0.0015111191,0.0006546224,0.0001783527,0.0,0.0,-0.5314225,0,0,0,0,0
37376000,0.0029500895,0.0013369386,0.0003240179,0.0,0.9999987,0.0014749357,0.0006687075,0.00016102272,0.0,0.0,-0.5317603,0,0,0,0,0
37424000,0.0028122405,0.001275954,0.00029488336,0.0,0.99999875,0.0014060256,0.0006381837,0.00014654444,0.0,0.0,-0.5319619,0,0,0,0,0
37475000,0.0026297017,0.0011955446,0.0002640902,0.0,0.999999,0.0013147714,0.0005979454,0.000131259,0.0,0.0,-0.5320178,0,0,0,0,0
37529000,0.0021162506,0.00094122574,0.00023093224,0.0,0.99999934,0.0010580708,0.00047073478,0.00011496808,0.0,0.0,-0.5317245,0,0,0,0,0
37580000,0.0017673979,0.00075617095,0.00019992577,0.0,0.9999995,0.0008836609,0.00037817363,9.9628734e-05,0.0,0.0,-0.53145957,0,0,0,0,0
37636000,0.0015235047,0.00025123742,0.00016680315,0.0,0.9999997,0.00076174183,0.0001256822,8.3305866e-05,0.0,0.0,-0.5310698,0,0,0,0,0
37684000,0.0013361566,5.3146974e-05,0.00013642103,0.0,0.99999976,0.0006680765,2.661905e-05,6.819275e-05,0.0,0.0,-0.5308074,0,0,0,0,0
37724000,0.0014569736,-0.00037709973,0.00011568824,0.0,0.9999997,0.0007284977,-0.00018850769,5.7981466e-05,0.0,0.0,-0.5306277,0,0,0,0,0
37776000,0.0013985792,-0.0006543418,8.982495e-05,0.0,0.9999997,0.00069930416,-0.00032713942,4.514125e-05,0.0,0.0,-0.53047496,0,0,0,0,0
37825000,0.0011167333,-0.0011208495,6.5323395e-05,0.0,0.9999997,0.0005583848,-0.00056040636,3.2974614e-05,0.0,0.0,-0.5304344,0,0,0,0,0
37876000,0.0009096155,-0.0013836242,4.1295567e-05,0.0,0.99999964,0.00045482191,-0.0006918025,2.096242e-05,0.0,0.0,-0.5305071,0,0,0,0,0
37924000,0.0002716839,-0.0017394341,1.4089472e-05,0.0,0.9999996,0.00013584802,-0.000869716,7.1628783e-06,0.0,0.0,-0.53061676,0,0,0,0,0
37976000,-0.0002157488,-0.001971639,-1.3478238e-05,0.0,0.9999995,-0.000107880995,-0.0009858187,-6.8454606e-06,0.0,0.0,-0.5307526,0,0,0,0,0
38033000,-0.0007873544,-0.0024119243,-4.3494045e-05,0.0,0.9999992,-0.00039370314,-0.0012059532,-2.2221768e-05,0.0,0.0,-0.5309984,0,0,0,0,0
38084000,-0.0010012747,-0.0025038414,-7.095554e-05,0.0,0.9999991,-0.00050068134,-0.0012519025,-3.61045e-05,0.0,0.0,-0.5311977,0,0,0,0,0
38124000,-0.0010954789,-0.0026951432,-9.111816e-05,0.0,0.9999989,-0.00054780033,-0.001347546,-4.629715e-05,0.0,0.0,-0.5313588,0,0,0,0,0
38176000,-0.0011156689,-0.0027955675,-0.00011371957,0.0,0.99999887,-0.0005579134,-0.0013977514,-5.763946e-05,0.0,0.0,-0.5315648,0,0,0,0,0
38236000,-0.0010759308,-0.0026808637,-0.0001382642,0.0,0.999999,-0.00053805753,-0.001340394,-6.985313e-05,0.0,0.0,-0.5317455,0,0,0,0,0
38284000,-0.0010270631,-0.002493374,-0.00016005625,0.0,0.9999991,-0.0005136309,-0.0012466456,-8.066828e-05,0.0,0.0,-0.531848,0,0,0,0,0
38340000,-0.0008270144,-0.0018993643,-0.00018278316,0.0,0.99999946,-0.00041359378,-0.00094964413,-9.178424e-05,0.0,0.0,-0.5319614,0,0,0,0,0
38376000,-0.00074942166,-0.0015551852,-0.00020487681,0.0,0.99999964,-0.00037479037,-0.0007775541,-0.00010272974,0.0,0.0,-0.532049,0,0,0,0,0
38424000,-0.00071798364,-0.0010739785,-0.00022955141,0.0,0.99999976,-0.00035905337,-0.000536948,-0.00011496847,0.0,0.0,-0.5320307,0,0,0,0,0
38484000,-0.000611957,-0.0004706966,-0.00026318186,0.0,0.99999994,-0.0003060094,-0.000235308,-0.00013166294,0.0,0.0,-0.5318652,0,0,0,0,0
38536000,-0.0006886167,-5.1421895e-05,-0.00028973966,0.0,0.99999994,-0.00034431208,-2.566107e-05,-0.00014487868,0.0,0.0,-0.5316204,0,0,0,0,0
38584000,-0.00070938986,0.0003046516,-0.00031518284,0.0,0.9999999,-0.0003546709,0.00015238168,-0.00015753736,0.0,0.0,-0.53137493,0,0,0,0,0
38625000,-0.0006222134,0.00045705258,-0.0003367542,0.0,0.9999999,-0.00031106817,0.00022857866,-0.00016830598,0.0,0.0,-0.5311889,0,0,0,0,0
38676000,-0.00051690737,0.00057345734,-0.0003652796,0.0,0.9999999,-0.0002584013,0.00028677584,-0.00018256567,0.0,0.0,-0.5310153,0,0,0,0,0
38740000,-0.00030964613,0.0006172167,-0.0003958787,0.0,0.99999994,-0.00015476196,0.00030863896,-0.00019789161,0.0,0.0,-0.5308928,0,0,0,0,0
38784000,-0.00011137103,0.0006814937,-0.0004245047,0.0,0.99999994,-5.5613185e-05,0.00034075865,-0.0002122334,0.0,0.0,-0.5307599,0,0,0,0,0
38836000,0.00014613773,0.00075808336,-0.0004527377,0.0,0.9999999,7.315465e-05,0.00037902512,-0.00022639651,0.0,0.0,-0.5307919,0,0,0,0,0
38876000,0.00027363634,0.0008002368,-0.00047471523,0.0,0.9999999,0.00013691314,0.00040008593,-0.00023741234,0.0,0.0,-0.53087914,0,0,0,0,0
38924000,0.00050509156,0.0011890387,-0.0005029537,0.0,0.99999976,0.00025269523,0.00059445575,-0.00025162695,0.0,0.0,-0.5309766,0,0,0,0,0
38976000,0.00061525195,0.0014162107,-0.00053766253,0.0,0.9999997,0.0003078162,0.0007080225,-0.00026904905,0.0,0.0,-0.53099,0,0,0,0,0
39037000,0.0008212803,0.0016319808,-0.000575392,0.0,0.9999995,0.00041087472,0.00081587204,-0.00028803098,0.0,0.0,-0.53113323,0,0,0,0,0
39085000,0.00095475605,0.0017384909,-0.0006050846,0.0,0.99999946,0.00047764077,0.00086910074,-0.0003029571,0.0,0.0,-0.5313181,0,0,0,0,0
39136000,0.0011727535,0.0017761209,-0.00063748617,0.0,0.9999994,0.00058665953,0.0008878732,-0.00031926364,0.0,0.0,-0.53167874,0,0,0,0,0
39176000,0.0012423038,0.0017623418,-0.00066485535,0.0,0.9999994,0.00062144443,0.00088096404,-0.00033297486,0.0,0.0,-0.53190076,0,0,0,0,0
39236000,0.0013779099,0.0016584725,-0.000702574,0.0,0.9999994,0.00068924594,0.0008289938,-0.0003518581,0.0,0.0,-0.53228664,0,0,0,0,0
39276000,0.0014485178,0.0015971732,-0.0007293381,0.0,0.99999934,0.0007245498,0.00079832214,-0.00036524722,0.0,0.0,-0.53246033,0,0,0,0,0
39336000,0.0015205381,0.0014892683,-0.0007711444,0.0,0.99999934,0.0007605558,0.00074434065,-0.00038613813,0.0,0.0,-0.5326191,0,0,0,0,0
39376000,0.0015221278,0.0014052276,-0.0008033739,0.0,0.9999994,0.0007613457,0.00070230773,-0.00040222149,0.0,0.0,-0.53272486,0,0,0,0,0
39436000,0.0013020388,0.0012816228,-0.0008432146,0.0,0.99999946,0.00065128936,0.0006405368,-0.00042202434,0.0,0.0,-0.53283423,0,0,0,0,0
39485000,0.0011540866,0.0011873916,-0.0008787332,0.0,0.9999996,0.000577304,0.0005934422,-0.00043970905,0.0,0.0,-0.53290004,0,0,0,0,0
39536000,0.0007559039,0.0011030636,-0.0009154884,0.0,0.99999964,0.00037820428,0.0005513586,-0.00045795258,0.0,0.0,-0.53284276,0,0,0,0,0
39585000,0.00046608556,0.0010459766,-0.00095152407,0.0,0.9999997,0.00023329156,0.0005228773,-0.0004758839,0.0,0.0,-0.53271204,0,0,0,0,0
39624000,0.00031410664,0.0009870263,-0.0009799139,0.0,0.9999997,0.00015729509,0.0004934362,-0.0004900344,0.0,0.0,-0.5326171,0,0,0,0,0
39676000,0.0001648035,0.00082951534,-0.0010155108,0.0,0.9999998,8.261232e-05,0.00041471573,-0.00050778955,0.0,0.0,-0.53250796,0,0,0,0,0
39728000,0.00013756771,0.0006766922,-0.0010485757,0.0,0.9999998,6.8961235e-05,0.00033831,-0.00052431115,0.0,0.0,-0.53246427,0,0,0,0,0
39776000,0.00020294904,0.00066003704,-0.0010838051,0.0,0.9999998,0.000101653335,0.00032996348,-0.000541936,0.0,0.0,-0.53244185,0,0,0,0,0
39832000,-0.0,-0.0,-0.0011172119,0.0,0.9999998,-0.0,0.0,-0.00055860594,0.0,0.0,-0.5323929,0,0,0,0,0
39880000,-0.00029873993,0.00017310062,-0.0011524229,0.0,0.9999998,-0.00014932005,8.663637e-05,-0.00057619845,0.0,0.0,-0.53238523,0,0,0,0,0
39936000,-0.0010357994,1.9374272e-06,-0.0011928581,0.0,0.9999997,-0.000517899,1.2776036e-06,-0.0005964285,0.0,0.0,-0.5324539,0,0,0,0,0
39985000,-0.0013789198,-7.700176e-05,-0.0012238126,0.0,0.9999996,-0.0006894833,-3.807898e-05,-0.00061193266,0.0,0.0,-0.5325193,0,0,0,0,0
40024000,-0.0016554366,3.6671325e-05,-0.0012514067,0.0,0.99999946,-0.0008277066,1.885356e-05,-0.000625688,0.0,0.0,-0.53257394,0,0,0,0,0
40085000,-0.00181291,0.00022631444,-0.0012873112,0.0,0.99999934,-0.00090638193,0.0001137406,-0.0006435528,0.0,0.0,-0.53264743,0,0,0,0,0
40125000,-0.0017595905,0.0004916331,-0.0013090093,0.0,0.99999934,-0.0008796341,0.00024639224,-0.0006542881,0.0,0.0,-0.5327352,0,0,0,0,0
40187000,-0.0016374467,0.0008103271,-0.0013444747,0.0,0.99999934,-0.0008184507,0.00040571368,-0.00067190547,0.0,0.0,-0.5328687,0,0,0,0,0
40236000,-0.0016877113,0.00085317664,-0.0013721155,0.0,0.9999993,-0.00084356265,0.000427167,-0.0006856974,0.0,0.0,-0.532861,0,0,0,0,0
40276000,-0.0017009283,0.000826513,-0.001392907,0.0,0.9999993,-0.000850176,0.00041384855,-0.00069610175,0.0,0.0,-0.5328249,0,0,0,0,0
40336000,-0.0018141938,0.0005338359,-0.0014222881,0.0,0.9999993,-0.0009069067,0.0002675629,-0.0007109016,0.0,0.0,-0.5327378,0,0,0,0,0
40376000,-0.0018621943,0.00032941153,-0.0014442616,0.0,0.9999993,-0.0009309777,0.00016537803,-0.00072197715,0.0,0.0,-0.53265667,0,0,0,0,0
40436000,-0.0017229719,0.000107708474,-0.001475804,0.0,0.99999934,-0.00086144597,5.4489898e-05,-0.0007378554,0.0,0.0,-0.53252184,0,0,0,0,0
40484000,-0.0015822119,1.0408417e-06,-0.0014990533,0.0,0.9999994,-0.0007911052,1.1133754e-06,-0.000749526,0.0,0.0,-0.5324591,0,0,0,0,0
40536000,-0.0013372096,3.1988934e-06,-0.001526051,0.0,0.99999946,-0.0006686034,2.1096084e-06,-0.0007630242,0.0,0.0,-0.5322998,0,0,0,0,0
40576000,-0.0010918299,-2.9698805e-07,-0.0015448724,0.0,0.9999996,-0.00054591487,2.7319052e-07,-0.0007724362,0.0,0.0,-0.5321826,0,0,0,0,0
40628000,-0.0011444291,3.9810602e-05,-0.0015721777,0.0,0.9999995,-0.0005721986,2.03551e-05,-0.00078607735,0.0,0.0,-0.53190166,0,0,0,0,0
40676000,-0.0011436717,5.7597572e-05,-0.0015980148,0.0,0.9999995,-0.0005718126,2.9255672e-05,-0.0007989909,0.0,0.0,-0.5315932,0,0,0,0,0
40724000,-0.0015811309,5.8489135e-05,-0.0016236913,0.0,0.99999934,-0.00079054147,2.988637e-05,-0.00081182225,0.0,0.0,-0.5313229,0,0,0,0,0
40784000,-0.0019826822,5.3651453e-05,-0.0016559233,0.0,0.99999917,-0.0009913185,2.7646498e-05,-0.0008279346,0.0,0.0,-0.53094196,0,0,0,0,0
40836000,-0.0022098855,6.3155065e-05,-0.0016805222,0.0,0.99999905,-0.0011049155,3.250594e-05,-0.00084022566,0.0,0.0,-0.5308084,0,0,0,0,0
40876000,-0.0022363977,7.292296e-05,-0.0017005891,0.0,0.99999905,-0.0011181672,3.741224e-05,-0.00085025316,0.0,0.0,-0.53075886,0,0,0,0,0
40924000,-0.0022374159,2.7634862e-05,-0.0017206365,0.0,0.999999,-0.0011186954,1.4779863e-05,-0.00086030224,0.0,0.0,-0.53087264,0,0,0,0,0
40980000,-0.002071593,6.258252e-06,-0.0017437006,0.0,0.9999991,-0.0010357932,4.032182e-06,-0.00087184657,0.0,0.0,-0.53111297,0,0,0,0,0
41028000,-0.0019820046,7.460505e-05,-0.001764488,0.0,0.9999991,-0.0009909689,3.8176804e-05,-0.0008822066,0.0,0.0,-0.53135294,0,0,0,0,0
41076000,-0.0018222313,0.00013166541,-0.0017846398,0.0,0.9999992,-0.00091105636,6.664566e-05,-0.0008922595,0.0,0.0,-0.5315694,0,0,0,0,0
41124000,-0.0015635594,0.00024223464,-0.0018061474,0.0,0.9999993,-0.00078167,0.00012182324,-0.00090297865,0.0,0.0,-0.5318096,0,0,0,0,0
41181000,-0.0012907763,0.00034933747,-0.0018284413,0.0,0.99999934,-0.0006452282,0.00017525867,-0.0009141077,0.0,0.0,-0.532142,0,0,0,0,0
41233000,-0.0014151776,0.0005121032,-0.0018503835,0.0,0.99999934,-0.00070735154,0.0002567061,-0.0009250103,0.0,0.0,-0.5321917,0,0,0,0,0
41280000,-0.0014593219,0.0006113717,-0.0018707176,0.0,0.9999992,-0.00072937465,0.00030636814,-0.0009351354,0.0,0.0,-0.53213763,0,0,0,0,0
41324000,-0.0018337959,0.0007557125,-0.0018899774,0.0,0.9999991,-0.00091654033,0.00037872238,-0.00094464165,0.0,0.0,-0.5319093,0,0,0,0,0
41376000,-0.0021364375,0.0008251345,-0.0019109732,0.0,0.99999887,-0.0010678237,0.0004135875,-0.0009550452,0.0,0.0,-0.5315209,0,0,0,0,0
41425000,-0.0022819492,0.00086785905,-0.0019289354,0.0,0.9999988,-0.0011405551,0.00043502945,-0.00096397183,0.0,0.0,-0.53127486,0,0,0,0,0
41476000,-0.0023342336,0.0008661664,-0.0019453164,0.0,0.99999875,-0.0011666944,0.0004342179,-0.00097215193,0.0,0.0,-0.53106195,0,0,0,0,0
41528000,-0.002207077,0.0008553667,-0.0019607977,0.0,0.9999988,-0.0011031182,0.00042876476,-0.0009799261,0.0,0.0,-0.530912,0,0,0,0,0
41576000,-0.0021355776,0.00089651026,-0.001974426,0.0,0.99999887,-0.0010673454,0.00044930875,-0.0009867337,0.0,0.0,-0.5307799,0,0,0,0,0
41624000,-0.0022283131,0.0009975424,-0.0019882552,0.0,0.9999988,-0.0011136598,0.0004998782,-0.000993571,0.0,0.0,-0.5306741,0,0,0,0,0
41676000,-0.002289299,0.0010938084,-0.0020021726,0.0,0.9999987,-0.0011441009,0.0005480494,-0.0010004592,0.0,0.0,-0.5306644,0,0,0,0,0
41724000,-0.0025521824,0.0013083641,-0.00201401,0.0,0.99999845,-0.001275431,0.00065546617,-0.0010061689,0.0,0.0,-0.5306378,0,0,0,0,0
41773000,-0.0028156831,0.0015244497,-0.0020240813,0.0,0.9999982,-0.0014070685,0.00076364836,-0.0010109663,0.0,0.0,-0.5305478,0,0,0,0,0
41824000,-0.0028354453,0.0016398492,-0.0020337976,0.0,0.99999815,-0.0014168873,0.00082136487,-0.001015735,0.0,0.0,-0.53054917,0,0,0,0,0
41877000,-0.0027376015,0.0016605896,-0.0020421664,0.0,0.9999982,-0.0013679513,0.00083169114,-0.0010199453,0.0,0.0,-0.5306413,0,0,0,0,0
41924000,-0.0025878083,0.0016852313,-0.0020494428,0.0,0.9999983,-0.0012930394,0.00084394036,-0.0010236299,0.0,0.0,-0.5307468,0,0,0,0,0
41985000,-0.0022514358,0.0016001373,-0.0020100798,0.0,0.9999985,-0.0011249128,0.00080119906,-0.0010041383,0.0,0.0,-0.53094393,0,0,0,0,0
42025000,-0.0020493823,0.001413833,-0.0019992995,0.0,0.99999875,-0.0010239836,0.0007079401,-0.0009989244,0.0,0.0,-0.53116053,0,0,0,0,0
42076000,-0.0018147894,0.0011643477,-0.0020051012,0.0,0.9999989,-0.00090681034,0.000583083,-0.0010020216,0.0,0.0,-0.53144205,0,0,0,0,0
42128000,-0.0017073065,0.00081325637,-0.002012825,0.0,0.99999905,-0.0008532433,0.0004074869,-0.0010060648,0.0,0.0,-0.53168404,0,0,0,0,0
42176000,-0.0015623643,0.0005484817,-0.0020194564,0.0,0.99999917,-0.0007809047,0.00027502942,-0.0010095135,0.0,0.0,-0.5318497,0,0,0,0,0
42236000,-0.0012311877,0.0003912889,-0.0019925232,0.0,0.9999993,-0.0006153986,0.0001962576,-0.0009961408,0.0,0.0,-0.5319729,0,0,0,0,0
42284000,-0.0009834957,0.00032499243,-0.0019734586,0.0,0.99999934,-0.0004915873,0.00016298135,-0.0009866492,0.0,0.0,-0.5320537,0,0,0,0,0
42324000,-0.00058705214,0.0003636027,-0.001978436,0.0,0.99999946,-0.0002933461,0.00018209162,-0.0009891645,0.0,0.0,-0.5320251,0,0,0,0,0
42376000,-0.000101755926,0.00032993185,-0.0019850517,0.0,0.9999995,-5.0714207e-05,0.00016501633,-0.0009925172,0.0,0.0,-0.5319598,0,0,0,0,0
42425000,-0.0,-0.0,-0.0019924156,0.0,0.9999995,-0.0,0.0,-0.0009962076,0.0,0.0,-0.5319207,0,0,0,0,0
42476000,-0.0,-0.0,-0.0019543106,0.0,0.9999995,-0.0,0.0,-0.0009771552,0.0,0.0,-0.5319414,0,0,0,0,0
42533000,-0.000114703114,-0.00032565708,-0.0019312022,0.0,0.9999995,-5.750876e-05,-0.00016277308,-0.0009656104,0.0,0.0,-0.53200686,0,0,0,0,0
42584000,-0.0003092412,-0.00061741966,-0.0019414078,0.0,0.99999946,-0.00015492018,-0.00030855957,-0.0009707515,0.0,0.0,-0.5320529,0,0,0,0,0
42636000,-0.00045660147,-0.00071187835,-0.0019529416,0.0,0.99999946,-0.00022864818,-0.00035571607,-0.0009765519,0.0,0.0,-0.53202933,0,0,0,0,0
42680000,-0.00063322217,-0.00088945084,-0.0019609607,0.0,0.99999934,-0.00031704697,-0.0004444148,-0.000980621,0.0,0.0,-0.5319949,0,0,0,0,0
42736000,-0.0007824836,-0.001027935,-0.0019720988,0.0,0.9999993,-0.00039174838,-0.0005135813,-0.0009862501,0.0,0.0,-0.5319321,0,0,0,0,0
42776000,-0.0008049075,-0.0010104723,-0.0019792875,0.0,0.9999993,-0.00040295348,-0.00050483755,-0.0009898468,0.0,0.0,-0.53189516,0,0,0,0,0
42825000,-0.00092802575,-0.0011847976,-0.0019857024,0.0,0.9999992,-0.00046460071,-0.00059193774,-0.0009931257,0.0,0.0,-0.53173757,0,0,0,0,0
42884000,-0.0010332402,-0.0013829856,-0.0019331033,0.0,0.99999917,-0.00051728805,-0.0006909929,-0.0009669084,0.0,0.0,-0.5314409,0,0,0,0,0
42925000,-0.0011732324,-0.0016360458,-0.0018943476,0.0,0.99999905,-0.0005873906,-0.0008174666,-0.0009476532,0.0,0.0,-0.53119165,0,0,0,0,0
42985000,-0.0013340419,-0.001955294,-0.0018429183,0.0,0.99999887,-0.00066792115,-0.0009770317,-0.0009221106,0.0,0.0,-0.5307625,0,0,0,0,0
43028000,-0.0014161195,-0.0021333362,-0.0018472939,0.0,0.99999875,-0.0007090442,-0.0010660132,-0.0009244015,0.0,0.0,-0.53061014,0,0,0,0,0
43088000,-0.0015453894,-0.00244058,-0.0018528402,0.0,0.9999985,-0.00077382434,-0.0012195731,-0.00092736195,0.0,0.0,-0.53038776,0,0,0,0,0
43124000,-0.0017120835,-0.0027494014,-0.0018557823,0.0,0.9999983,-0.00085731596,-0.0013739049,-0.00092906674,0.0,0.0,-0.5302903,0,0,0,0,0
43180000,-0.0017256148,-0.0027840808,-0.0018589731,0.0,0.9999982,-0.0008641,-0.0013912368,-0.0009306862,0.0,0.0,-0.53033775,0,0,0,0,0
43225000,-0.0017980341,-0.0029676987,-0.0018607448,0.0,0.99999803,-0.0009003961,-0.0014830113,-0.0009317049,0.0,0.0,-0.5304579,0,0,0,0,0
43284000,-0.001725841,-0.002909568,-0.0018051115,0.0,0.99999815,-0.00086423213,-0.0014540035,-0.00090380985,0.0,0.0,-0.5307782,0,0,0,0,0
43336000,-0.0015934976,-0.0026677202,-0.0017488014,0.0,0.9999984,-0.00079791417,-0.0013331621,-0.00087546237,0.0,0.0,-0.53118086,0,0,0,0,0
43376000,-0.0014926315,-0.0024971827,-0.0017388404,0.0,0.99999857,-0.0007474004,-0.0012479413,-0.000870351,0.0,0.0,-0.5314335,0,0,0,0,0
43428000,-0.0012916495,-0.0021837922,-0.0017370183,0.0,0.9999988,-0.0006467724,-0.0010913344,-0.0008692136,0.0,0.0,-0.53163564,0,0,0,0,0
43485000,-0.0010558243,-0.0018480235,-0.0017334254,0.0,0.99999905,-0.0005287126,-0.0009235536,-0.00086719997,0.0,0.0,-0.5318539,0,0,0,0,0
43536000,-0.0007249091,-0.0013633394,-0.0017297609,0.0,0.99999934,-0.0003630439,-0.0006813558,-0.00086512725,0.0,0.0,-0.53201956,0,0,0,0,0
43584000,-0.000502134,-0.0010291572,-0.0017261573,0.0,0.99999946,-0.00025151102,-0.00051436166,-0.00086320774,0.0,0.0,-0.53210616,0,0,0,0,0
43633000,-0.00019949613,-0.00082186196,-0.0017226158,0.0,0.9999995,-0.00010010197,-0.0004108449,-0.0008613488,0.0,0.0,-0.53212565,0,0,0,0,0
43676000,-3.359545e-05,-0.00077130913,-0.001720214,0.0,0.9999995,-1.712942e-05,-0.00038563999,-0.00086011336,0.0,0.0,-0.53208387,0,0,0,0,0
43732000,0.00015742154,-0.00075582083,-0.0017184945,0.0,0.9999995,7.838601e-05,-0.00037797788,-0.0008592173,0.0,0.0,-0.5319924,0,0,0,0,0
43776000,0.00042628546,-0.0009440152,-0.0017176537,0.0,0.9999995,0.00021273723,-0.00047219044,-0.00085872604,0.0,0.0,-0.5319331,0,0,0,0,0
43824000,0.00046154382,-0.0010479885,-0.0017168296,0.0,0.99999946,0.00023032198,-0.00052419206,-0.0008582937,0.0,0.0,-0.53191495,0,0,0,0,0
43876000,0.0004668853,-0.0012045534,-0.0017166914,0.0,0.9999994,0.00023292555,-0.00060247676,-0.00085820485,0.0,0.0,-0.53191704,0,0,0,0,0
43937000,0.00038348982,-0.0013267574,-0.0017174882,0.0,0.9999994,0.00019117513,-0.00066354306,-0.0008586167,0.0,0.0,-0.5319484,0,0,0,0,0
43985000,0.0003547256,-0.0015027829,-0.001718242,0.0,0.9999993,0.00017671716,-0.00075154344,-0.0008589874,0.0,0.0,-0.5320023,0,0,0,0,0
44036000,0.0003998575,-0.0015308526,-0.0017190486,0.0,0.9999993,0.00019927073,-0.0007655978,-0.000859371,0.0,0.0,-0.5318565,0,0,0,0,0
44077000,0.00038290152,0.03512714,-0.0017195703,0.0,0.9998454,0.00020652128,0.017562496,-0.00086301484,0.0,0.0,-0.5320015,0,0,0,0,0
44124000,0.00048222396,0.035367787,-0.0017200029,0.0,0.99984324,0.00025628155,0.017682757,-0.0008641304,0.0,0.0,-0.5316303,0,0,0,0,0
44185000,0.00060749194,0.03340318,-0.0017151738,0.0,0.99986017,0.00031802588,0.016700547,-0.00086254,0.0,0.0,-0.5309357,0,0,0,0,0
44224000,0.0007384616,0.030814102,-0.0017133047,0.0,0.9998809,0.0003823848,0.015406119,-0.00086223905,0.0,0.0,-0.5306087,0,0,0,0,0
44280000,0.00033430973,-0.0035051422,-0.12710446,0.0,0.9979797,5.5512377e-05,-0.0017596479,-0.06350907,0.0,0.0,-0.53151965,0,0,0,0,0
44324000,9.577015e-05,0.008734144,-0.098830126,0.7853982,0.9987698,0.0002635368,0.0043593617,-0.049394697,0.0,0.0,-0.5210722,0,0,0,0,0
44373000,0.00029810032,0.01651628,-0.0674142,0.7853982,0.9993979,0.00042726248,0.008248332,-0.033700798,0.0,0.0,-0.50915027,0,0,0,0,0
44433000,-0.00036909993,0.019288514,-0.020290308,0.7853982,0.999902,-8.66926e-05,0.009645483,-0.010142729,0.0,0.0,-0.49319604,0,0,0,0,0
44476000,-0.0018378776,0.021494979,-0.0017123853,0.0,0.99994147,-0.00090968347,0.0107480595,-0.0008462667,0.0,0.0,-0.47741592,0,0,0,0,0
44529000,-0.0039182184,0.023321392,-0.0017123854,0.0,0.9999298,-0.0019489905,0.011662082,-0.00083328877,0.0,0.0,-0.47972602,0,0,0,0,0
44580000,-0.0038757261,0.026356727,-0.0017123854,0.0,0.99991095,-0.0019264098,0.013179611,-0.00083057967,0.0,0.0,-0.47029242,0,0,0,0,0
44624000,-0.0023675684,0.028468218,-0.0017123854,0.0,0.99989766,-0.0011714768,0.014234626,-0.0008392558,0.0,0.0,-0.47242808,0,0,0,0,0
44676000,-0.00010366423,0.03124729,-0.0017123854,0.0,0.99987763,-3.8449463e-05,0.015623047,-0.0008552784,0.0,0.0,-0.46377057,0,0,0,0,0
44733000,0.002333816,0.03350374,-0.0017123854,0.0,0.9998587,0.0011810855,0.01675007,-0.00087561895,0.0,0.0,-0.47830883,0,0,0,0,0
44776000,0.00439147,0.04885669,-0.0017123854,0.0,0.9996989,0.0022159903,0.024423966,-0.0009095679,0.0,0.0,-0.4962088,0,0,0,0,0
44824000,0.005920642,0.06710696,-0.0017123854,0.0,0.9994323,0.0029873725,0.033544492,-0.0009550172,0.0,0.0,-0.51745456,0,0,0,0,0
44876000,0.0070896805,0.06518589,-0.0017123854,0.0,0.9994622,0.0035708495,0.032583922,-0.0009712486,0.0,0.0,-0.5308633,0,0,0,0,0
44924000,0.007603213,0.058702696,-0.0017123856,0.0,0.9995616,0.0038250857,0.029343657,-0.0009673836,0.0,0.0,-0.54066944,0,0,0,0,0
44984000,0.007827586,0.031175394,-0.0017123853,0.0,0.9998704,0.003926652,0.01558359,-0.0009170863,0.0,0.0,-0.54676455,0,0,0,0,0
45024000,0.0076045967,0.011975036,-0.0017123854,0.0,0.9999744,0.0038073466,0.005984182,-0.00087893725,0.0,0.0,-0.5498179,0,0,0,0,0
45084000,0.005427291,-0.01961062,-0.0017123854,0.0,0.9999479,0.0027051156,-0.009807437,-0.00082954066,0.0,0.0,-0.55435765,0,0,0,0,0
45125000,0.0046328297,-0.027837269,-0.0017123854,0.0,0.9999001,0.0023042706,-0.013920126,-0.00082386716,0.0,0.0,-0.55670315,0,0,0,0,0
45176000,0.0035815493,-0.007876336,-0.0017123854,0.0,0.9999903,0.0017873873,-0.0039396835,-0.00084913237,0.0,0.0,-0.54721105,0,0,0,0,0
45228000,0.0029777815,-0.00043901076,-0.0017123854,0.0,0.9999985,0.0014887017,-0.00022077985,-0.0008558649,0.0,0.0,-0.5396255,0,0,0,0,0
45276000,0.002867274,0.000915782,-0.0017123853,0.0,0.9999985,0.0014340278,0.00045666285,-0.00085684814,0.0,0.0,-0.53184456,0,0,0,0,0
45336000,0.002942251,0.0011124484,-0.0017123854,0.0,0.9999984,0.0014716004,0.00055496383,-0.00085700996,0.0,0.0,-0.5284085,0,0,0,0,0
45376000,0.0030987682,0.0016359133,-0.0017123854,0.0,0.9999981,0.0015500827,0.00081662874,-0.0008574587,0.0,0.0,-0.5276699,0,0,0,0,0
45432000,0.0029667916,0.0015884113,-0.0017123854,0.0,0.9999982,0.0014840743,0.0007929343,-0.0008573696,0.0,0.0,-0.52896535,0,0,0,0,0
45476000,0.0029135388,0.0018201736,-0.0017123854,0.0,0.99999815,0.0014575471,0.0009088381,-0.0008575171,0.0,0.0,-0.52634627,0,0,0,0,0
45525000,0.002647627,0.0019284522,-0.0017123853,0.0,0.9999983,0.0013246376,0.0009630914,-0.000857468,0.0,0.0,-0.52737045,0,0,0,0,0
45576000,0.0022253885,0.0024034353,-0.0017123854,0.0,0.9999983,0.0011137219,0.0012007635,-0.00085752865,0.0,0.0,-0.5250539,0,0,0,0,0
45633000,0.0016745373,0.0027071629,-0.0017123853,0.0,0.99999833,0.0008384264,0.0013528632,-0.00085732486,0.0,0.0,-0.5269883,0,0,0,0,0
45677000,0.0011746393,0.002727952,-0.0017123853,0.0,0.9999985,0.0005884867,0.001363472,-0.00085699285,0.0,0.0,-0.5235088,0,0,0,0,0
45728000,0.00056206266,0.0022202022,-0.0017123854,0.0,0.999999,0.0002819815,0.0011098598,-0.0008565041,0.0,0.0,-0.52491826,0,0,0,0,0
45784000,-0.00016258063,0.00030459292,-0.0017123854,0.0,0.9999996,-8.1159895e-05,0.00015236602,-0.00085618027,0.0,0.0,-0.5234309,0,0,0,0,0
45825000,-0.00051390805,0.0026017788,-0.0017123854,0.0,0.99999875,-0.00025583993,0.0013011085,-0.0008558577,0.0,0.0,-0.52356744,0,0,0,0,0
45876000,-0.0007487999,0.0036260702,-0.0017123853,0.0,0.9999979,-0.00037284687,0.0018133539,-0.00085551233,0.0,0.0,-0.51227,0,0,0,0,0
45933000,-0.0006625837,0.009888897,-0.0017123856,0.0,0.99998736,-0.0003270543,0.0049447096,-0.0008545441,0.0,0.0,-0.35933888,0,0,0,0,0
45976000,-0.0008846413,0.008188278,-0.0017123854,0.0,0.9999912,-0.0004388114,0.0040945048,-0.00085437443,0.0,0.0,-0.28200787,0,0,0,0,0
46040000,-0.00086999167,0.0065295836,-0.0017123854,0.0,0.9999942,-0.00043219814,0.003265157,-0.00085476786,0.0,0.0,-0.3009035,0,0,0,0,0
46084000,-0.0005878828,0.005971241,-0.0017123854,0.0,0.9999952,-0.00029138374,0.0029858665,-0.0008553113,0.0,0.0,-0.35906166,0,0,0,0,0
46125000,-0.0005091992,0.0058779186,-0.0017123854,0.0,0.9999953,-0.0002520821,0.0029391719,-0.00085544074,0.0,0.0,-0.34638163,0,0,0,0,0
46176000,-0.00032623194,0.005557703,-0.0017123854,0.0,0.99999577,-0.00016073605,0.0027789867,-0.0008557361,0.0,0.0,-0.2669951,0,0,0,0,0
46228000,-0.00025130846,0.005376316,-0.0017123854,0.0,0.999996,-0.00012335215,0.0026882614,-0.00085585186,0.0,0.0,-0.21689887,0,0,0,0,0
46285000,-0.0002004688,0.00556366,-0.0017123854,0.0,0.99999577,-9.78522e-05,0.002781911,-0.00085591053,0.0,0.0,-0.27294302,0,0,0,0,0
46332000,-0.0005594737,0.005770971,-0.0017123856,0.0,0.99999547,-0.000277265,0.0028857195,-0.0008553819,0.0,0.0,-0.27201247,0,0,0,0,0
46376000,-0.0010655696,0.006436026,-0.0017123854,0.0,0.9999943,-0.00053002656,0.0032184625,-0.00085447356,0.0,0.0,-0.23285674,0,0,0,0,0
46424000,-0.001423326,0.0067217005,-0.0017123854,0.0,0.99999374,-0.0007087811,0.0033614512,-0.00085379597,0.0,0.0,-0.2030171,0,0,0,0,0
46477000,-0.0011072297,0.0075068264,-0.0017123856,0.0,0.99999243,-0.0005503971,0.0037538765,-0.0008541087,0.0,0.0,-0.25467017,0,0,0,0,0
46525000,-0.0012232166,0.008100554,-0.0017123853,0.0,0.99999124,-0.0006081352,0.004050788,-0.0008537083,0.0,0.0,-0.22956721,0,0,0,0,0
46576000,-0.0005735794,0.008965282,-0.0017123854,0.0,0.99998957,-0.00028294872,0.0044828695,-0.0008548985,0.0,0.0,-0.19732654,0,0,0,0,0
46636000,3.9104445e-05,0.009636557,-0.0017123854,0.0,0.999988,2.3677347e-05,0.0048182416,-0.0008562769,0.0,0.0,-0.22766548,0,0,0,0,0
46676000,0.00023758296,0.010015918,-0.0017123854,0.0,0.9999871,0.0001230777,0.005007834,-0.00085677684,0.0,0.0,-0.21095788,0,0,0,0,0
46736000,-0.0,-0.0,-0.0103188045,0.0,0.9999867,-0.0,0.0,-0.0051593794,0.0,0.0,-0.12,0,0,0,0,0
46776000,-0.0,-0.0,-0.010316077,0.0,0.9999867,-0.0,0.0,-0.0051580165,0.0,0.0,-0.12,0,0,0,0,0
46824000,-0.0,-0.0,-0.01031321,0.0,0.9999867,-0.0,0.0,-0.0051565827,0.0,0.0,-0.12,0,0,0,0,0
46876000,-0.0,-0.0,-0.010311523,0.0,0.9999867,-0.0,0.0,-0.005155739,0.0,0.0,-0.12,0,0,0,0,0
46924000,-0.0,-0.0,-0.010309976,0.0,0.9999867,-0.0,0.0,-0.005154966,0.0,0.0,-0.12,0,0,0,0,0
46976000,-0.0,-0.0,-0.010310181,0.0,0.9999867,-0.0,0.0,-0.005155069,0.0,0.0,-0.12,0,0,0,0,0
47036000,-0.0,-0.0,-0.010312124,0.0,0.9999867,-0.0,0.0,-0.0051560397,0.0,0.0,-0.12,0,0,0,0,0
47085000,-0.0,-0.0,-0.010315619,0.0,0.9999867,-0.0,0.0,-0.005157788,0.0,0.0,-0.12,0,0,0,0,0
47131000,-0.0,-0.0,-0.010319374,0.0,0.9999867,-0.0,0.0,-0.005159664,0.0,0.0,-0.12,0,0,0,0,0
47176000,-0.0,-0.0,-0.010325838,0.0,0.99998665,-0.0,0.0,-0.005162896,0.0,0.0,-0.12,0,0,0,0,0
47233000,-0.0,-0.0,-0.010334009,0.0,0.99998665,-0.0,0.0,-0.0051669814,0.0,0.0,-0.12,0,0,0,0,0
47276000,-0.0,-0.0,-0.010341347,0.0,0.99998665,-0.0,0.0,-0.0051706503,0.0,0.0,-0.12,0,0,0,0,0
47340000,-0.0,-0.0,-0.010351605,0.0,0.9999866,-0.0,0.0,-0.0051757796,0.0,0.0,-0.12,0,0,0,0,0
47376000,-0.0,-0.0,-0.010358231,0.0,0.9999866,-0.0,0.0,-0.0051790928,0.0,0.0,-0.12,0,0,0,0,0
47424000,-0.0,-0.0,-0.0103661595,0.0,0.9999866,-0.0,0.0,-0.005183057,0.0,0.0,-0.001,0,0,0,0,0
47480000,-0.0,-0.0,-0.010375918,0.0,0.9999865,-0.0,0.0,-0.0051879357,0.0,0.0,-0.001,0,0,0,0,0
47525000,-0.0,-0.0,-0.010383752,0.0,0.9999865,-0.0,0.0,-0.005191853,0.0,0.0,-0.001,0,0,0,0,0
47576000,-0.0,-0.0,-0.010393386,0.0,0.99998647,-0.0,0.0,-0.00519667,0.0,0.0,-0.001,0,0,0,0,0
47625000,-0.0,-0.0,-0.010401541,0.0,0.99998647,-0.0,0.0,-0.0052007483,0.0,0.0,-0.001,0,0,0,0,0
47673000,-0.0,-0.0,-0.010409276,0.0,0.99998647,-0.0,0.0,-0.0052046147,0.0,0.0,-0.001,0,0,0,0,0
47724000,-0.0,-0.0,-0.010416344,0.0,0.9999864,-0.0,0.0,-0.0052081486,0.0,0.0,-0.001,0,0,0,0,0
47785000,-0.0,-0.0,-0.010423796,0.0,0.9999864,-0.0,0.0,-0.0052118744,0.0,0.0,-0.001,0,0,0,0,0
47824000,-0.0,-0.0,-0.010428064,0.0,0.9999864,-0.0,0.0,-0.005214008,0.0,0.0,-0.001,0,0,0,0,0
47876000,-0.0,-0.0,-0.010432597,0.0,0.9999864,-0.0,0.0,-0.0052162744,0.0,0.0,-0.001,0,0,0,0,0
47925000,-0.0,-0.0,-0.010437107,0.0,0.99998635,-0.0,0.0,-0.00521853,0.0,0.0,-0.001,0,0,0,0,0
47976000,-0.0,-0.0,-0.010441253,0.0,0.9999864,-0.0,0.0,-0.0052206027,0.0,0.0,-0.001,0,0,0,0,0
48024000,-0.0,-0.0,-0.010445631,0.0,0.99998635,-0.0,0.0,-0.0052227923,0.0,0.0,-0.001,0,0,0,0,0
48076000,-0.0,-0.0,-0.010450836,0.0,0.99998635,-0.0,0.0,-0.005225395,0.0,0.0,-0.001,0,0,0,0,0
48124000,-0.0,-0.0,-0.0104562,0.0,0.99998635,-0.0,0.0,-0.005228076,0.0,0.0,-0.001,0,0,0,0,0
48180000,-0.0,-0.0,-0.01046247,0.0,0.9999863,-0.0,0.0,-0.0052312114,0.0,0.0,-0.001,0,0,0,0,0
48236000,-0.0,-0.0,-0.010469886,0.0,0.9999863,-0.0,0.0,-0.0052349195,0.0,0.0,-0.001,0,0,0,0,0
48280000,-0.0,-0.0,-0.010476865,0.0,0.9999863,-0.0,0.0,-0.005238409,0.0,0.0,-0.001,0,0,0,0,0
48336000,-0.0,-0.0,-0.010485457,0.0,0.99998623,-0.0,0.0,-0.0052427053,0.0,0.0,-0.001,0,0,0,0,0
48385000,-0.0,-0.0,-0.010492364,0.0,0.99998623,-0.0,0.0,-0.005246158,0.0,0.0,-0.001,0,0,0,0,0
48425000,-0.0,-0.0,-0.010498214,0.0,0.99998623,-0.0,0.0,-0.0052490835,0.0,0.0,-0.001,0,0,0,0,0
48485000,-0.0,-0.0,-0.010505374,0.0,0.9999862,-0.0,0.0,-0.0052526626,0.0,0.0,-0.001,0,0,0,0,0
48524000,-0.0,-0.0,-0.010509344,0.0,0.9999862,-0.0,0.0,-0.0052546477,0.0,0.0,-0.001,0,0,0,0,0
48580000,-0.0,-0.0,-0.010512508,0.0,0.9999862,-0.0,0.0,-0.00525623,0.0,0.0,-0.001,0,0,0,0,0
48624000,-0.0,-0.0,-0.010513898,0.0,0.9999862,-0.0,0.0,-0.005256925,0.0,0.0,-0.001,0,0,0,0,0
48676000,-0.0,-0.0,-0.010513958,0.0,0.9999862,-0.0,0.0,-0.0052569546,0.0,0.0,-0.001,0,0,0,0,0
48724000,-0.0,-0.0,-0.010513304,0.0,0.9999862,-0.0,0.0,-0.0052566277,0.0,0.0,-0.001,0,0,0,0,0
48776000,-0.0,-0.0,-0.010512061,0.0,0.9999862,-0.0,0.0,-0.0052560065,0.0,0.0,-0.001,0,0,0,0,0
48824000,-0.0,-0.0,-0.010510323,0.0,0.99998623,-0.0,0.0,-0.005255138,0.0,0.0,-0.001,0,0,0,0,0
48876000,-0.0,-0.0,-0.010507954,0.0,0.9999862,-0.0,0.0,-0.005253953,0.0,0.0,-0.001,0,0,0,0,0
48927000,-0.0,-0.0,-0.010504539,0.0,0.99998623,-0.0,0.0,-0.0052522463,0.0,0.0,-0.001,0,0,0,0,0
48984000,-0.0,-0.0,-0.010499866,0.0,0.99998623,-0.0,0.0,-0.0052499087,0.0,0.0,-0.001,0,0,0,0,0
49024000,-0.0,-0.0,-0.0104966685,0.0,0.99998623,-0.0,0.0,-0.0052483105,0.0,0.0,-0.001,0,0,0,0,0
49084000,-0.0,-0.0,-0.0104925,0.0,0.99998623,-0.0,0.0,-0.0052462267,0.0,0.0,-0.001,0,0,0,0,0
49133000,-0.0,-0.0,-0.010489682,0.0,0.99998623,-0.0,0.0,-0.005244817,0.0,0.0,-0.001,0,0,0,0,0
49176000,-0.0,-0.0,-0.010487975,0.0,0.9999863,-0.0,0.0,-0.0052439636,0.0,0.0,-0.001,0,0,0,0,0
49224000,-0.0,-0.0,-0.0104862405,0.0,0.99998623,-0.0,0.0,-0.005243097,0.0,0.0,-0.001,0,0,0,0,0
49276000,-0.0,-0.0,-0.010485617,0.0,0.99998623,-0.0,0.0,-0.0052427854,0.0,0.0,-0.001,0,0,0,0,0
49328000,-0.0,-0.0,-0.01048574,0.0,0.99998623,-0.0,0.0,-0.005242847,0.0,0.0,-0.001,0,0,0,0,0
49384000,-0.0,-0.0,-0.010487574,0.0,0.9999863,-0.0,0.0,-0.0052437633,0.0,0.0,-0.001,0,0,0,0,0
49424000,-0.0,-0.0,-0.010489496,0.0,0.99998623,-0.0,0.0,-0.0052447245,0.0,0.0,-0.001,0,0,0,0,0
49484000,-0.0,-0.0,-0.010491839,0.0,0.99998623,-0.0,0.0,-0.0052458956,0.0,0.0,-0.001,0,0,0,0,0
49525000,-0.0,-0.0,-0.010492956,0.0,0.99998623,-0.0,0.0,-0.0052464553,0.0,0.0,-0.001,0,0,0,0,0
49585000,-0.0,-0.0,-0.010492746,0.0,0.99998623,-0.0,0.0,-0.0052463496,0.0,0.0,-0.001,0,0,0,0,0
49633000,-0.0,-0.0,-0.010491585,0.0,0.99998623,-0.0,0.0,-0.005245769,0.0,0.0,-0.001,0,0,0,0,0
49685000,-0.0,-0.0,-0.010489594,0.0,0.99998623,-0.0,0.0,-0.0052447733,0.0,0.0,-0.001,0,0,0,0,0
49725000,-0.0,-0.0,-0.0104872165,0.0,0.9999863,-0.0,0.0,-0.0052435845,0.0,0.0,-0.001,0,0,0,0,0
49776000,-0.0,-0.0,-0.010484806,0.0,0.99998623,-0.0,0.0,-0.00524238,0.0,0.0,-0.001,0,0,0,0,0
49836000,-0.0,-0.0,-0.010481934,0.0,0.9999863,-0.0,0.0,-0.0052409433,0.0,0.0,-0.001,0,0,0,0,0
49888000,-0.0,-0.0,-0.010480578,0.0,0.9999863,-0.0,0.0,-0.005240265,0.0,0.0,-0.001,0,0,0,0,0
49925000,-0.0,-0.0,-0.010480007,0.0,0.9999863,-0.0,0.0,-0.0052399794,0.0,0.0,-0.001,0,0,0,0,0
49984000,-0.0,-0.0,-0.01048049,0.0,0.9999863,-0.0,0.0,-0.0052402206,0.0,0.0,-0.001,0,0,0,0,0
50028000,-0.0,-0.0,-0.0104816845,0.0,0.9999863,-0.0,0.0,-0.0052408185,0.0,0.0,-0.001,0,0,0,0,0
50088000,-0.0,-0.0,-0.010483469,0.0,0.99998623,-0.0,0.0,-0.0052417107,0.0,0.0,-0.001,0,0,0,0,0
50125000,-0.0,-0.0,-0.010484449,0.0,0.99998623,-0.0,0.0,-0.005242201,0.0,0.0,-0.001,0,0,0,0,0
50176000,-0.0,-0.0,-0.010485489,0.0,0.99998623,-0.0,0.0,-0.005242721,0.0,0.0,-0.001,0,0,0,0,0
50224000,-0.0,-0.0,-0.010485768,0.0,0.99998623,-0.0,0.0,-0.005242861,0.0,0.0,-0.001,0,0,0,0,0
50284000,-0.0,-0.0,-0.010485056,0.0,0.99998623,-0.0,0.0,-0.0052425046,0.0,0.0,-0.001,0,0,0,0,0
50336000,-0.0,-0.0,-0.010483564,0.0,0.99998623,-0.0,0.0,-0.005241758,0.0,0.0,-0.001,0,0,0,0,0
50384000,-0.0,-0.0,-0.010480619,0.0,0.9999863,-0.0,0.0,-0.0052402853,0.0,0.0,-0.001,0,0,0,0,0
