timestamp,timestamp_sample,vibe[0],vibe[1],vibe[2],output_tracking_error[0],output_tracking_error[1],output_tracking_error[2],control_mode_flags,filter_fault_flags,pos_horiz_accuracy,pos_vert_accuracy,mag_test_ratio,vel_test_ratio,pos_test_ratio,hgt_test_ratio,tas_test_ratio,hagl_test_ratio,beta_test_ratio,time_slip,accel_device_id,gyro_device_id,baro_device_id,mag_device_id,gps_check_fail_flags,innovation_check_flags,solution_status_flags,reset_count_vel_ne,reset_count_vel_d,reset_count_pos_ne,reset_count_pod_d,reset_count_quat,pre_flt_fail_innov_heading,pre_flt_fail_innov_vel_horiz,pre_flt_fail_innov_vel_vert,pre_flt_fail_innov_height,pre_flt_fail_mag_field_disturbed,health_flags,timeout_flags
713000,713000,0.0,0.0,0.008114209,1.110223e-16,7.659942e-05,6.894358e-07,512,0,0.70622146,3.5000029,0.0,nan,nan,1.1754944e-38,0.0,0.0,0.0,0.0,1310988,1310988,6620172,197388,0,0,228,1,0,1,0,1,0,0,0,0,0,0,0
728000,728000,0.0,0.0,0.00834168,1.110223e-16,0.00017885768,2.6103824e-06,512,0,0.7097526,3.5000114,0.0,nan,nan,1.1754944e-38,0.0,0.0,0.0,0.0,1310988,1310988,6620172,197388,0,0,228,1,0,1,0,1,0,0,0,0,0,0,0
916000,916000,0.0,0.0,0.010283005,1.110223e-16,0.0009538855,0.017599322,512,0,0.6247497,1.750609,0.0,nan,nan,0.0014104926,0.0,0.0,0.0,0.0,1310988,1310988,6620172,197388,0,0,228,1,0,1,0,1,0,0,0,0,0,0,0
1113000,1113000,0.0,0.0,0.011163958,1.110223e-16,0.0003959078,0.0063194633,512,0,1.2745928,1.2402973,0.0,nan,nan,0.0003031438,0.0,0.0,0.0,0.0,1310988,1310988,6620172,197388,0,0,228,1,0,1,0,1,0,0,0,0,0,0,0
1316000,1316000,0.0,0.0,0.01105733,1.110223e-16,7.87396e-05,0.0040998776,512,0,1.0218762,1.0181009,0.0,nan,nan,0.00027010756,0.0,0.0,0.0,0.0,1310988,1310988,6620172,197388,0,0,228,1,0,1,0,1,0,0,0,0,0,0,0
1509000,1509000,0.0,0.0,0.012216501,1.110223e-16,0.0005372986,0.007991836,512,0,0.85423124,0.8906363,0.0,nan,nan,0.0019021506,0.0,0.0,0.0,0.0,1310988,1310988,6620172,197388,0,0,228,1,0,1,0,1,0,0,0,0,0,0,0
1708000,1708000,0.0,0.0,0.012506334,3.568319e-15,0.0002427306,0.0035070004,512,0,0.77033883,0.8117361,0.0,nan,nan,0.0015053973,0.0,0.0,0.0,0.0,1310988,1310988,6620172,197388,0,0,228,1,0,1,0,1,0,0,0,0,0,0,0
1917000,1917000,0.0,0.0,0.011904741,1.60566e-14,0.00071990956,0.004320941,512,0,0.72091764,0.76335573,0.0,nan,nan,0.0048057917,0.0,0.0,0.0,0.0,1310988,1310988,6620172,197388,0,0,228,1,0,1,0,1,0,0,0,0,0,0,0
2108000,2108000,0.0,0.0,0.011651805,4.992534e-14,0.0006898446,0.0034819078,512,0,0.6854278,0.7476074,0.0,nan,nan,0.0020861232,0.0,0.0,0.0,0.0,1310988,1310988,6620172,197388,0,0,228,1,0,1,0,1,0,0,0,0,0,0,0
2312000,2312000,0.0,0.0,0.011239116,8.557767e-14,0.00019502267,0.0014097411,512,0,0.680998,0.72988814,0.0,nan,nan,0.0008796097,0.0,0.0,0.0,0.0,1310988,1310988,6620172,197388,0,0,228,1,0,1,0,1,0,0,0,0,0,0,0
2508000,2508000,0.0,0.0,0.012535467,3.568319e-15,0.0007068347,0.001228055,512,0,0.69242847,0.7230026,0.0,nan,nan,0.0018421327,0.0,0.0,0.0,0.0,1310988,1310988,6620172,197388,0,0,228,1,0,1,0,1,0,0,0,0,0,0,0
2717000,2717000,0.0,0.0,0.0137941595,6.9887856e-13,0.0017983075,0.0042829793,512,0,0.7110736,0.72693235,0.0,nan,nan,0.002935659,0.0,0.0,0.0,0.0,1310988,1310988,6620172,197388,0,0,228,1,0,1,0,1,0,0,0,0,0,0,0
2909000,2909000,0.0,0.0,0.013738046,6.115109e-13,0.00030493923,0.0010455679,512,0,0.6907032,0.74499834,0.0,nan,nan,0.0003668846,0.0,0.0,0.0,0.0,1310988,1310988,6620172,197388,0,0,228,1,0,1,0,1,0,0,0,0,0,0,0
3109000,3109000,0.0,0.0,0.0146163395,7.381041e-13,5.4096803e-05,0.00021268055,512,0,0.67499495,0.75245124,0.0,nan,nan,0.00043481958,0.0,0.0,0.0,0.0,1310988,1310988,6620172,197388,0,0,228,1,0,1,0,1,0,0,0,0,0,0,0
3308000,3308000,0.0,0.0,0.014264228,2.2785107e-12,0.0022535343,0.004551595,512,0,0.65533274,0.7611076,0.0,nan,nan,0.0021856106,0.0,0.0,0.0,0.0,1310988,1310988,6620172,197388,0,0,228,1,0,1,0,1,0,0,0,0,0,0,0
3509000,3509000,0.0,0.0,0.015110813,3.786839e-12,0.0027342513,0.00570124,512,0,0.63424456,0.7687262,0.0,nan,nan,0.0012110985,0.0,0.0,0.0,0.0,1310988,1310988,6620172,197388,0,0,228,1,0,1,0,1,0,0,0,0,0,0,0
3708000,3708000,0.0,0.0,0.014220422,5.156077e-12,0.0026556458,0.005659312,512,0,0.61376363,0.7948028,0.0,nan,nan,0.0008401436,0.0,0.0,0.0,0.0,1310988,1310988,6620172,197388,0,0,228,1,0,1,0,1,0,0,0,0,0,0,0
3916000,3916000,0.0,0.0,0.015436073,5.655282e-12,0.0016180277,0.0036202166,512,0,0.60032713,0.79958105,0.0,nan,nan,0.00019541294,0.0,0.0,0.0,0.0,1310988,1310988,6620172,197388,0,0,228,1,0,1,0,1,0,0,0,0,0,0,0
4116000,4116000,0.0,0.0,0.019245867,6.812377e-12,0.0023248494,0.004783394,512,0,0.5717486,0.7939595,0.0,nan,nan,0.0016516944,0.0,0.0,0.0,0.0,1310988,1310988,6620172,197388,0,0,228,1,0,1,0,1,0,0,0,0,0,0,0
4308000,4304000,0.0,0.0,0.016675882,7.812584e-12,0.0024977252,0.0051767807,512,0,0.55662197,0.79539275,0.0,nan,nan,0.0034808705,0.0,0.0,0.0,0.0,1310988,1310988,6620172,197388,0,0,228,1,0,1,0,1,0,0,0,0,0,0,0
4509000,4504000,0.0,0.0,0.0154877845,6.8979614e-12,0.00048015453,0.0006215535,512,0,0.5458355,0.79192144,0.0,nan,nan,0.0017500204,0.0,0.0,0.0,0.0,1310988,1310988,6620172,197388,0,0,228,1,0,1,0,1,0,0,0,0,0,0,0
4713000,4708000,0.0,0.0,0.014764701,7.612903e-12,0.0004194295,0.0011327174,512,0,0.54194957,0.7885503,0.0,nan,nan,0.0007165642,0.0,0.0,0.0,0.0,1310988,1310988,6620172,197388,0,0,228,1,0,1,0,1,0,0,0,0,0,0,0
4913000,4909000,0.0,0.0,0.013965148,7.8232976e-12,0.0005867332,0.0015440937,512,0,0.532628,0.8023262,0.0,nan,nan,0.0022642256,0.0,0.0,0.0,0.0,1310988,1310988,6620172,197388,0,0,228,1,0,1,0,1,0,0,0,0,0,0,0
5112000,5108000,0.0,0.0,0.013890632,9.022039e-06,0.0009238671,0.0025619008,512,0,0.51717526,0.7895319,0.0,nan,nan,0.0013402887,0.0,0.0,0.0,0.0,1310988,1310988,6620172,197388,0,0,228,1,0,1,0,1,0,0,0,0,0,0,0
5313000,5308000,0.0,0.0,0.014043204,1.604498e-05,0.0004085689,0.0015532079,512,0,0.49665293,0.77324855,0.0,nan,nan,0.0014349032,0.0,0.0,0.0,0.0,1310988,1310988,6620172,197388,0,0,228,1,0,1,0,1,0,0,0,0,0,0,0
5516000,5509000,0.0,0.0,0.014942581,1.7235105e-05,0.0007842667,0.0027142838,512,0,0.48843187,0.7613615,0.0,nan,nan,0.001889659,0.0,0.0,0.0,0.0,1310988,1310988,6620172,197388,0,0,228,1,0,1,0,1,0,0,0,0,0,0,0
5709000,5705000,0.0,0.0,0.015027755,1.5135728e-05,0.0013773162,0.004154063,512,0,0.47594646,0.74756426,0.0,nan,nan,0.0031878974,0.0,0.0,0.0,0.0,1310988,1310988,6620172,197388,0,0,228,1,0,1,0,1,0,0,0,0,0,0,0
5913000,5905000,0.0,0.0,0.015629245,1.403866e-05,0.0006694141,0.0024101334,512,0,0.46841976,0.7549009,0.0,nan,nan,0.0014482825,0.0,0.0,0.0,0.0,1310988,1310988,6620172,197388,0,0,228,1,0,1,0,1,0,0,0,0,0,0,0
6117000,6109000,0.0,0.0,0.014771441,1.3266667e-05,0.0013339305,0.0028723455,512,0,0.465663,0.74878484,0.0,nan,nan,0.0015551728,0.0,0.0,0.0,0.0,1310988,1310988,6620172,197388,0,0,228,1,0,1,0,1,0,0,0,0,0,0,0
6312000,6305000,0.0,0.0,0.014756588,1.36825565e-05,0.0009151998,0.0021944775,512,0,0.60204905,0.7409853,0.0,nan,nan,0.0010046802,0.0,0.0,0.0,0.0,1310988,1310988,6620172,197388,0,0,228,1,0,1,0,1,0,0,0,0,0,0,0
6513000,6508000,0.0,0.0,0.015486524,1.4272455e-05,0.0009883724,0.0025045648,512,0,0.59209186,0.73740697,0.0,nan,nan,0.002810122,0.0,0.0,0.0,0.0,1310988,1310988,6620172,197388,0,0,228,1,0,1,0,1,0,0,0,0,0,0,0
6708000,6701000,0.0,0.0,0.015624075,1.3358465e-05,0.00068550464,0.0017720362,512,0,0.5683134,0.7458945,0.0,nan,nan,0.00066308444,0.0,0.0,0.0,0.0,1310988,1310988,6620172,197388,0,0,228,1,0,1,0,1,0,0,0,0,0,0,0
6912000,6908000,0.0,0.0,0.0144609865,9.914653e-06,0.00038850418,0.000766874,531,0,0.55630976,0.74574536,2.1291116e-05,nan,nan,0.004201149,0.0,0.0,0.0,0.0,1310988,1310988,6620172,197388,0,0,229,1,0,1,0,2,0,0,0,0,0,0,0
7109000,7105000,0.0,0.0,0.015532908,1.20528675e-05,0.00023132857,0.0005037426,531,0,0.52402204,0.7405563,3.8492544e-05,nan,nan,0.00035380325,0.0,0.0,0.0,0.0,1310988,1310988,6620172,197388,0,0,229,1,0,1,0,2,0,0,0,0,0,0,0
7317000,7312000,0.0,0.0,0.015369546,1.1832561e-05,0.00079682254,0.0017053521,531,0,0.50530654,0.74316424,5.533588e-05,nan,nan,0.0028476834,0.0,0.0,0.0,0.0,1310988,1310988,6620172,197388,0,0,229,1,0,1,0,2,0,0,0,0,0,0,0
7508000,7501000,0.0,0.0,0.015543204,1.0645788e-05,0.0013060943,0.003010688,531,0,0.48407298,0.74031115,6.689462e-05,nan,nan,0.0026960964,0.0,0.0,0.0,0.0,1310988,1310988,6620172,197388,0,0,229,1,0,1,0,2,0,0,0,0,0,0,0
7712000,7708000,0.0,0.0,0.01576929,8.859387e-06,0.0008037188,0.0016783082,531,0,0.47780934,0.7444279,7.595198e-05,nan,nan,0.002256469,0.0,0.0,0.0,0.0,1310988,1310988,6620172,197388,0,0,229,1,0,1,0,2,0,0,0,0,0,0,0
7909000,7904000,0.0,0.0,0.015327648,6.2208524e-06,0.001241289,0.002936438,531,0,0.4686425,0.7596191,7.565175e-05,nan,nan,0.0023469694,0.0,0.0,0.0,0.0,1310988,1310988,6620172,197388,0,0,229,1,0,1,0,2,0,0,0,0,0,0,0
8116000,8112000,0.0,0.0,0.016481668,5.0540943e-06,0.0012095508,0.00296948,531,0,0.47319224,0.7646233,7.6120814e-05,nan,nan,0.0024575745,0.0,0.0,0.0,0.0,1310988,1310988,6620172,197388,0,0,229,1,0,1,0,2,0,0,0,0,0,0,0
8313000,8309000,0.0,0.0,0.017012533,3.4808754e-06,0.00055387366,0.0016136548,531,0,0.4751038,0.7653706,6.9612e-05,nan,nan,0.0015726625,0.0,0.0,0.0,0.0,1310988,1310988,6620172,197388,0,0,229,1,0,1,0,2,0,0,0,0,0,0,0
8517000,8509000,0.0,0.0,0.015825318,4.229301e-06,0.00030443043,0.0009945232,531,0,0.47634977,0.76481277,6.265425e-05,nan,nan,0.0006487798,0.0,0.0,0.0,0.0,1310988,1310988,6620172,197388,0,0,229,1,0,1,0,2,0,0,0,0,0,0,0
8713000,8708000,0.0,0.0,0.015017286,4.945321e-06,0.0007478584,0.0018603823,531,0,0.47546127,0.7826009,5.5346456e-05,nan,nan,0.00079457654,0.0,0.0,0.0,0.0,1310988,1310988,6620172,197388,0,0,229,1,0,1,0,2,0,0,0,0,0,0,0
8913000,8909000,0.0,0.0,0.01499281,5.425911e-06,0.0009644348,0.0018062101,531,0,0.47364745,0.78046495,5.171101e-05,nan,nan,0.0015217954,0.0,0.0,0.0,0.0,1310988,1310988,6620172,197388,0,0,229,1,0,1,0,2,0,0,0,0,0,0,0
9116000,9112000,0.0,0.0,0.014812726,5.960794e-06,0.0012234283,0.002564662,531,0,0.46842661,0.7773322,4.9173992e-05,nan,nan,0.0008578058,0.0,0.0,0.0,0.0,1310988,1310988,6620172,197388,0,0,229,1,0,1,0,2,0,0,0,0,0,0,0
9312000,9308000,0.0,0.0,0.014306281,6.517579e-06,0.002271853,0.004938634,531,0,0.46065956,0.79323924,4.791939e-05,nan,nan,0.0046875617,0.0,0.0,0.0,0.0,1310988,1310988,6620172,197388,0,0,229,1,0,1,0,2,0,0,0,0,0,0,0
9512000,9508000,0.0,0.0,0.015330212,6.4433666e-06,0.0003590432,0.00095819816,531,0,0.45259255,0.7882662,5.1654744e-05,nan,nan,0.001255053,0.0,0.0,0.0,0.0,1310988,1310988,6620172,197388,0,0,229,1,0,1,0,2,0,0,0,0,0,0,0
9713000,9708000,0.0,0.0,0.014511904,7.437371e-06,0.0017630825,0.0037185317,531,0,0.4443226,0.7827894,5.7497196e-05,nan,nan,0.0014892251,0.0,0.0,0.0,0.0,1310988,1310988,6620172,197388,0,0,229,1,0,1,0,2,0,0,0,0,0,0,0
9913000,9905000,0.0,0.0,0.015545659,8.08828e-06,0.00013570172,0.00023186335,531,0,0.43230698,0.7736309,6.289643e-05,nan,nan,0.0013326213,0.0,0.0,0.0,0.0,1310988,1310988,6620172,197388,0,0,229,1,0,1,0,2,0,0,0,0,0,0,0
10113000,10108000,0.0,0.0,0.014743093,7.667852e-06,0.00031702884,0.005481744,535,0,0.36405694,0.75460625,7.055743e-05,1.1754944e-38,1.1754944e-38,0.001753508,0.0,0.0,0.0,0.0,1310988,1310988,6620172,197388,0,0,895,2,1,2,0,2,0,0,0,0,0,0,0
10316000,10312000,0.0,0.0,0.015590487,0.00073259824,0.057657957,0.01406599,535,0,0.2968256,0.6947484,0.00040355834,0.08106976,0.0027513064,0.0011289004,0.0,0.0,0.0,0.0,1310988,1310988,6620172,197388,0,0,895,2,1,2,0,2,0,0,0,0,0,0,0
10513000,10505000,0.0,0.0,0.0146572385,0.00036121145,0.036601122,0.027100872,535,0,0.25877157,0.6592791,0.00029444392,0.05513479,0.0038406488,0.0013059373,0.0,0.0,0.0,0.0,1310988,1310988,6620172,197388,0,0,895,2,1,2,0,2,0,0,0,0,0,0,0
10713000,10708000,0.0,0.0,0.015304484,0.0010511392,0.028062537,0.028557448,535,0,0.23452178,0.6195751,4.2544914e-05,0.049656946,0.006026405,0.00022055619,0.0,0.0,0.0,0.0,1310988,1310988,6620172,197388,0,0,895,2,1,2,0,2,0,0,0,0,0,0,0
10913000,10905000,0.0,0.0,0.01573797,0.0014660099,0.023842221,0.031169211,535,0,0.21739264,0.5946114,0.0018571108,0.038477592,0.006348694,4.296115e-07,0.0,0.0,0.0,0.0,1310988,1310988,6620172,197388,0,0,895,2,1,2,0,2,0,0,0,0,0,0,0
11116000,11112000,0.0,0.0,0.014542982,0.0016116145,0.018822454,0.017512416,535,0,0.20656724,0.5592081,0.001738245,0.0635779,0.0076263263,0.0006106877,0.0,0.0,0.0,0.0,1310988,1310988,6620172,197388,0,0,895,2,1,2,0,2,0,0,0,0,0,0,0
11312000,11308000,0.0,0.0,0.01450041,0.0017598373,0.016686311,0.01676984,535,0,0.19782114,0.54139173,0.0018355357,0.041039754,0.01094949,0.0031636402,0.0,0.0,0.0,0.0,1310988,1310988,6620172,197388,0,0,895,2,1,2,0,2,0,0,0,0,0,0,0
11505000,11500000,0.0,0.0,0.013367922,0.0024952146,0.019809695,0.020619804,535,0,0.19060007,0.5190654,0.00079771894,0.054004766,0.0096840095,0.0016358017,0.0,0.0,0.0,0.0,1310988,1310988,6620172,197388,0,0,895,2,1,2,0,2,0,0,0,0,0,0,0
11716000,11709000,0.0,0.0,0.0133918375,0.004885067,0.046061784,0.027840765,535,0,0.18641295,0.50064504,0.00662384,0.0574426,0.0044238893,0.0011844479,0.0,0.0,0.0,0.0,1310988,1310988,6620172,197388,0,0,895,2,1,2,0,2,0,0,0,0,0,0,0
11917000,11912000,0.0,0.0,0.013626497,0.0013148718,0.033074055,0.04924551,535,0,0.18265672,0.48395044,0.009526796,0.07461237,0.002672351,0.0038428213,0.0,0.0,0.0,0.0,1310988,1310988,6620172,197388,0,0,895,2,1,2,0,2,0,0,0,0,0,0,0
12112000,12108000,0.0,0.0,0.014239112,0.0027059172,0.029973114,0.027615793,535,0,0.17964077,0.47342074,0.004307047,0.053812463,0.0024468345,0.0051430115,0.0,0.0,0.0,0.0,1310988,1310988,6620172,197388,0,0,895,2,1,2,0,2,0,0,0,0,0,0,0
12313000,12308000,0.0,0.0,0.015321294,0.0018282884,0.027182426,0.034045935,535,0,0.17731372,0.45997596,0.0044075954,0.07957282,0.0063240943,0.001665459,0.0,0.0,0.0,0.0,1310988,1310988,6620172,197388,0,0,895,2,1,2,0,2,0,0,0,0,0,0,0
12512000,12508000,0.0,0.0,0.0152250845,0.0023608105,0.02330803,0.015035644,535,0,0.1755097,0.44804698,0.0035958807,0.06281196,0.0050010104,0.002659011,0.0,0.0,0.0,0.0,1310988,1310988,6620172,197388,0,0,895,2,1,2,0,2,0,0,0,0,0,0,0
12705000,12697000,0.0,0.0,0.014168457,0.0017335874,0.025370728,0.027425611,535,0,0.17326945,0.43680048,0.001584525,0.03420482,0.00015191862,0.00684954,0.0,0.0,0.0,0.0,1310988,1310988,6620172,197388,0,0,895,2,1,2,0,2,0,0,0,0,0,0,0
12913000,12908000,0.0,0.0,0.013687344,0.00068474753,0.012739796,0.011691278,535,0,0.17288053,0.42789128,0.000521786,0.013496479,0.0009553628,0.0053494098,0.0,0.0,0.0,0.0,1310988,1310988,6620172,197388,0,0,895,2,1,2,0,2,0,0,0,0,0,0,0
13109000,13105000,0.0,0.0,0.014723524,0.0009449731,0.014578135,0.013747201,535,0,0.18067305,0.4261842,0.00038066588,0.05247223,0.0005062677,0.0079437625,0.0,0.0,0.0,0.0,1310988,1310988,6620172,197388,0,0,895,2,1,2,0,2,0,0,0,0,0,0,0
13305000,13300000,0.0,0.0,0.014596003,0.0005114675,0.010254438,0.013555613,535,0,0.1796637,0.4182205,0.00028037452,0.076451614,0.0026233664,0.0024943636,0.0,0.0,0.0,0.0,1310988,1310988,6620172,197388,0,0,895,2,1,2,0,2,0,0,0,0,0,0,0
13512000,13505000,0.0,0.0,0.015491082,0.00045218802,0.018184237,0.037941426,535,0,0.17878576,0.41100466,0.0010183745,0.08160903,0.0026748963,0.0023366774,0.0,0.0,0.0,0.0,1310988,1310988,6620172,197388,0,0,895,2,1,2,0,2,0,0,0,0,0,0,0
13716000,13712000,0.0,0.0,0.016492363,0.00053978607,0.01994404,0.041305162,535,0,0.17824125,0.40453643,0.0006892205,0.07348967,0.001616283,0.0019532428,0.0,0.0,0.0,0.0,1310988,1310988,6620172,197388,0,0,895,2,1,2,0,2,0,0,0,0,0,0,0
13912000,13908000,0.0,0.0,0.016404867,0.00042806493,0.005261486,0.009753112,535,0,0.17683952,0.40067673,0.0017967155,0.045967247,0.00413288,0.0009639226,0.0,0.0,0.0,0.0,1310988,1310988,6620172,197388,0,0,895,2,1,2,0,2,0,0,0,0,0,0,0
14117000,14109000,0.0,0.0,0.015268758,0.00058931415,0.013710067,0.020314422,535,0,0.17745033,0.39592442,0.000605768,0.049188316,0.0034394555,0.00010180257,0.0,0.0,0.0,0.0,1310988,1310988,6620172,197388,0,0,895,2,1,2,0,2,0,0,0,0,0,0,0
14312000,14308000,0.0,0.0,0.017548447,0.00092043716,0.014008502,0.020992406,535,0,0.17696273,0.3909495,0.0029862653,0.06752016,0.0067275697,0.0023614068,0.0,0.0,0.0,0.0,1310988,1310988,6620172,197388,0,0,895,2,1,2,0,2,0,0,0,0,0,0,0
14516000,14509000,0.0,0.0,0.016769245,0.00034910848,0.0047457223,0.004739695,535,0,0.17751738,0.38703802,0.003208737,0.058941804,0.008262707,0.00091189827,0.0,0.0,0.0,0.0,1310988,1310988,6620172,197388,0,0,895,2,1,2,0,2,0,0,0,0,0,0,0
14716000,14712000,0.0,0.0,0.015573786,0.00048148155,0.0067675877,0.007940864,535,0,0.17709622,0.3828635,0.0033370957,0.025922965,0.009496061,0.0024499395,0.0,0.0,0.0,0.0,1310988,1310988,6620172,197388,0,0,895,2,1,2,0,2,0,0,0,0,0,0,0
14905000,14901000,0.0,0.0,0.015348019,0.00034177996,0.0037387663,0.0045189736,535,0,0.1757316,0.38066852,0.0037942016,0.034280986,0.0090373615,0.0041249976,0.0,0.0,0.0,0.0,1310988,1310988,6620172,197388,0,0,895,2,1,2,0,2,0,0,0,0,0,0,0
15113000,15109000,0.0,0.0,0.01563261,0.0007087653,0.004828552,0.002387066,535,0,0.17536883,0.37710065,0.0038339703,0.032253347,0.013222291,0.002533742,0.0,0.0,0.0,0.0,1310988,1310988,6620172,197388,0,0,895,2,1,2,0,2,0,0,0,0,0,0,0
15316000,15309000,0.0,0.0,0.01461482,0.00045588962,0.006420612,0.009987939,535,0,0.1759806,0.37444377,0.0035066237,0.011814233,0.01812473,0.006255334,0.0,0.0,0.0,0.0,1310988,1310988,6620172,197388,0,0,895,2,1,2,0,2,0,0,0,0,0,0,0
15501000,15497000,0.0,0.0,0.014528748,0.0007058995,0.006647654,0.006918199,535,0,0.17481269,0.3708249,0.0047072577,0.041679792,0.020429427,0.0028850716,0.0,0.0,0.0,0.0,1310988,1310988,6620172,197388,0,0,895,2,1,2,0,2,0,0,0,0,0,0,0
15712000,15708000,0.0,0.0,0.01402624,0.00066504,0.012571902,0.019045318,535,0,0.17443109,0.36799854,0.0044688764,0.03716306,0.020453533,0.002848633,0.0,0.0,0.0,0.0,1310988,1310988,6620172,197388,0,0,895,2,1,2,0,2,0,0,0,0,0,0,0
15916000,15912000,0.0,0.0,0.013552477,0.0008842655,0.014039251,0.014716464,535,0,0.17506585,0.365975,0.0025364154,0.04931417,0.020172095,0.0052022557,0.0,0.0,0.0,0.0,1310988,1310988,6620172,197388,0,0,895,2,1,2,0,2,0,0,0,0,0,0,0
16112000,16108000,0.0,0.0,0.013784441,0.0010783958,0.022451738,0.031233793,535,0,0.17388962,0.36493513,0.0005304039,0.07789906,0.021978153,0.009002427,0.0,0.0,0.0,0.0,1310988,1310988,6620172,197388,0,0,895,2,1,2,0,2,0,0,0,0,0,0,0
16317000,16312000,0.0,0.0,0.0139288455,0.001219324,0.01820724,0.025076328,535,0,0.17461315,0.36324322,0.0021568264,0.07304663,0.022011755,0.005743789,0.0,0.0,0.0,0.0,1310988,1310988,6620172,197388,0,0,895,2,1,2,0,2,0,0,0,0,0,0,0
16509000,16504000,0.0,0.0,0.016348217,0.0016169577,0.027209893,0.02893675,535,0,0.17263514,0.35997793,0.0024638185,0.06952732,0.014760933,0.007991065,0.0,0.0,0.0,0.0,1310988,1310988,6620172,197388,0,0,895,2,1,2,0,2,0,0,0,0,0,0,0
16716000,16709000,0.0,0.0,0.016463414,0.0008088852,0.017002443,0.024218174,535,0,0.17260076,0.3580151,0.00080164743,0.05090116,0.0090767685,0.00756097,0.0,0.0,0.0,0.0,1310988,1310988,6620172,197388,0,0,895,2,1,2,0,2,0,0,0,0,0,0,0
16917000,16909000,0.0,0.0,0.01636974,0.00017054519,0.012431079,0.023369728,535,0,0.17350005,0.35676527,0.00097612356,0.041933984,0.009752517,0.003530057,0.0,0.0,0.0,0.0,1310988,1310988,6620172,197388,0,0,895,2,1,2,0,2,0,0,0,0,0,0,0
17109000,17105000,0.0,0.0,0.01567294,0.0003752318,0.018794946,0.035705373,535,0,0.1733007,0.35687432,5.1538264e-05,0.08444546,0.010213661,0.0066270484,0.0,0.0,0.0,0.0,1310988,1310988,6620172,197388,0,0,895,2,1,2,0,2,0,0,0,0,0,0,0
17312000,17305000,0.0,0.0,0.015059785,0.0002065912,0.009231556,0.017762955,535,0,0.17304498,0.35519898,0.00019368507,0.012918558,0.013660213,0.0056777247,0.0,0.0,0.0,0.0,1310988,1310988,6620172,197388,0,0,895,2,1,2,0,2,0,0,0,0,0,0,0
17513000,17508000,0.0,0.0,0.015413374,0.00022625037,0.007258038,0.008547812,535,0,0.17204519,0.3530728,0.00037241765,0.018416636,0.014629784,0.006877838,0.0,0.0,0.0,0.0,1310988,1310988,6620172,197388,0,0,895,2,1,2,0,2,0,0,0,0,0,0,0
17708000,17704000,0.0,0.0,0.016194314,0.0005531995,0.01137108,0.01853397,535,0,0.17115088,0.3528453,0.00076366647,0.06330458,0.014611424,0.0052225296,0.0,0.0,0.0,0.0,1310988,1310988,6620172,197388,0,0,895,2,1,2,0,2,0,0,0,0,0,0,0
17913000,17909000,0.0,0.0,0.016082322,0.0008934283,0.022549257,0.035296306,535,0,0.17186607,0.35199204,0.002467932,0.08675033,0.009807472,0.0053949514,0.0,0.0,0.0,0.0,1310988,1310988,6620172,197388,0,0,895,2,1,2,0,2,0,0,0,0,0,0,0
18117000,18109000,0.0,0.0,0.015451492,0.00015690221,0.014044621,0.027105797,535,0,0.17188188,0.3506789,0.002140829,0.053542238,0.0064693564,0.000535733,0.0,0.0,0.0,0.0,1310988,1310988,6620172,197388,0,0,895,2,1,2,0,2,0,0,0,0,0,0,0
18309000,18305000,0.0,0.0,0.015502131,0.0005644685,0.01400899,0.026941523,535,0,0.17174686,0.34942868,0.0012818314,0.07372343,0.008026732,0.0013410741,0.0,0.0,0.0,0.0,1310988,1310988,6620172,197388,0,0,895,2,1,2,0,2,0,0,0,0,0,0,0
18517000,18512000,0.0,0.0,0.01624163,0.00050164084,0.01338961,0.020668684,1049111,0,0.17161366,0.34822825,0.0003741645,0.04568747,0.010821223,0.0038651777,0.0,0.0,0.0,0.0,1310988,1310988,6620172,197388,0,0,895,2,1,2,0,2,0,0,0,0,0,0,0
18709000,18705000,0.0,0.0,0.016122738,0.0004926295,0.012846836,0.02009272,1049111,0,0.17156203,0.34882486,0.00071661436,0.059447598,0.012669718,0.0011277356,0.0,0.0,0.0,0.0,1310988,1310988,6620172,197388,0,0,895,2,1,2,0,2,0,0,0,0,0,0,0
18916000,18909000,0.0,0.0,0.016431434,0.00022777615,0.008741839,0.016405145,1049111,0,0.17144763,0.34771994,2.6151689e-05,0.03367483,0.012972693,0.0021823405,0.0,0.0,0.0,0.0,1310988,1310988,6620172,197388,0,0,895,2,1,2,0,2,0,0,0,0,0,0,0
19117000,19112000,0.0,0.0,0.016721599,0.0006373483,0.010814725,0.020780483,1049111,0,0.17058623,0.34613705,0.0012337461,0.05421192,0.012680612,0.002968948,0.0,0.0,0.0,0.0,1310988,1310988,6620172,197388,0,0,895,2,1,2,0,2,0,0,0,0,0,0,0
19313000,19305000,0.0,0.0,0.015471761,0.00069789577,0.013803122,0.022316223,1049111,0,0.17060953,0.3451683,0.0023074094,0.0374713,0.013929645,0.00043579898,0.0,0.0,0.0,0.0,1310988,1310988,6620172,197388,0,0,895,2,1,2,0,2,0,0,0,0,0,0,0
19513000,19505000,0.0,0.0,0.016607873,0.00016113876,0.013392144,0.032604046,1049111,0,0.16981724,0.3453828,0.0020452072,0.056020666,0.016948579,0.0012889886,0.0,0.0,0.0,0.0,1310988,1310988,6620172,197388,0,0,895,2,1,2,0,2,0,0,0,0,0,0,0
19717000,19709000,0.0,0.0,0.01569158,0.00055962143,0.012500006,0.025507247,1049111,0,0.16981529,0.34449244,0.0011667259,0.04048843,0.019098373,0.00023841376,0.0,0.0,0.0,0.0,1310988,1310988,6620172,197388,0,0,895,2,1,2,0,2,0,0,0,0,0,0,0
19916000,19909000,0.0,0.0,0.01557741,0.0004241291,0.017287651,0.035749856,1049111,0,0.17122418,0.34467086,0.0004895829,0.064098835,0.0201662,1.1754944e-38,0.0,0.0,0.0,0.0,1310988,1310988,6620172,197388,0,0,895,2,1,2,0,2,0,0,0,0,0,0,0
20108000,20104000,0.0,0.0,0.014408661,0.00014134114,0.012684745,0.0296838,1049111,0,0.17089853,0.34378448,0.00034425338,0.025140453,0.023138143,1.1754944e-38,0.0,0.0,0.0,0.0,1310988,1310988,6620172,197388,0,0,895,2,1,2,0,2,0,0,0,0,0,0,0
20308000,20304000,0.0,0.0,0.01450124,0.0007610219,0.016461644,0.020464705,1049111,0,0.17122018,0.34508145,0.0015212875,0.06538581,0.02283237,0.00096313487,0.0,0.0,0.0,0.0,1310988,1310988,6620172,197388,0,0,895,2,1,2,0,2,0,0,0,0,0,0,0
20516000,20509000,0.0,0.0,0.013140604,0.00044080603,0.01233761,0.01858469,1049111,0,0.17145883,0.3447163,0.002143296,0.03910862,0.02158929,1.1754944e-38,0.0,0.0,0.0,0.0,1310988,1310988,6620172,197388,0,0,895,2,1,2,0,2,0,0,0,0,0,0,0
20712000,20708000,0.0,0.0,0.013855852,0.0007454558,0.01955401,0.02843251,1049111,0,0.17096972,0.34385675,0.0013038093,0.07151145,0.02090784,1.1754944e-38,0.0,0.0,0.0,0.0,1310988,1310988,6620172,197388,0,0,895,2,1,2,0,2,0,0,0,0,0,0,0
20913000,20905000,0.0,0.0,0.014588015,0.0011366697,0.02623854,0.031091139,1049111,0,0.16977738,0.3425102,0.00068921846,0.07200869,0.014016928,0.0022258,0.0,0.0,0.0,0.0,1310988,1310988,6620172,197388,0,0,895,2,1,2,0,2,0,0,0,0,0,0,0
21108000,21101000,0.0,0.0,0.014339024,7.844382e-05,0.010752147,0.023761654,1049111,0,0.16941929,0.34171784,0.0009514344,0.05387851,0.011532416,0.001635954,0.0,0.0,0.0,0.0,1310988,1310988,6620172,197388,0,0,895,2,1,2,0,2,0,0,0,0,0,0,0
21308000,21304000,0.0,0.0,0.015207173,0.00037551209,0.01689584,0.03464203,1049111,0,0.16910158,0.34257877,0.0014807184,0.06224312,0.011931456,1.1754944e-38,0.0,0.0,0.0,0.0,1310988,1310988,6620172,197388,0,0,895,2,1,2,0,2,0,0,0,0,0,0,0
21513000,21509000,0.0,0.0,0.013929906,0.00066195946,0.014217597,0.02091594,1049111,0,0.16947387,0.34233755,0.00070489116,0.04784411,0.0074255844,0.0004731312,0.0,0.0,0.0,0.0,1310988,1310988,6620172,197388,0,0,895,2,1,2,0,2,0,0,0,0,0,0,0
21716000,21709000,7.0888873e-13,8.033091e-07,0.014564475,0.0005901986,0.012623928,0.015110092,1049111,0,0.16913109,0.34159586,0.00019072593,0.05268924,0.008304084,0.0032584062,0.0,0.0,0.0,0.0,1310988,1310988,6620172,197388,0,0,895,2,1,2,0,2,0,0,0,0,0,0,0
21909000,21904000,1.3545275e-12,1.4494707e-06,0.015353974,0.00043691622,0.008665324,0.01024841,1049111,0,0.16814087,0.34038305,0.0005859078,0.05641265,0.008907341,0.0048708,0.0,0.0,0.0,0.0,1310988,1310988,6620172,197388,0,0,895,2,1,2,0,2,0,0,0,0,0,0,0
22105000,22100000,5.096539e-12,2.781898e-06,0.014805352,0.0005628935,0.013646391,0.013775306,1049239,0,0.16793515,0.3397089,0.0011499,0.05375614,0.0044123926,0.0021903627,0.0,0.0,0.0,0.0,1310988,1310988,6620172,197388,0,0,895,2,1,2,0,2,0,0,0,0,0,0,0
22317000,22309000,1.0462463e-11,5.3951385e-06,0.015215515,0.0007116934,0.026744295,0.024845498,1049239,0,0.16839346,0.34114295,0.0015592631,0.051588632,0.0074139573,0.0045454735,0.0,0.0,0.0,0.0,1310988,1310988,6620172,197388,0,0,895,2,1,2,0,2,0,0,0,0,0,0,0
22517000,22512000,7.622019e-11,9.99682e-06,0.016065916,0.00041870066,0.028093694,0.028641962,1049239,0,0.16813199,0.34046456,0.0027056881,0.055293802,0.011256948,0.00045580146,0.0,0.0,0.0,0.0,1310988,1310988,6620172,197388,0,0,895,2,1,2,0,2,0,0,0,0,0,0,0
22716000,22712000,3.9024547e-10,2.8833085e-05,0.01758848,0.00020770202,0.014099738,0.012050469,1049239,0,0.16801389,0.3398067,0.0032015883,0.020628365,0.012925525,1.1754944e-38,0.0,0.0,0.0,0.0,1310988,1310988,6620172,197388,0,0,895,2,1,2,0,2,0,0,0,0,0,0,0
22908000,22901000,8.795691e-10,6.345672e-05,0.01829643,0.00034880737,0.023017386,0.0118825575,1049239,0,0.16720584,0.33866853,0.006235481,0.041672982,0.019365668,0.000561492,0.0,0.0,0.0,0.0,1310988,1310988,6620172,197388,0,0,895,2,1,2,0,2,0,0,0,0,0,0,0
23108000,23101000,2.0159798e-09,7.8554796e-05,0.019514523,0.0004025752,0.05558291,0.037561677,1049239,0,0.16719718,0.33963528,0.003587757,0.096803345,0.016507072,1.1754944e-38,0.0,0.0,0.0,0.0,1310988,1310988,6620172,197388,0,0,895,2,1,2,0,2,0,0,0,0,0,0,0
23312000,23308000,1.7292153e-09,0.00010985834,0.020038458,0.00019621437,0.04302833,0.05306773,1049239,0,0.1672941,0.33901736,0.00054629555,0.07657054,0.011082949,0.0040973956,0.0,0.0,0.0,0.0,1310988,1310988,6620172,197388,0,0,895,2,1,2,0,2,0,0,0,0,0,0,0
23517000,23509000,1.4414616e-09,0.00010430103,0.017932855,7.587806e-05,0.021269506,0.028374273,1049239,0,0.16816285,0.33890596,0.001337492,0.016283048,0.007250137,0.009511164,0.0,0.0,0.0,0.0,1310988,1310988,6620172,197388,0,0,895,2,1,2,0,2,0,0,0,0,0,0,0
23716000,23712000,1.1464519e-09,8.4697494e-05,0.015957903,7.9020705e-05,0.012705828,0.023144305,1049239,0,0.1681886,0.33830395,0.0018067448,0.043163303,0.004882443,0.00045169497,0.0,0.0,0.0,0.0,1310988,1310988,6620172,197388,0,0,895,2,1,2,0,2,0,0,0,0,0,0,0
23916000,23909000,8.215959e-10,6.393078e-05,0.015193152,9.419145e-05,0.027017925,0.026688218,663,0,0.16813356,0.33771497,0.0017978235,0.055412922,0.0035206506,0.0014777526,0.0,0.0,0.0,0.0,1310988,1310988,6620172,197388,0,0,895,2,1,2,0,2,0,0,0,0,0,0,0
24105000,24101000,6.8622014e-10,6.212759e-05,0.01628098,8.8433146e-05,0.014002385,0.015577485,663,0,0.17629848,0.34029528,0.0016531807,0.04119983,0.004428888,0.0044407183,0.0,0.0,0.0,0.0,1310988,1310988,6620172,197388,0,0,895,2,1,2,0,2,0,0,0,0,0,0,0
24316000,24309000,5.437811e-10,5.4085118e-05,0.016930278,6.91806e-05,0.018424276,0.017556176,663,0,0.16814707,0.33814767,0.001183438,0.046573315,0.009945164,0.0039610313,0.0,0.0,0.0,0.0,1310988,1310988,6620172,197388,0,0,895,2,1,2,0,2,0,0,0,0,0,0,0
24512000,24508000,4.873279e-10,5.361911e-05,0.0167437,7.760273e-05,0.019255558,0.02079065,663,0,0.17701817,0.33962375,0.0015106332,0.06792013,0.0072362726,0.0020474237,0.0,0.0,0.0,0.0,1310988,1310988,6620172,197388,0,0,895,2,1,2,0,2,0,0,0,0,0,0,0
24708000,24704000,4.1094478e-10,5.4486376e-05,0.014979094,0.00010361941,0.02227662,0.028824065,663,0,0.17579466,0.34014428,0.0019743275,0.033999633,0.005512443,0.005245513,0.0,0.0,0.0,0.0,1310988,1310988,6620172,197388,0,0,895,2,1,2,0,2,0,0,0,0,0,0,0
24917000,24909000,3.9387058e-10,5.7528734e-05,0.015480211,0.00011246392,0.011276011,0.017976157,663,0,0.17647907,0.33849868,0.00161357,0.03753417,0.0034073174,0.005651613,0.0,0.0,0.0,0.0,1310988,1310988,6620172,197388,0,0,895,2,1,2,0,2,0,0,0,0,0,0,0
25112000,25108000,3.0821923e-10,4.536305e-05,0.015008601,9.3100054e-05,0.015043664,0.02929936,663,0,0.17528717,0.33904487,0.00125559,0.09639505,0.0049359174,0.005208861,0.0,0.0,0.0,0.0,1310988,1310988,6620172,197388,0,0,895,2,1,2,0,2,0,0,0,0,0,0,0
25312000,25308000,2.3884902e-10,3.643586e-05,0.01511896,6.9710375e-05,0.01373854,0.025871992,663,0,0.17493245,0.3385082,0.0012890358,0.042130623,0.005041989,0.0048510935,0.0,0.0,0.0,0.0,1310988,1310988,6620172,197388,0,0,895,2,1,2,0,2,0,0,0,0,0,0,0
25509000,25505000,2.0204803e-10,2.9436613e-05,0.015029432,5.602441e-05,0.010049311,0.025277784,663,0,0.17381275,0.33750665,0.0008649422,0.054321136,0.009769139,0.006064957,0.0,0.0,0.0,0.0,1310988,1310988,6620172,197388,0,0,895,2,1,2,0,2,0,0,0,0,0,0,0
25712000,25708000,1.530149e-10,2.3262877e-05,0.014974164,5.5544177e-05,0.0072605642,0.00876773,663,0,0.17436828,0.33750677,0.0005615862,0.061938837,0.010199655,0.0014154917,0.0,0.0,0.0,0.0,1310988,1310988,6620172,197388,0,0,895,2,1,2,0,2,0,0,0,0,0,0,0
25916000,25912000,1.3160707e-10,2.1270429e-05,0.01466574,2.8547807e-05,0.0020805527,0.00679614,663,0,0.17483121,0.33909023,0.0008505246,0.03952192,0.010274122,0.0021948903,0.0,0.0,0.0,0.0,1310988,1310988,6620172,197388,0,0,895,2,1,2,0,2,0,0,0,0,0,0,0
26116000,26109000,1.558179e-10,2.5230507e-05,0.015086434,6.253359e-05,0.014255941,0.02597624,663,0,0.17434934,0.3385854,0.00029841502,0.077213906,0.010195698,0.0041274065,0.0,0.0,0.0,0.0,1310988,1310988,6620172,197388,0,0,895,2,1,2,0,2,0,0,0,0,0,0,0
26309000,26305000,2.4203653e-10,3.424494e-05,0.015671488,9.0724425e-05,0.013830323,0.0218892,663,0,0.17238104,0.33710754,0.00018892036,0.05629506,0.005355797,0.0032263766,0.0,0.0,0.0,0.0,1310988,1310988,6620172,197388,0,0,895,2,1,2,0,2,0,0,0,0,0,0,0
26516000,26509000,3.2960612e-10,4.1337735e-05,0.01493289,6.0368053e-05,0.008321967,0.011577146,663,0,0.17284551,0.3371434,5.8948546e-05,0.014672176,0.0010760386,0.0037080515,0.0,0.0,0.0,0.0,1310988,1310988,6620172,197388,0,0,895,2,1,2,0,2,0,0,0,0,0,0,0
26717000,26709000,2.8482688e-10,3.4353718e-05,0.015377435,0.00010656473,0.012472228,0.019136097,663,0,0.17318313,0.337182,0.00019728072,0.050347913,0.001430593,0.005099054,0.0,0.0,0.0,0.0,1310988,1310988,6620172,197388,0,0,895,2,1,2,0,2,0,0,0,0,0,0,0
26912000,26908000,3.0723288e-10,3.5669742e-05,0.01611123,0.00012369694,0.0119933495,0.016290512,663,0,0.17185517,0.3377867,0.00064438104,0.04941568,0.006376523,0.005869877,0.0,0.0,0.0,0.0,1310988,1310988,6620172,197388,0,0,895,2,1,2,0,2,0,0,0,0,0,0,0
27117000,27112000,2.6174413e-10,3.1237054e-05,0.015859637,7.420596e-05,0.009958426,0.019912485,663,0,0.1721277,0.3378171,0.0005548217,0.0762106,0.009990249,0.00067675055,0.0,0.0,0.0,0.0,1310988,1310988,6620172,197388,0,0,831,2,1,2,0,2,0,0,0,0,0,0,0
27317000,27312000,2.4265528e-10,2.8908833e-05,0.015791893,8.2566694e-05,0.007396068,0.016071197,663,0,0.17163433,0.3373454,0.0002845081,0.030404989,0.012283338,0.00019744341,0.0,0.0,0.0,0.0,1310988,1310988,6620172,197388,0,0,831,2,1,2,0,2,0,0,0,0,0,0,0
27512000,27508000,1.9567951e-10,2.5909798e-05,0.014077427,0.00019517932,0.010247946,0.017664209,663,0,0.1711296,0.3368711,0.0008223691,0.06411444,0.011584058,0.0015149099,0.0,0.0,0.0,0.0,1310988,1310988,6620172,197388,0,0,831,2,1,2,0,2,0,0,0,0,0,0,0
27716000,27712000,1.688033e-10,2.567299e-05,0.0133690955,0.00016249866,0.009730135,0.019695845,663,0,0.17062502,0.33640745,0.0014701451,0.031314883,0.009732541,0.0042787166,0.0,0.0,0.0,0.0,1310988,1310988,6620172,197388,0,0,831,2,1,2,0,2,0,0,0,0,0,0,0
27917000,27909000,1.5409142e-10,2.410344e-05,0.013865587,9.1767295e-05,0.01257122,0.029331934,663,0,0.17011982,0.3375124,0.0012835654,0.06631944,0.012361564,0.0042427983,0.0,0.0,0.0,0.0,1310988,1310988,6620172,197388,0,0,831,2,1,2,0,2,0,0,0,0,0,0,0
28108000,28104000,1.2230822e-10,2.2017055e-05,0.014411224,0.00028078753,0.00975307,0.018633602,663,0,0.16892107,0.33655488,0.0012532722,0.04312808,0.011704661,0.0030528454,0.0,0.0,0.0,0.0,1310988,1310988,6620172,197388,0,0,831,2,1,2,0,2,0,0,0,0,0,0,0
28316000,28309000,1.0629991e-10,2.4143512e-05,0.014760081,0.00041209604,0.013494382,0.019676972,663,0,0.16917762,0.33659008,0.0016673346,0.069210224,0.012200709,0.0011267527,0.0,0.0,0.0,0.0,1310988,1310988,6620172,197388,0,0,831,2,1,2,0,2,0,0,0,0,0,0,0
28512000,28508000,1.2875008e-10,2.5962468e-05,0.014058214,0.0005783913,0.01862297,0.027598191,663,0,0.16874005,0.33613196,0.0027716884,0.055640846,0.0066561294,0.0009724825,0.0,0.0,0.0,0.0,1310988,1310988,6620172,197388,0,0,831,2,1,2,0,2,0,0,0,0,0,0,0
28713000,28709000,1.186887e-10,2.778786e-05,0.0144974515,0.00028714738,0.00300904,0.004886998,663,0,0.16831097,0.33723825,0.0025472397,0.05544836,0.007144649,0.0006292076,0.0,0.0,0.0,0.0,1310988,1310988,6620172,197388,0,0,831,2,1,2,0,2,0,0,0,0,0,0,0
28913000,28909000,1.1949956e-10,2.4381212e-05,0.015104251,0.00060074206,0.014006688,0.023331651,663,0,0.16793896,0.33677864,0.0024329785,0.0737639,0.0070546125,0.0033338529,0.0,0.0,0.0,0.0,1310988,1310988,6620172,197388,0,0,831,2,1,2,0,2,0,0,0,0,0,0,0
29117000,29112000,1.5356409e-10,2.6609117e-05,0.014594059,0.0005337956,0.010237403,0.012707015,663,0,0.16761899,0.3363188,0.0032350046,0.071263574,0.0054646875,0.0011597415,0.0,0.0,0.0,0.0,1310988,1310988,6620172,197388,0,0,831,2,1,2,0,2,0,0,0,0,0,0,0
29308000,29301000,1.6240505e-10,2.5997026e-05,0.014606706,0.0006799436,0.012239412,0.015580755,663,0,0.16667324,0.3369417,0.0044718827,0.048591655,0.0016780223,0.0003347847,0.0,0.0,0.0,0.0,1310988,1310988,6620172,197388,0,0,831,2,1,2,0,2,0,0,0,0,0,0,0
29512000,29508000,1.385056e-10,2.2794431e-05,0.014001817,0.00056929904,0.0117780045,0.014577853,663,0,0.16713116,0.33698437,0.005324813,0.05893864,0.005730208,0.0013211287,0.0,0.0,0.0,0.0,1310988,1310988,6620172,197388,0,0,831,2,1,2,0,2,0,0,0,0,0,0,0
29716000,29709000,1.08160245e-10,1.8742136e-05,0.013502069,0.0004748378,0.008777287,0.00955643,663,0,0.16689926,0.33654457,0.0059982357,0.033429306,0.011973775,0.0004729933,0.0,0.0,0.0,0.0,1310988,1310988,6620172,197388,0,0,831,2,1,2,0,2,0,0,0,0,0,0,0
29916000,29912000,1.0237752e-09,3.8346196e-05,0.013779924,0.00047574044,0.011953841,0.022674551,663,0,0.16670896,0.33611247,0.0022478248,0.05740149,0.012897218,0.0004482828,0.0,0.0,0.0,0.0,1310988,1310988,6620172,197388,0,0,831,2,1,2,0,2,0,0,0,0,0,0,0
30117000,30109000,2.6214875e-09,8.7658686e-05,0.013552561,0.00101043,0.018613776,0.025999611,663,0,0.16651016,0.33568478,0.003251221,0.14639713,0.009917492,0.0035584837,0.0,0.0,0.0,0.0,1310988,1310988,6620172,197388,0,0,831,2,1,2,0,2,0,0,0,0,0,0,0
30316000,30309000,2.015832e-09,0.00011791872,0.014282577,0.0019082206,0.027832858,0.03201251,663,0,0.16639149,0.33526716,0.0051517156,0.12735616,0.011241252,0.00137674,0.0,0.0,0.0,0.0,1310988,1310988,6620172,197388,0,0,831,2,1,2,0,2,0,0,0,0,0,0,0
30516000,30512000,2.12687e-09,0.0001714454,0.014932429,0.0022072482,0.041550644,0.051421043,663,0,0.16625006,0.3364053,0.00362254,0.2061579,0.011960818,0.002353541,0.0,0.0,0.0,0.0,1310988,1310988,6620172,197388,0,0,831,2,1,2,0,2,0,0,0,0,0,0,0
30712000,30705000,2.4321276e-09,0.00022047233,0.016611373,0.003385216,0.056147404,0.06808792,663,0,0.16550374,0.33552045,0.0060419496,0.22505209,0.011864124,0.0031166396,0.0,0.0,0.0,0.0,1310988,1310988,6620172,197388,0,0,831,2,1,2,0,2,0,0,0,0,0,0,0
30917000,30909000,2.3827296e-09,0.00022736345,0.016792191,0.0017778035,0.038696438,0.04976742,663,0,0.16610147,0.33561006,0.0053457627,0.10228066,0.018473895,0.0034420937,0.0,0.0,0.0,0.0,1310988,1310988,6620172,197388,0,0,831,2,1,2,0,2,0,0,0,0,0,0,0
31117000,31112000,2.1523014e-09,0.00020835757,0.017836995,0.0029788977,0.053474832,0.06927042,663,0,0.16594094,0.33520275,0.004160086,0.22566447,0.026872125,2.7339931e-05,0.0,0.0,0.0,0.0,1310988,1310988,6620172,197388,0,0,831,2,1,2,0,2,0,0,0,0,0,0,0
31312000,31308000,2.5032705e-09,0.00018429282,0.017833719,0.0026288386,0.044697296,0.060818158,663,0,0.16580561,0.3348101,0.0035469744,0.15296859,0.02534474,0.00020374979,0.0,0.0,0.0,0.0,1310988,1310988,6620172,197388,0,0,831,2,1,2,0,2,0,0,0,0,0,0,0
31512000,31508000,1.885371e-09,0.00017126351,0.016999913,0.0013765441,0.026150892,0.03939991,663,0,0.16569814,0.3344271,0.0029737302,0.054352503,0.03217894,0.0024731988,0.0,0.0,0.0,0.0,1310988,1310988,6620172,197388,0,0,831,2,1,2,0,2,0,0,0,0,0,0,0
31709000,31705000,1.6256779e-09,0.00015053937,0.017097885,0.0011396843,0.017275857,0.028459111,663,0,0.16492866,0.33510333,0.002946611,0.06714747,0.029982885,0.0018840223,0.0,0.0,0.0,0.0,1310988,1310988,6620172,197388,0,0,831,2,1,2,0,2,0,0,0,0,0,0,0
31912000,31908000,2.4610738e-09,0.00020523375,0.018333593,0.0023523376,0.026817312,0.034263495,663,0,0.16485393,0.3347298,0.0043314993,0.13220802,0.032520488,0.0035182915,0.0,0.0,0.0,0.0,1310988,1310988,6620172,197388,0,0,831,2,1,2,0,2,0,0,0,0,0,0,0
32116000,32109000,3.4881962e-09,0.00018194814,0.016860856,0.0015897164,0.018326102,0.027713427,663,0,0.1654415,0.33483842,0.005767416,0.060093686,0.021903906,0.004067393,0.0,0.0,0.0,0.0,1310988,1310988,6620172,197388,0,0,831,2,1,2,0,2,0,0,0,0,0,0,0
32316000,32312000,3.9028034e-09,0.0001799653,0.017118922,0.00046546006,0.018478267,0.02887857,663,0,0.16530263,0.33445418,0.0050786026,0.062155508,0.01758358,0.0015011034,0.0,0.0,0.0,0.0,1310988,1310988,6620172,197388,0,0,831,2,1,2,0,2,0,0,0,0,0,0,0
32508000,32504000,3.6090606e-09,0.0001908713,0.017362243,0.0010591849,0.028074255,0.033572394,663,0,0.17163208,0.33710986,0.0047597215,0.13236763,0.014586564,0.0011853515,0.0,0.0,0.0,0.0,1310988,1310988,6620172,197388,0,0,831,2,1,2,0,2,0,0,0,0,0,0,0
32708000,32704000,3.0063247e-09,0.00016502764,0.017619075,0.0016969686,0.04418451,0.055108417,663,0,0.17151713,0.3367267,0.0027176861,0.15836212,0.013971228,0.0021830401,0.0,0.0,0.0,0.0,1310988,1310988,6620172,197388,0,0,831,2,1,2,0,2,0,0,0,0,0,0,0
32917000,32912000,3.5057086e-09,0.00016208406,0.017935343,0.0027179937,0.06917075,0.08874163,663,0,0.16503567,0.33486328,0.0010924399,0.18911354,0.010703159,0.0009985407,0.0,0.0,0.0,0.0,1310988,1310988,6620172,197388,0,0,831,2,1,2,0,2,0,0,0,0,0,0,0
33116000,33109000,4.0867945e-09,0.00025012222,0.018389964,0.0012927298,0.04714702,0.06598961,663,0,0.17212372,0.3364595,0.00076775014,0.10963718,0.013049626,0.004289618,0.0,0.0,0.0,0.0,1310988,1310988,6620172,197388,0,0,831,2,1,2,0,2,0,0,0,0,0,0,0
33316000,33312000,3.3661414e-09,0.00023847498,0.018233066,0.001388383,0.044901233,0.06515277,663,0,0.17195508,0.3360738,0.0013578704,0.12886624,0.021608869,0.0058791675,0.0,0.0,0.0,0.0,1310988,1310988,6620172,197388,0,0,831,2,1,2,0,2,0,0,0,0,0,0,0
33513000,33508000,2.8762723e-09,0.00028863622,0.016479298,0.0011906298,0.038389236,0.058445904,663,0,0.1717926,0.3372566,0.0047558793,0.07696057,0.02960834,0.004284549,0.0,0.0,0.0,0.0,1310988,1310988,6620172,197388,0,0,831,2,1,2,0,2,0,0,0,0,0,0,0
33712000,33705000,2.470101e-09,0.00026674176,0.015906971,0.00037611628,0.022700887,0.040002503,663,0,0.17086671,0.33638474,0.0024178107,0.040157687,0.032505322,0.0044678855,0.0,0.0,0.0,0.0,1310988,1310988,6620172,197388,0,0,831,2,1,2,0,2,0,0,0,0,0,0,0
33916000,33912000,2.1875781e-09,0.00031926588,0.016501239,0.0010078439,0.023783993,0.041288853,663,0,0.17149347,0.3365111,0.005758334,0.109887846,0.034134,0.0023898366,0.0,0.0,0.0,0.0,1310988,1310988,6620172,197388,0,0,831,2,1,2,0,2,0,0,0,0,0,0,0
34105000,34100000,1.994364e-09,0.00028068738,0.015280341,0.0011738985,0.024380099,0.038149863,663,0,0.17055576,0.33564523,0.003566216,0.09205435,0.030141639,0.0019515004,0.0,0.0,0.0,0.0,1310988,1310988,6620172,197388,0,0,831,2,1,2,0,2,0,0,0,0,0,0,0
34309000,34305000,3.5023333e-09,0.00027896345,0.016685136,0.0011147151,0.023290547,0.034875564,663,0,0.17037185,0.33527783,0.0039503044,0.100873254,0.026680682,0.0013750038,0.0,0.0,0.0,0.0,1310988,1310988,6620172,197388,0,0,831,2,1,2,0,2,0,0,0,0,0,0,0
34517000,34509000,3.736904e-09,0.000275026,0.016316988,0.0020881293,0.033139646,0.044554695,663,0,0.17094061,0.33541062,0.003852312,0.2349677,0.02891076,0.0014129701,0.0,0.0,0.0,0.0,1310988,1310988,6620172,197388,0,0,831,2,1,2,0,2,0,0,0,0,0,0,0
34717000,34712000,3.0942084e-09,0.0003859571,0.016820004,0.002079217,0.035983346,0.04863875,663,0,0.17079727,0.3366041,0.004112843,0.2227932,0.031423453,0.004249199,0.0,0.0,0.0,0.0,1310988,1310988,6620172,197388,0,0,831,2,1,2,0,2,0,0,0,0,0,0,0
34917000,34912000,2.2463793e-09,0.0003471977,0.016986795,0.00034508615,0.012369509,0.02033088,663,0,0.17056482,0.33623445,0.0044415565,0.023655605,0.027433323,0.005768068,0.0,0.0,0.0,0.0,1310988,1310988,6620172,197388,0,0,831,2,1,2,0,2,0,0,0,0,0,0,0
35105000,35097000,1.793102e-09,0.00029619035,0.017130455,0.0005921281,0.010709114,0.012103504,663,0,0.169646,0.33537164,0.003427518,0.06549671,0.02523252,0.0008319001,0.0,0.0,0.0,0.0,1310988,1310988,6620172,197388,0,0,831,2,1,2,0,2,0,0,0,0,0,0,0
35313000,35309000,2.9311824e-09,0.0002767978,0.01624167,0.0006902835,0.019969493,0.02530763,663,0,0.17018352,0.3354922,0.0016291143,0.07076468,0.023083827,0.004300957,0.0,0.0,0.0,0.0,1310988,1310988,6620172,197388,0,0,831,2,1,2,0,2,0,0,0,0,0,0,0
35516000,35509000,3.727115e-09,0.00025721564,0.016371507,0.0010226445,0.005579794,0.011557197,663,0,0.17002715,0.33667576,0.0025471696,0.13054481,0.024931006,0.0011942777,0.0,0.0,0.0,0.0,1310988,1310988,6620172,197388,0,0,831,2,1,2,0,2,0,0,0,0,0,0,0
35713000,35708000,3.7548724e-09,0.00028629633,0.0163545,0.0011901172,0.014802727,0.027787397,663,0,0.16984122,0.33630323,0.005010991,0.077859804,0.02448574,0.0013157844,0.0,0.0,0.0,0.0,1310988,1310988,6620172,197388,0,0,831,2,1,2,0,2,0,0,0,0,0,0,0
35916000,35912000,4.339983e-09,0.00028069908,0.015846996,0.0018641065,0.02461586,0.033503514,663,0,0.16967542,0.33593893,0.004425157,0.20654725,0.028176231,0.0004463323,0.0,0.0,0.0,0.0,1310988,1310988,6620172,197388,0,0,831,2,1,2,0,2,0,0,0,0,0,0,0
36116000,36112000,3.5422627e-09,0.0002344463,0.016608305,0.0009190996,0.016947627,0.030235521,663,0,0.1694825,0.3355748,0.0034198815,0.070833065,0.02491545,0.0035403164,0.0,0.0,0.0,0.0,1310988,1310988,6620172,197388,0,0,831,2,1,2,0,2,0,0,0,0,0,0,0
36309000,36305000,3.165492e-09,0.0002147166,0.015774617,0.00017596381,0.013008717,0.028677404,663,0,0.16860434,0.33472884,0.003311074,0.064748555,0.022537367,0.0021639767,0.0,0.0,0.0,0.0,1310988,1310988,6620172,197388,0,0,831,2,1,2,0,2,0,0,0,0,0,0,0
36512000,36508000,2.7768263e-09,0.00023151445,0.017395772,0.00061139703,0.018790195,0.02351027,663,0,0.16855407,0.33592355,0.0034550063,0.07513737,0.02260805,0.0027800505,0.0,0.0,0.0,0.0,1310988,1310988,6620172,197388,0,0,831,2,1,2,0,2,0,0,0,0,0,0,0
36717000,36709000,2.7197746e-09,0.00024813478,0.01725189,0.00054771465,0.011247275,0.019203737,663,0,0.1691674,0.33454174,0.0049935747,0.06496622,0.023045853,0.0025222297,0.0,0.0,0.0,0.0,1310988,1310988,6620172,197388,0,0,831,2,1,2,0,2,0,0,0,0,0,0,0
36913000,36908000,3.0967657e-09,0.0002703956,0.016566208,0.00048314812,0.021251876,0.029134907,663,0,0.16902916,0.33573613,0.00391539,0.09308638,0.017467355,0.0005307484,0.0,0.0,0.0,0.0,1310988,1310988,6620172,197388,0,0,831,2,1,2,0,2,0,0,0,0,0,0,0
37117000,37109000,2.2554967e-09,0.00024125363,0.015478874,0.00023942321,0.014087899,0.021579253,663,0,0.16890295,0.33538985,0.0052269115,0.043543566,0.014038337,0.0011684508,0.0,0.0,0.0,0.0,1310988,1310988,6620172,197388,0,0,831,2,1,2,0,2,0,0,0,0,0,0,0
37317000,37312000,2.220716e-09,0.00031413077,0.017152105,0.0006829128,0.024221009,0.03488762,663,0,0.16879095,0.335033,0.0041191746,0.11465362,0.011539149,0.0028070924,0.0,0.0,0.0,0.0,1310988,1310988,6620172,197388,0,0,831,2,1,2,0,2,0,0,0,0,0,0,0
37505000,37500000,3.143213e-09,0.00034415818,0.018137336,0.0032237312,0.067695834,0.086921625,663,0,0.16795027,0.33573994,0.0012417693,0.39512607,0.009796777,0.0021089169,0.0,0.0,0.0,0.0,1310988,1310988,6620172,197388,0,0,831,2,1,2,0,2,0,0,0,0,0,0,0
37716000,37712000,2.7521787e-09,0.00028893093,0.018175485,0.0032696242,0.08120178,0.106400125,663,0,0.16848384,0.33586773,0.00021470222,0.35974166,0.020529369,0.0005489732,0.0,0.0,0.0,0.0,1310988,1310988,6620172,197388,0,0,831,2,1,2,0,2,0,0,0,0,0,0,0
37916000,37909000,3.051646e-09,0.00035108253,0.01891143,0.003959582,0.1000867,0.13295555,663,0,0.16759542,0.33500376,0.0018076539,0.39003712,0.02970729,1.7358783e-05,0.0,0.0,0.0,0.0,1310988,1310988,6620172,197388,0,0,831,2,1,2,0,2,0,0,0,0,0,0,0
38116000,38109000,2.686063e-09,0.00034612365,0.018778779,0.0029972792,0.08287369,0.11798566,663,0,0.16752186,0.33465654,0.0027520964,0.23918998,0.036940955,0.0038973012,0.0,0.0,0.0,0.0,1310988,1310988,6620172,197388,0,0,831,2,1,2,0,2,0,0,0,0,0,0,0
38317000,38309000,5.4520912e-09,0.00036926373,0.017768731,0.002378687,0.06632656,0.09849456,663,0,0.16814858,0.3347992,0.005577037,0.2721175,0.04208323,0.0045620697,0.0,0.0,0.0,0.0,1310988,1310988,6620172,197388,0,0,831,2,1,2,0,2,0,0,0,0,0,0,0
38501000,38497000,5.9418e-09,0.00034709825,0.01721849,0.0033091062,0.07399461,0.10610615,663,0,0.16724974,0.335492,0.006569492,0.33053818,0.05076551,0.0056609907,0.0,0.0,0.0,0.0,1310988,1310988,6620172,197388,0,0,831,2,1,2,0,2,0,0,0,0,0,0,0
38716000,38709000,4.8628235e-09,0.00038638397,0.017177636,0.002153594,0.048266385,0.0746293,663,0,0.16775607,0.3356272,0.008939047,0.11347497,0.053401764,0.0061477534,0.0,0.0,0.0,0.0,1310988,1310988,6620172,197388,0,0,831,2,1,2,0,2,0,0,0,0,0,0,0
38909000,38905000,3.4876873e-09,0.00032385808,0.017278206,0.0012467224,0.028971834,0.052107297,663,0,0.16690306,0.33478934,0.0075574857,0.10678464,0.05537059,0.00022045785,0.0,0.0,0.0,0.0,1310988,1310988,6620172,197388,0,0,831,2,1,2,0,2,0,0,0,0,0,0,0
39112000,39108000,3.3131367e-09,0.0003137043,0.018213542,0.0011858719,0.013927377,0.028346358,663,0,0.1675041,0.33493584,0.008488121,0.109822415,0.055187162,0.0010476186,0.0,0.0,0.0,0.0,1310988,1310988,6620172,197388,0,0,831,2,1,2,0,2,0,0,0,0,0,0,0
39317000,39312000,2.8122678e-09,0.0002883327,0.018191362,0.0012024991,0.01165234,0.023871189,663,0,0.16737312,0.33611634,0.009485154,0.09529985,0.055901174,0.0043404265,0.0,0.0,0.0,0.0,1310988,1310988,6620172,197388,0,0,831,2,1,2,0,2,0,0,0,0,0,0,0
39512000,39508000,2.2294653e-09,0.0002980749,0.019168066,0.00060839864,0.008020453,0.008926154,663,0,0.16657571,0.33526888,0.010653688,0.05152677,0.051390518,0.006513358,0.0,0.0,0.0,0.0,1310988,1310988,6620172,197388,0,0,831,2,1,2,0,2,0,0,0,0,0,0,0
39712000,39708000,2.3801687e-09,0.0002821676,0.019725997,0.000268972,0.020617723,0.02472233,663,0,0.16648066,0.33492553,0.009702957,0.046277534,0.03825832,0.0067715487,0.0,0.0,0.0,0.0,1310988,1310988,6620172,197388,0,0,831,2,1,2,0,2,0,0,0,0,0,0,0
39917000,39909000,2.6515292e-09,0.0003282464,0.01952926,0.0006383513,0.03603991,0.046625618,663,0,0.16708235,0.3350662,0.009322335,0.117921434,0.022201395,0.0056182356,0.0,0.0,0.0,0.0,1310988,1310988,6620172,197388,0,0,831,2,1,2,0,2,0,0,0,0,0,0,0
40116000,40112000,4.9942597e-09,0.00039219778,0.019619893,0.0015131427,0.0562618,0.0757719,663,0,0.16632088,0.3357591,0.006863918,0.16719031,0.009636412,0.005531833,0.0,0.0,0.0,0.0,1310988,1310988,6620172,197388,0,0,831,2,1,2,0,2,0,0,0,0,0,0,0
40317000,40312000,7.210166e-08,0.00043225673,0.019575188,0.0018806335,0.06898692,0.09459973,663,0,0.16626504,0.3354108,0.011470493,0.22200747,0.011245074,0.0013585073,0.0,0.0,0.0,0.0,1310988,1310988,6620172,197388,0,0,831,2,1,2,0,2,0,0,0,0,0,0,0
40513000,40509000,1.3008874e-07,0.00053357193,0.019561367,0.0025321739,0.083486,0.1157598,663,0,0.16611803,0.3350592,0.0018459444,0.2816309,0.014201746,0.0017526067,0.0,0.0,0.0,0.0,1310988,1310988,6620172,197388,0,0,831,2,1,2,0,2,0,0,0,0,0,0,0
40713000,40708000,1.1878725e-07,0.00045599302,0.017798755,0.0021811463,0.077949174,0.11263807,663,0,0.16666336,0.3351944,0.0073439195,0.23453194,0.015323319,0.01078329,0.0,0.0,0.0,0.0,1310988,1310988,6620172,197388,0,0,831,2,1,2,0,2,0,0,0,0,0,0,0
40913000,40908000,1.6830339e-07,0.00052835833,0.018499145,0.0016572481,0.068062216,0.10141014,663,0,0.16646731,0.33483043,0.009346814,0.19940348,0.020576356,0.018613478,0.0,0.0,0.0,0.0,1310988,1310988,6620172,197388,0,0,831,2,1,2,0,2,0,0,0,0,0,0,0
41105000,41100000,1.519591e-07,0.00048258927,0.01822245,0.0008113783,0.045107327,0.07235477,663,0,0.16563617,0.33399063,0.008610819,0.065679245,0.018136999,0.00824641,0.0,0.0,0.0,0.0,1310988,1310988,6620172,197388,0,0,831,2,1,2,0,2,0,0,0,0,0,0,0
41317000,41309000,1.105173e-07,0.00040552093,0.017734967,0.0009858548,0.03678383,0.059056178,663,0,0.1661073,0.33412424,0.008849218,0.11030969,0.024367645,0.0069455416,0.0,0.0,0.0,0.0,1310988,1310988,6620172,197388,0,0,831,2,1,2,0,2,0,0,0,0,0,0,0
41512000,41508000,7.6609105e-08,0.00032577408,0.017979939,0.0009852624,0.03026441,0.047217313,663,0,0.16593394,0.3353165,0.006124552,0.27474633,0.024855394,0.005286282,0.0,0.0,0.0,0.0,1310988,1310988,6620172,197388,0,0,831,2,1,2,0,2,0,0,0,0,0,0,0
41716000,41712000,5.1566555e-08,0.00024642423,0.01836855,0.0014025429,0.030618135,0.04428843,663,0,0.1658834,0.33495468,0.0058858925,0.10099802,0.02453485,0.0079460945,0.0,0.0,0.0,0.0,1310988,1310988,6620172,197388,0,0,831,2,1,2,0,2,0,0,0,0,0,0,0
41917000,41912000,3.616613e-08,0.00018929939,0.01942324,0.0021899631,0.044627767,0.06232648,663,0,0.16518286,0.3341057,0.003157181,0.13103695,0.029476268,0.00538656,0.0,0.0,0.0,0.0,1310988,1310988,6620172,197388,0,0,831,2,1,2,0,2,0,0,0,0,0,0,0
42116000,42112000,2.4605116e-08,0.00013922738,0.019516012,0.0026492295,0.053021662,0.06986113,663,0,0.16600303,0.33417368,0.0025954358,0.1675382,0.028774556,0.0017814846,0.0,0.0,0.0,0.0,1310988,1310988,6620172,197388,0,0,831,2,1,2,0,2,0,0,0,0,0,0,0
42313000,42309000,1.6567904e-08,9.85025e-05,0.018404668,0.002325061,0.049983133,0.057736702,663,0,0.16605239,0.33527765,0.0016400574,0.13009137,0.030038953,0.004465522,0.0,0.0,0.0,0.0,1310988,1310988,6620172,197388,0,0,831,2,1,2,0,2,0,0,0,0,0,0,0
42516000,42512000,1.0872791e-08,6.732677e-05,0.017464045,0.001784464,0.039049637,0.04244079,663,0,0.16613644,0.33482042,0.001967542,0.07408437,0.028685108,0.003618591,0.0,0.0,0.0,0.0,1310988,1310988,6620172,197388,0,0,831,2,1,2,0,2,0,0,0,0,0,0,0
42713000,42708000,7.4262396e-09,4.7727433e-05,0.017565481,0.00056650507,0.015295625,0.023920706,663,0,0.16621783,0.33435512,0.0008952482,0.04330539,0.024555903,0.0037395002,0.0,0.0,0.0,0.0,1310988,1310988,6620172,197388,0,0,831,2,1,2,0,2,0,0,0,0,0,0,0
42913000,42908000,5.0723155e-09,3.408435e-05,0.01774159,0.00024452576,0.0113862865,0.0129145235,1049111,0,0.17422512,0.33550856,0.00035193784,0.022601692,0.023425873,1.1754944e-38,0.0,0.0,0.0,0.0,1310988,1310988,6620172,197388,0,0,895,2,1,2,0,2,0,0,0,0,0,0,0
43117000,43109000,3.3262886e-09,2.439083e-05,0.017108442,0.00036690256,0.009561683,0.011731531,1049111,0,0.17415942,0.3349837,0.00051429454,0.0675153,0.020987595,1.1754944e-38,0.0,0.0,0.0,0.0,1310988,1310988,6620172,197388,0,0,895,2,1,2,0,2,0,0,0,0,0,0,0
43317000,43312000,2.2488142e-09,1.7894105e-05,0.017227693,0.0009498501,0.006436991,0.009493172,1049111,0,0.17407356,0.3344517,0.0006978472,0.07855197,0.021165324,1.1754944e-38,0.0,0.0,0.0,0.0,1310988,1310988,6620172,197388,0,0,895,2,1,2,0,2,0,0,0,0,0,0,0
43517000,43512000,1.5661045e-09,1.3556879e-05,0.018908577,0.0006068247,0.0068176175,0.016657759,1049111,0,0.17315252,0.33502448,0.0012887856,0.03212465,0.017829841,1.1754944e-38,0.0,0.0,0.0,0.0,1310988,1310988,6620172,197388,0,0,895,2,1,2,0,2,0,0,0,0,0,0,0
43713000,43705000,1.1016729e-09,1.0144677e-05,0.019653386,0.0003163766,0.0148624685,0.024753766,1049111,0,0.17236683,0.33408183,0.002311192,0.052342992,0.01552637,1.1754944e-38,0.0,0.0,0.0,0.0,1310988,1310988,6620172,197388,0,0,895,2,1,2,0,2,0,0,0,0,0,0,0
43917000,43912000,7.672199e-10,7.2255853e-06,0.01979876,0.00081146456,0.030487375,0.037290774,1049111,0,0.1731203,0.33401784,0.0020861086,0.110812634,0.010323308,1.1754944e-38,0.0,0.0,0.0,0.0,1310988,1310988,6620172,197388,0,0,895,2,1,2,0,2,0,0,0,0,0,0,0
44113000,44108000,5.184329e-10,4.882539e-06,0.019177504,0.0015950518,0.050497204,0.05958579,1049111,0,0.172969,0.33351457,0.0014340715,0.17138356,0.011096237,1.1754944e-38,0.0,0.0,0.0,0.0,1310988,1310988,6620172,197388,0,0,895,2,1,2,0,2,0,0,0,0,0,0,0
44316000,44312000,3.4334893e-10,3.2336193e-06,0.01811308,0.0010680449,0.046255913,0.060091477,1049111,0,0.17354977,0.33344635,0.0003260165,0.07486917,0.011509647,1.1754944e-38,0.0,0.0,0.0,0.0,1310988,1310988,6620172,197388,0,0,895,2,1,2,0,2,0,0,0,0,0,0,0
44512000,44508000,2.3201091e-10,2.1850512e-06,0.017556727,0.0011044559,0.045778036,0.061595332,1049111,0,0.17321561,0.33446124,0.0003501712,0.11983305,0.0131081315,0.0003482777,0.0,0.0,0.0,0.0,1310988,1310988,6620172,197388,0,0,895,2,1,2,0,2,0,0,0,0,0,0,0
44709000,44704000,1.5677659e-10,1.476503e-06,0.017468305,0.00016847956,0.024706548,0.038983382,1049111,0,0.17212296,0.33351922,0.00055636687,0.020372586,0.009064531,1.1754944e-38,0.0,0.0,0.0,0.0,1310988,1310988,6620172,197388,0,0,895,2,1,2,0,2,0,0,0,0,0,0,0
44916000,44909000,1.0593855e-10,9.977163e-07,0.016492166,0.00017335304,0.017839493,0.030350009,1049111,0,0.17256771,0.33346155,0.000861969,0.07969506,0.006571459,1.1754944e-38,0.0,0.0,0.0,0.0,1310988,1310988,6620172,197388,0,0,895,2,1,2,0,2,0,0,0,0,0,0,0
45113000,45108000,6.945961e-11,6.541623e-07,0.01581375,0.0005549596,0.020000951,0.03109291,1049111,0,0.17226586,0.33298096,0.0010305867,0.051095072,0.0043199034,1.1754944e-38,0.0,0.0,0.0,0.0,1310988,1310988,6620172,197388,0,0,895,2,1,2,0,2,0,0,0,0,0,0,0
45308000,45304000,4.8372608e-11,4.5556735e-07,0.016184958,0.0002940662,0.0017038854,0.0046707783,1049111,0,0.17123342,0.33359823,0.0010911324,0.060712956,0.009337728,1.1754944e-38,0.0,0.0,0.0,0.0,1310988,1310988,6620172,197388,0,0,895,2,1,2,0,2,0,0,0,0,0,0,0
45509000,45505000,3.2036325e-11,3.017142e-07,0.016114067,0.00021839647,0.0059544723,0.010220767,1049111,0,0.17098428,0.33315665,0.0006870655,0.030988745,0.008548862,1.1754944e-38,0.0,0.0,0.0,0.0,1310988,1310988,6620172,197388,0,0,895,2,1,2,0,2,0,0,0,0,0,0,0
45712000,45708000,2.143141e-11,2.0183833e-07,0.01617436,0.00046616865,0.0108935665,0.013238226,1049111,0,0.17140058,0.33316907,0.00015335034,0.08181307,0.0091680465,1.1754944e-38,0.0,0.0,0.0,0.0,1310988,1310988,6620172,197388,0,0,895,2,1,2,0,2,0,0,0,0,0,0,0
